SampleIndex,Timestamp,Temp,pH,Volt,EC,Weight,Weightloss,R,G,B,C,RelayStatus
0,2026-05-21 10:24:18.452,29.0,1.60,4.609,1377,195.58,0.12,1626,2555,1902,6544,ON
1,2026-05-21 10:24:18.952,28.9,1.63,4.605,1377,195.50,0.20,1617,2543,1893,6607,ON
2,2026-05-21 10:24:19.452,28.9,1.66,4.615,1377,195.41,0.29,1615,2542,1893,6601,ON
3,2026-05-21 10:24:19.952,28.9,1.66,4.619,1372,195.32,0.38,1616,2544,1894,6612,ON
4,2026-05-21 10:24:20.452,28.9,1.65,4.600,1358,195.23,0.48,1610,2535,1888,6428,ON
5,2026-05-21 10:24:20.952,28.9,1.69,4.595,1337,195.15,0.56,1594,2511,1872,6395,ON
6,2026-05-21 10:24:21.452,28.9,1.72,4.604,1309,195.07,0.64,1586,2500,1864,6429,ON
7,2026-05-21 10:24:21.952,29.0,1.74,4.599,1276,194.98,0.73,1591,2506,1869,6507,ON
8,2026-05-21 10:24:22.452,29.0,1.82,4.573,1246,194.89,0.81,1604,2525,1882,6630,ON
9,2026-05-21 10:24:22.952,29.0,1.86,4.582,1221,194.81,0.90,1618,2546,1897,6634,ON
10,2026-05-21 10:24:23.452,29.0,1.89,4.561,1204,194.72,0.99,1617,2544,1895,6535,ON
11,2026-05-21 10:24:23.952,29.0,1.94,4.568,1194,194.63,1.08,1599,2521,1879,6417,ON
12,2026-05-21 10:24:24.452,29.0,1.96,4.562,1189,194.54,1.16,1585,2501,1866,6477,ON
13,2026-05-21 10:24:24.952,29.0,1.98,4.566,1191,194.46,1.24,1589,2507,1870,6625,ON
14,2026-05-21 10:24:25.452,29.0,2.01,4.542,1196,194.37,1.33,1608,2535,1881,6646,ON
15,2026-05-21 10:24:25.952,29.1,2.07,4.548,1205,194.29,1.42,1617,2546,1888,6449,ON
16,2026-05-21 10:24:26.452,29.1,2.10,4.534,1218,194.18,1.52,1602,2525,1878,6452,ON
17,2026-05-21 10:24:26.952,29.1,2.15,4.527,1235,194.10,1.61,1593,2511,1870,6360,ON
18,2026-05-21 10:24:27.452,29.1,2.19,4.534,1259,194.01,1.70,1591,2505,1867,6472,ON
19,2026-05-21 10:24:27.952,29.1,2.21,4.538,1289,193.92,1.78,1608,2530,1885,6658,ON
20,2026-05-21 10:24:28.452,29.1,2.22,4.532,1321,193.83,1.87,1623,2555,1902,6654,ON
21,2026-05-21 10:24:28.952,29.1,2.23,4.535,1357,193.75,1.95,1625,2558,1904,6550,ON
22,2026-05-21 10:24:29.452,29.1,2.25,4.529,1396,193.66,2.04,1615,2542,1893,6529,ON
23,2026-05-21 10:24:29.952,29.1,2.27,4.541,1432,193.57,2.13,1602,2522,1880,6488,ON
24,2026-05-21 10:24:30.452,29.1,2.25,4.502,1467,193.49,2.21,1589,2501,1866,6428,ON
25,2026-05-21 10:24:30.952,29.1,2.28,4.528,1501,193.40,2.30,1591,2503,1867,6539,ON
26,2026-05-21 10:24:31.452,29.1,2.31,4.522,1533,193.32,2.39,1601,2521,1879,6580,ON
27,2026-05-21 10:24:31.952,29.2,2.34,4.511,1569,193.24,2.47,1610,2536,1890,6548,ON
28,2026-05-21 10:24:32.452,29.2,2.38,4.501,1569,193.14,2.56,1613,2540,1892,6536,ON
29,2026-05-21 10:24:32.952,29.2,2.43,4.502,1569,193.06,2.64,1610,2535,1888,6538,ON
30,2026-05-21 10:24:33.452,29.2,2.43,4.522,1569,192.97,2.73,1605,2527,1883,6490,ON
31,2026-05-21 10:24:33.952,29.2,2.43,4.508,1569,192.89,2.82,1598,2517,1876,6508,ON
32,2026-05-21 10:24:34.452,29.2,2.46,4.497,1569,192.80,2.91,1597,2513,1873,6528,ON
33,2026-05-21 10:24:34.952,29.2,2.50,4.500,1957,192.71,2.99,1601,2519,1877,6608,ON
34,2026-05-21 10:24:35.452,29.2,2.52,4.487,1957,192.62,3.08,1616,2540,1892,6659,ON
35,2026-05-21 10:24:35.952,29.2,2.56,4.490,1963,192.53,3.17,1622,2550,1898,6518,ON
36,2026-05-21 10:24:36.452,29.2,2.58,4.487,1983,192.45,3.26,1614,2539,1891,6382,ON
37,2026-05-21 10:24:36.952,29.2,2.61,4.494,2013,192.36,3.34,1593,2509,1870,6286,ON
38,2026-05-21 10:24:37.452,29.3,2.60,4.499,2054,192.28,3.43,1589,2500,1864,6432,ON
39,2026-05-21 10:24:37.952,29.3,2.61,4.477,2096,192.19,3.51,1598,2514,1875,6645,ON
40,2026-05-21 10:24:38.452,29.3,2.65,4.487,2139,192.11,3.60,1615,2541,1893,6683,ON
41,2026-05-21 10:24:38.952,29.3,2.64,4.477,2182,192.01,3.69,1622,2551,1900,6611,ON
42,2026-05-21 10:24:39.452,29.3,2.65,4.474,2222,191.93,3.77,1618,2548,1898,6588,ON
43,2026-05-21 10:24:39.952,29.3,2.67,4.459,2267,191.84,3.86,1611,2536,1890,6558,ON
44,2026-05-21 10:24:40.452,29.3,2.71,4.458,2314,191.76,3.95,1603,2521,1880,6491,ON
45,2026-05-21 10:24:40.952,29.3,2.73,4.468,2358,191.67,4.03,1598,2514,1876,6469,ON
46,2026-05-21 10:24:41.452,29.3,2.73,4.469,2398,191.59,4.12,1598,2515,1876,6468,ON
47,2026-05-21 10:24:41.952,29.4,2.75,4.462,2438,191.50,4.21,1606,2528,1884,6569,ON
48,2026-05-21 10:24:42.452,29.4,2.78,4.461,2481,191.42,4.28,1613,2540,1893,6496,ON
49,2026-05-21 10:24:42.952,29.4,2.78,4.481,2526,191.32,4.38,1616,2543,1895,6559,ON
50,2026-05-21 10:24:43.452,29.4,2.74,4.454,2572,191.24,4.46,1610,2534,1889,6471,ON
51,2026-05-21 10:24:43.952,29.4,2.78,4.460,2618,191.15,4.56,1603,2523,1881,6560,ON
52,2026-05-21 10:24:44.452,29.4,2.80,4.462,2661,191.06,4.64,1610,2541,1893,6530,ON
53,2026-05-21 10:24:44.952,29.4,2.85,4.447,2709,190.98,4.73,1612,2557,1904,6653,ON
54,2026-05-21 10:24:45.452,29.4,2.88,4.451,2754,190.89,4.82,1616,2558,1904,6598,ON
55,2026-05-21 10:24:45.952,29.4,2.88,4.448,2797,190.80,4.90,1617,2551,1900,6707,ON
56,2026-05-21 10:24:46.452,29.5,2.90,4.452,2840,190.72,4.99,1610,2536,1890,6654,ON
57,2026-05-21 10:24:46.952,29.5,2.91,4.456,2877,190.63,5.07,1603,2521,1880,6498,ON
58,2026-05-21 10:24:47.452,29.5,2.93,4.441,2918,190.54,5.16,1601,2518,1877,6507,ON
59,2026-05-21 10:24:47.952,29.5,2.95,4.443,2962,190.45,5.25,1603,2521,1879,6453,ON
60,2026-05-21 10:24:48.452,29.5,2.96,4.441,3008,190.37,5.33,1613,2536,1889,6594,ON
61,2026-05-21 10:24:48.952,29.5,2.97,4.430,3055,190.28,5.42,1623,2550,1899,6611,ON
62,2026-05-21 10:24:49.452,29.5,2.98,4.448,3106,190.20,5.50,1626,2553,1901,6675,ON
63,2026-05-21 10:24:49.952,29.5,2.96,4.443,3155,190.11,5.59,1621,2547,1898,6555,ON
64,2026-05-21 10:24:50.452,29.5,2.96,4.451,3201,190.03,5.68,1609,2529,1886,6463,ON
65,2026-05-21 10:24:50.952,29.6,2.96,4.452,3244,189.94,5.77,1601,2518,1878,6504,ON
66,2026-05-21 10:24:51.452,29.6,2.99,4.430,3286,189.85,5.85,1601,2517,1877,6663,ON
67,2026-05-21 10:24:51.952,29.6,3.03,4.428,3329,189.76,5.94,1623,2552,1902,6708,ON
68,2026-05-21 10:24:52.452,29.6,3.05,4.443,3375,189.67,6.03,1637,2573,1916,6619,ON
69,2026-05-21 10:24:52.952,29.6,3.03,4.420,3424,189.57,6.14,1636,2571,1915,6504,ON
70,2026-05-21 10:24:53.452,29.6,3.05,4.433,3474,189.49,6.22,1618,2542,1894,6484,ON
71,2026-05-21 10:24:53.952,29.6,3.07,4.413,3521,189.40,6.30,1607,2525,1883,6474,ON
72,2026-05-21 10:24:54.452,29.6,3.10,4.432,3566,189.31,6.39,1609,2528,1885,6645,ON
73,2026-05-21 10:24:54.952,29.6,3.10,4.431,3611,189.23,6.48,1619,2544,1897,6718,ON
74,2026-05-21 10:24:55.452,29.6,3.12,4.422,3654,189.14,6.57,1623,2551,1901,6628,ON
75,2026-05-21 10:24:55.952,29.7,3.12,4.423,3697,189.06,6.65,1624,2551,1901,6640,ON
76,2026-05-21 10:24:56.452,29.7,3.12,4.423,3736,188.97,6.73,1626,2552,1901,6525,ON
77,2026-05-21 10:24:56.952,29.7,3.13,4.422,3774,188.88,6.82,1618,2540,1890,6541,ON
78,2026-05-21 10:24:57.452,29.7,3.13,4.417,3813,188.80,6.91,1613,2535,1888,6480,ON
79,2026-05-21 10:24:57.952,29.7,3.14,4.417,3853,188.71,7.00,1614,2537,1891,6560,ON
80,2026-05-21 10:24:58.452,29.7,3.17,4.414,3891,188.62,7.08,1621,2546,1897,6625,ON
81,2026-05-21 10:24:58.952,29.7,3.17,4.421,3929,188.53,7.17,1626,2552,1900,6617,ON
82,2026-05-21 10:24:59.452,29.7,3.16,4.410,3967,188.44,7.26,1629,2556,1890,6679,ON
83,2026-05-21 10:24:59.952,29.7,3.16,4.427,4011,188.36,7.34,1633,2564,1898,6675,ON
84,2026-05-21 10:25:00.452,29.7,3.16,4.420,4057,188.27,7.43,1618,2540,1888,6516,ON
85,2026-05-21 10:25:00.952,29.8,3.19,4.403,4099,188.18,7.52,1608,2525,1881,6652,ON
86,2026-05-21 10:25:01.452,29.8,3.22,4.402,4136,188.10,7.60,1621,2544,1895,6676,ON
87,2026-05-21 10:25:01.952,29.8,3.20,4.410,4170,188.02,7.69,1632,2563,1908,6669,ON
88,2026-05-21 10:25:02.452,29.8,3.22,4.388,4207,187.93,7.77,1638,2571,1914,6627,ON
89,2026-05-21 10:25:02.952,29.8,3.27,4.417,4251,187.84,7.86,1638,2571,1915,6485,ON
90,2026-05-21 10:25:03.452,29.8,3.26,4.407,4297,187.75,7.95,1619,2542,1900,6459,ON
91,2026-05-21 10:25:03.952,29.8,3.26,4.417,4335,187.67,8.03,1619,2540,1901,6575,ON
92,2026-05-21 10:25:04.452,29.8,3.26,4.391,4371,187.58,8.12,1626,2548,1903,6636,ON
93,2026-05-21 10:25:04.952,29.8,3.27,4.402,4405,187.49,8.21,1634,2561,1910,6678,ON
94,2026-05-21 10:25:05.452,29.8,3.28,4.399,4438,187.41,8.29,1639,2569,1915,6689,ON
95,2026-05-21 10:25:05.952,29.9,3.29,4.399,4476,187.32,8.38,1629,2555,1905,6581,ON
96,2026-05-21 10:25:06.452,29.9,3.30,4.402,4517,187.23,8.47,1619,2533,1889,6523,ON
97,2026-05-21 10:25:06.952,29.9,3.31,4.397,4562,187.15,8.56,1611,2524,1883,6605,ON
98,2026-05-21 10:25:07.452,29.9,3.33,4.377,4604,187.06,8.64,1621,2541,1894,6703,ON
99,2026-05-21 10:25:07.952,29.9,3.34,4.410,4645,186.97,8.73,1637,2567,1913,6724,ON
100,2026-05-21 10:25:08.452,29.9,3.31,4.389,4692,186.89,8.82,1647,2583,1924,6632,ON
101,2026-05-21 10:25:08.952,29.9,3.32,4.390,4741,186.81,8.90,1643,2577,1920,6489,ON
102,2026-05-21 10:25:09.452,29.9,3.34,4.387,4787,186.71,8.99,1622,2541,1895,6480,ON
103,2026-05-21 10:25:09.952,29.9,3.35,4.385,4829,186.63,9.07,1615,2528,1885,6532,ON
104,2026-05-21 10:25:10.452,29.9,3.35,4.412,4870,186.54,9.16,1620,2539,1894,6626,ON
105,2026-05-21 10:25:10.952,30.0,3.36,4.388,4910,186.46,9.25,1628,2553,1904,6758,ON
106,2026-05-21 10:25:11.452,30.0,3.36,4.397,4948,186.36,9.34,1642,2575,1918,6757,ON
107,2026-05-21 10:25:11.952,30.0,3.34,4.371,4983,186.27,9.43,1644,2577,1920,6686,ON
108,2026-05-21 10:25:12.452,30.0,3.34,4.393,5018,186.19,9.51,1638,2569,1914,6610,ON
109,2026-05-21 10:25:12.952,30.0,3.32,4.401,5050,186.10,9.61,1632,2560,1908,6599,ON
110,2026-05-21 10:25:13.452,30.0,3.31,4.401,5085,186.02,9.69,1625,2549,1901,6591,ON
111,2026-05-21 10:25:13.952,30.0,3.34,4.376,5120,185.93,9.77,1630,2559,1907,6680,ON
112,2026-05-21 10:25:14.452,30.0,3.39,4.377,5156,185.85,9.85,1638,2572,1916,6575,ON
113,2026-05-21 10:25:14.952,30.1,3.38,4.399,5192,185.76,9.95,1636,2568,1913,6560,ON
114,2026-05-21 10:25:15.452,30.1,3.36,4.394,5226,185.67,10.03,1637,2566,1911,6617,ON
115,2026-05-21 10:25:15.952,30.1,3.37,4.380,5259,185.59,10.12,1636,2564,1910,6588,ON
116,2026-05-21 10:25:16.452,30.1,3.39,4.384,5294,185.50,10.21,1631,2554,1903,6649,ON
117,2026-05-21 10:25:16.952,30.1,3.42,4.374,5328,185.42,10.29,1625,2547,1899,6590,ON
118,2026-05-21 10:25:17.452,30.1,3.45,4.367,5367,185.33,10.37,1622,2545,1898,6756,ON
119,2026-05-21 10:25:17.952,30.1,3.46,4.376,5407,185.24,10.46,1632,2557,1908,6709,ON
120,2026-05-21 10:25:18.452,30.1,3.46,4.366,5444,185.15,10.55,1633,2559,1908,6663,ON
121,2026-05-21 10:25:18.952,30.1,3.49,4.381,5479,185.07,10.64,1624,2546,1899,6553,ON
122,2026-05-21 10:25:19.452,30.1,3.47,4.389,5516,184.99,10.72,1621,2543,1898,6593,ON
123,2026-05-21 10:25:19.952,30.1,3.47,4.373,5554,184.89,10.81,1627,2553,1904,6634,ON
124,2026-05-21 10:25:20.452,30.1,3.47,4.381,5598,184.81,10.90,1635,2566,1913,6624,ON
125,2026-05-21 10:25:20.952,30.1,3.47,4.356,5641,184.70,11.00,1640,2570,1915,6627,ON
126,2026-05-21 10:25:21.452,30.2,3.50,4.364,5682,184.61,11.09,1646,2576,1919,6668,ON
127,2026-05-21 10:25:21.952,30.2,3.52,4.382,5720,184.53,11.17,1648,2576,1919,6696,ON
128,2026-05-21 10:25:22.452,30.2,3.49,4.374,5757,184.45,11.26,1648,2577,1920,6739,ON
129,2026-05-21 10:25:22.952,30.2,3.49,4.373,5793,184.36,11.34,1637,2564,1912,6597,ON
130,2026-05-21 10:25:23.452,30.2,3.50,4.373,5828,184.27,11.43,1629,2553,1905,6638,ON
131,2026-05-21 10:25:23.952,30.2,3.50,4.371,5864,184.18,11.52,1631,2556,1907,6683,ON
132,2026-05-21 10:25:24.452,30.2,3.52,4.359,5904,184.11,11.60,1643,2572,1917,6728,ON
133,2026-05-21 10:25:24.952,30.2,3.54,4.361,5940,184.01,11.69,1651,2586,1926,6639,ON
134,2026-05-21 10:25:25.452,30.2,3.56,4.349,5974,183.93,11.78,1648,2580,1922,6565,ON
135,2026-05-21 10:25:25.952,30.2,3.57,4.363,6011,183.84,11.86,1637,2565,1912,6572,ON
136,2026-05-21 10:25:26.452,30.3,3.56,4.369,6048,183.76,11.95,1630,2552,1903,6598,ON
137,2026-05-21 10:25:26.952,30.3,3.56,4.342,6083,183.67,12.04,1628,2550,1902,6652,ON
138,2026-05-21 10:25:27.452,30.3,3.57,4.356,6118,183.58,12.12,1638,2565,1913,6796,ON
139,2026-05-21 10:25:27.952,30.3,3.58,4.360,6153,183.50,12.21,1654,2589,1928,6836,ON
140,2026-05-21 10:25:28.452,30.3,3.59,4.351,6194,183.40,12.30,1655,2591,1929,6708,ON
141,2026-05-21 10:25:28.952,30.3,3.60,4.355,6235,183.32,12.38,1647,2578,1920,6630,ON
142,2026-05-21 10:25:29.452,30.3,3.62,4.363,6271,183.24,12.47,1636,2562,1910,6563,ON
143,2026-05-21 10:25:29.952,30.3,3.62,4.359,6309,183.15,12.56,1633,2560,1908,6642,ON
144,2026-05-21 10:25:30.452,30.3,3.63,4.354,6349,183.06,12.65,1636,2564,1912,6604,ON
145,2026-05-21 10:25:30.952,30.4,3.64,4.339,6394,182.98,12.73,1639,2569,1915,6640,ON
146,2026-05-21 10:25:31.452,30.4,3.66,4.343,6434,182.89,12.82,1650,2583,1924,6701,ON
147,2026-05-21 10:25:31.952,30.4,3.66,4.347,6471,182.80,12.90,1656,2591,1929,6714,ON
148,2026-05-21 10:25:32.452,30.4,3.66,4.345,6503,182.71,12.99,1658,2592,1930,6733,ON
149,2026-05-21 10:25:32.952,30.4,3.66,4.363,6530,182.62,13.08,1656,2592,1930,6673,ON
150,2026-05-21 10:25:33.452,30.4,3.63,4.345,6563,182.54,13.16,1653,2584,1925,6751,ON
151,2026-05-21 10:25:33.952,30.4,3.64,4.352,6596,182.46,13.25,1653,2587,1928,6740,ON
152,2026-05-21 10:25:34.452,30.4,3.65,4.343,6632,182.37,13.34,1653,2587,1928,6734,ON
153,2026-05-21 10:25:34.952,30.4,3.67,4.341,6668,182.28,13.43,1659,2597,1935,6808,ON
154,2026-05-21 10:25:35.452,30.4,3.70,4.342,6703,182.19,13.52,1667,2607,1943,6790,ON
155,2026-05-21 10:25:35.952,30.4,3.71,4.343,6737,182.10,13.60,1671,2610,1945,6742,ON
156,2026-05-21 10:25:36.452,30.4,3.72,4.335,6768,182.03,13.68,1666,2605,1941,6610,ON
157,2026-05-21 10:25:36.952,30.5,3.74,4.336,6799,181.93,13.77,1652,2585,1929,6499,ON
158,2026-05-21 10:25:37.452,30.5,3.70,4.355,6831,181.85,13.86,1644,2573,1921,6691,ON
159,2026-05-21 10:25:37.952,30.5,3.70,4.341,6864,181.76,13.94,1656,2579,1925,6810,ON
160,2026-05-21 10:25:38.452,30.5,3.72,4.338,6896,181.67,14.04,1669,2586,1929,6885,ON
161,2026-05-21 10:25:38.952,30.5,3.75,4.332,6926,181.59,14.12,1680,2615,1940,6860,ON
162,2026-05-21 10:25:39.452,30.5,3.77,4.329,6956,181.50,14.20,1681,2623,1942,6801,ON
163,2026-05-21 10:25:39.952,30.5,3.77,4.337,6991,181.41,14.29,1666,2605,1936,6702,ON
164,2026-05-21 10:25:40.452,30.5,3.78,4.326,7029,181.32,14.38,1660,2599,1934,6852,ON
165,2026-05-21 10:25:40.952,30.5,3.79,4.341,7069,181.24,14.47,1665,2605,1940,6788,ON
166,2026-05-21 10:25:41.452,30.5,3.78,4.334,7105,181.15,14.55,1671,2613,1947,6781,ON
167,2026-05-21 10:25:41.952,30.5,3.79,4.333,7138,181.06,14.64,1677,2619,1951,6725,ON
168,2026-05-21 10:25:42.452,30.6,3.82,4.318,7171,180.97,14.73,1670,2609,1944,6642,ON
169,2026-05-21 10:25:42.952,30.6,3.83,4.336,7202,180.89,14.82,1659,2594,1934,6602,ON
170,2026-05-21 10:25:43.452,30.6,3.80,4.341,7234,180.80,14.90,1653,2583,1926,6613,ON
171,2026-05-21 10:25:43.952,30.6,3.80,4.332,7268,180.71,14.99,1662,2596,1934,6807,ON
172,2026-05-21 10:25:44.452,30.6,3.83,4.313,7303,180.62,15.08,1670,2607,1942,6749,ON
173,2026-05-21 10:25:44.952,30.6,3.84,4.346,7340,180.54,15.16,1672,2611,1945,6883,ON
174,2026-05-21 10:25:45.452,30.6,3.82,4.331,7378,180.45,15.25,1674,2616,1950,6803,ON
175,2026-05-21 10:25:45.952,30.6,3.81,4.333,7419,180.36,15.34,1671,2612,1949,6781,ON
176,2026-05-21 10:25:46.452,30.6,3.81,4.332,7456,180.28,15.43,1657,2590,1932,6657,ON
177,2026-05-21 10:25:46.952,30.7,3.83,4.326,7487,180.20,15.51,1652,2582,1926,6753,ON
178,2026-05-21 10:25:47.452,30.6,3.85,4.326,7522,180.11,15.59,1666,2602,1940,6822,ON
179,2026-05-21 10:25:47.952,30.7,3.87,4.320,7556,180.02,15.68,1677,2620,1952,6780,ON
180,2026-05-21 10:25:48.452,30.7,3.88,4.320,7590,179.93,15.77,1681,2626,1955,6744,ON
181,2026-05-21 10:25:48.952,30.7,3.88,4.317,7626,179.84,15.86,1680,2627,1957,6766,ON
182,2026-05-21 10:25:49.452,30.7,3.90,4.324,7664,179.76,15.94,1674,2620,1954,6609,ON
183,2026-05-21 10:25:49.952,30.7,3.90,4.328,7701,179.68,16.03,1666,2606,1943,6786,ON
184,2026-05-21 10:25:50.452,30.7,3.88,4.342,7732,179.58,16.13,1669,2611,1946,6858,ON
185,2026-05-21 10:25:50.952,30.7,3.88,4.304,7763,179.48,16.23,1676,2621,1954,6898,ON
186,2026-05-21 10:25:51.452,30.7,3.91,4.330,7794,179.39,16.31,1685,2633,1964,6889,ON
187,2026-05-21 10:25:51.952,30.7,3.90,4.320,7831,179.31,16.40,1684,2630,1961,6799,ON
188,2026-05-21 10:25:52.452,30.7,3.91,4.308,7867,179.22,16.48,1684,2627,1959,6791,ON
189,2026-05-21 10:25:52.952,30.7,3.94,4.307,7904,179.14,16.57,1683,2625,1956,6738,ON
190,2026-05-21 10:25:53.452,30.7,3.93,4.320,7940,179.04,16.66,1681,2623,1956,6775,ON
191,2026-05-21 10:25:53.952,30.8,3.93,4.310,7972,178.96,16.74,1679,2621,1955,6696,ON
192,2026-05-21 10:25:54.452,30.8,3.95,4.321,8003,178.88,16.83,1680,2622,1955,6785,ON
193,2026-05-21 10:25:54.952,30.8,3.93,4.322,8036,178.79,16.91,1688,2633,1962,6863,ON
194,2026-05-21 10:25:55.452,30.8,3.92,4.323,8069,178.70,17.00,1694,2639,1966,6845,ON
195,2026-05-21 10:25:55.952,30.8,3.95,4.312,8102,178.62,17.08,1696,2640,1967,6834,ON
196,2026-05-21 10:25:56.452,30.8,3.97,4.315,8131,178.53,17.17,1692,2638,1966,6841,ON
197,2026-05-21 10:25:56.952,30.8,3.98,4.311,8160,178.45,17.25,1676,2616,1951,6718,ON
198,2026-05-21 10:25:57.452,30.8,3.99,4.308,8194,178.36,17.35,1666,2602,1940,6780,ON
199,2026-05-21 10:25:57.952,30.9,3.99,4.304,8228,178.27,17.43,1674,2613,1948,6810,ON
200,2026-05-21 10:25:58.452,30.9,4.00,4.293,8261,178.18,17.52,1687,2632,1962,6856,ON
201,2026-05-21 10:25:58.952,30.9,4.01,4.307,8293,178.09,17.61,1695,2644,1970,6881,ON
202,2026-05-21 10:25:59.452,30.9,4.01,4.302,8330,178.01,17.70,1698,2649,1974,6749,ON
203,2026-05-21 10:25:59.952,30.9,4.01,4.322,8364,177.92,17.78,1688,2634,1964,6723,ON
204,2026-05-21 10:26:00.452,30.9,4.00,4.311,8396,177.83,17.87,1681,2622,1956,6759,ON
205,2026-05-21 10:26:00.952,30.9,4.00,4.309,8430,177.75,17.95,1679,2619,1954,6809,ON
206,2026-05-21 10:26:01.452,30.9,4.00,4.305,8469,177.67,18.04,1685,2628,1959,6930,ON
207,2026-05-21 10:26:01.952,30.9,4.03,4.289,8507,177.58,18.13,1696,2644,1972,6963,ON
208,2026-05-21 10:26:02.452,30.9,4.07,4.294,8543,177.49,18.21,1701,2653,1977,6951,ON
209,2026-05-21 10:26:02.952,30.9,4.07,4.305,8578,177.40,18.30,1695,2645,1971,6844,ON
210,2026-05-21 10:26:03.452,30.9,4.07,4.302,8608,177.32,18.39,1694,2642,1961,6799,ON
211,2026-05-21 10:26:03.952,30.9,4.06,4.300,8640,177.23,18.48,1689,2636,1960,6800,ON
212,2026-05-21 10:26:04.452,30.9,4.06,4.298,8678,177.14,18.56,1688,2633,1965,6790,ON
213,2026-05-21 10:26:04.952,30.9,4.06,4.300,8710,177.06,18.64,1697,2647,1976,6927,ON
214,2026-05-21 10:26:05.452,31.0,4.06,4.313,8740,176.97,18.73,1706,2660,1984,6862,ON
215,2026-05-21 10:26:05.952,31.0,4.07,4.284,8770,176.88,18.82,1703,2657,1980,6743,ON
216,2026-05-21 10:26:06.452,31.0,4.10,4.302,8806,176.80,18.91,1687,2631,1962,6752,ON
217,2026-05-21 10:26:06.952,31.0,4.12,4.285,8843,176.70,19.00,1681,2621,1955,6835,ON
218,2026-05-21 10:26:07.452,31.0,4.13,4.297,8878,176.62,19.08,1688,2630,1962,6885,ON
219,2026-05-21 10:26:07.952,31.0,4.14,4.277,8912,176.54,19.17,1698,2646,1972,6973,ON
220,2026-05-21 10:26:08.452,31.0,4.18,4.288,8946,176.45,19.26,1707,2661,1983,6952,ON
221,2026-05-21 10:26:08.952,31.0,4.17,4.286,8976,176.36,19.34,1708,2664,1986,6922,ON
222,2026-05-21 10:26:09.452,31.0,4.17,4.298,9003,176.27,19.43,1704,2657,1979,6807,ON
223,2026-05-21 10:26:09.952,31.0,4.18,4.289,9030,176.19,19.51,1697,2646,1971,6756,ON
224,2026-05-21 10:26:10.452,31.1,4.18,4.293,9058,176.10,19.60,1695,2641,1969,6823,ON
225,2026-05-21 10:26:10.952,31.1,4.18,4.287,9089,176.01,19.69,1696,2643,1971,6860,ON
226,2026-05-21 10:26:11.452,31.1,4.17,4.274,9118,175.93,19.78,1706,2658,1983,6904,ON
227,2026-05-21 10:26:11.952,31.1,4.19,4.290,9146,175.84,19.87,1708,2661,1985,6970,ON
228,2026-05-21 10:26:12.452,31.1,4.17,4.289,9178,175.75,19.95,1706,2656,1980,6857,ON
229,2026-05-21 10:26:12.952,31.1,4.16,4.274,9215,175.67,20.03,1704,2650,1974,6884,ON
230,2026-05-21 10:26:13.452,31.1,4.17,4.283,9255,175.58,20.13,1701,2646,1973,6896,ON
231,2026-05-21 10:26:13.952,31.1,4.18,4.257,9288,175.50,20.21,1698,2644,1971,6921,ON
232,2026-05-21 10:26:14.452,31.1,4.20,4.273,9321,175.41,20.29,1705,2657,1982,6929,ON
233,2026-05-21 10:26:14.952,31.1,4.20,4.279,9355,175.32,20.39,1711,2663,1986,6914,ON
234,2026-05-21 10:26:15.452,31.2,4.21,4.284,9391,175.24,20.47,1715,2669,1990,6952,ON
235,2026-05-21 10:26:15.952,31.1,4.20,4.292,9425,175.15,20.56,1721,2678,1996,6911,ON
236,2026-05-21 10:26:16.452,31.1,4.21,4.275,9454,175.06,20.64,1712,2666,1987,6782,ON
237,2026-05-21 10:26:16.952,31.2,4.23,4.274,9483,174.98,20.72,1698,2645,1973,6789,ON
238,2026-05-21 10:26:17.452,31.2,4.24,4.277,9520,174.89,20.81,1697,2642,1971,6881,ON
239,2026-05-21 10:26:17.952,31.2,4.24,4.273,9558,174.80,20.90,1701,2648,1975,7008,ON
240,2026-05-21 10:26:18.452,31.2,4.25,4.273,9591,174.71,20.99,1716,2672,1992,6951,ON
241,2026-05-21 10:26:18.952,31.2,4.26,4.276,9621,174.62,21.08,1719,2675,1994,6939,ON
242,2026-05-21 10:26:19.452,31.2,4.26,4.281,9650,174.54,21.16,1712,2666,1988,6870,ON
243,2026-05-21 10:26:19.952,31.2,4.24,4.274,9680,174.44,21.26,1705,2655,1981,6882,ON
244,2026-05-21 10:26:20.452,31.2,4.25,4.271,9711,174.35,21.35,1700,2645,1973,6841,ON
245,2026-05-21 10:26:20.952,31.2,4.28,4.254,9747,174.27,21.44,1700,2647,1975,6891,ON
246,2026-05-21 10:26:21.452,31.2,4.30,4.260,9782,174.18,21.53,1706,2660,1983,6898,ON
247,2026-05-21 10:26:21.952,31.2,4.32,4.263,9810,174.10,21.61,1710,2670,1987,6898,ON
248,2026-05-21 10:26:22.452,31.2,4.33,4.262,9832,174.00,21.70,1712,2668,1987,6888,ON
249,2026-05-21 10:26:22.952,31.2,4.33,4.264,9854,173.92,21.79,1710,2662,1983,6919,ON
250,2026-05-21 10:26:23.452,31.3,4.34,4.258,9876,173.83,21.87,1712,2666,1986,6922,ON
251,2026-05-21 10:26:23.952,31.3,4.33,4.273,9901,173.74,21.96,1713,2668,1988,6949,ON
252,2026-05-21 10:26:24.452,31.3,4.31,4.266,9932,173.65,22.05,1711,2666,1988,6943,ON
253,2026-05-21 10:26:24.952,31.3,4.31,4.273,9970,173.57,22.13,1708,2659,1984,6894,ON
254,2026-05-21 10:26:25.452,31.3,4.31,4.264,10016,173.49,22.22,1716,2673,1993,7055,ON
255,2026-05-21 10:26:25.952,31.3,4.31,4.251,10061,173.39,22.31,1731,2692,2006,7003,ON
256,2026-05-21 10:26:26.452,31.3,4.31,4.264,10114,173.31,22.39,1721,2674,1994,6842,ON
257,2026-05-21 10:26:26.952,31.3,4.32,4.258,10158,173.22,22.48,1711,2660,1983,6879,ON
258,2026-05-21 10:26:27.452,31.3,4.31,4.283,10195,173.13,22.57,1715,2669,1989,6932,ON
259,2026-05-21 10:26:27.952,31.3,4.32,4.263,10224,173.04,22.66,1719,2674,1993,6935,ON
260,2026-05-21 10:26:28.452,31.4,4.33,4.274,10248,172.96,22.74,1723,2682,1998,6906,ON
261,2026-05-21 10:26:28.952,31.4,4.30,4.276,10274,172.87,22.83,1724,2684,2001,6941,ON
262,2026-05-21 10:26:29.452,31.4,4.31,4.257,10304,172.79,22.91,1723,2683,2001,6911,ON
263,2026-05-21 10:26:29.952,31.4,4.35,4.240,10330,172.70,23.00,1719,2674,1994,6952,ON
264,2026-05-21 10:26:30.452,31.4,4.38,4.259,10353,172.61,23.09,1717,2670,1991,6932,ON
265,2026-05-21 10:26:30.952,31.4,4.38,4.251,10379,172.53,23.18,1716,2669,1991,6969,ON
266,2026-05-21 10:26:31.452,31.4,4.38,4.252,10409,172.43,23.27,1718,2673,1994,6959,ON
267,2026-05-21 10:26:31.952,31.4,4.40,4.241,10444,172.35,23.35,1721,2678,1997,6988,ON
268,2026-05-21 10:26:32.452,31.4,4.43,4.242,10473,172.26,23.44,1727,2687,2002,6973,ON
269,2026-05-21 10:26:32.952,31.4,4.43,4.250,10501,172.18,23.52,1730,2692,2007,6943,ON
270,2026-05-21 10:26:33.452,31.4,4.44,4.241,10530,172.09,23.61,1726,2684,2002,6875,ON
271,2026-05-21 10:26:33.952,31.4,4.43,4.249,10564,172.00,23.70,1719,2672,1994,6824,ON
272,2026-05-21 10:26:34.452,31.4,4.42,4.246,10598,171.92,23.78,1710,2660,1985,6858,ON
273,2026-05-21 10:26:34.952,31.4,4.42,4.239,10627,171.83,23.87,1712,2662,1985,7030,ON
274,2026-05-21 10:26:35.452,31.5,4.46,4.240,10658,171.74,23.96,1726,2685,2003,7062,ON
275,2026-05-21 10:26:35.952,31.5,4.48,4.247,10689,171.66,24.04,1738,2701,2014,7078,ON
276,2026-05-21 10:26:36.452,31.5,4.47,4.259,10723,171.58,24.13,1738,2701,2013,6992,ON
277,2026-05-21 10:26:36.952,31.5,4.45,4.261,10757,171.48,24.22,1730,2690,2006,6921,ON
278,2026-05-21 10:26:37.452,31.5,4.42,4.252,10789,171.40,24.30,1719,2675,1996,6886,ON
279,2026-05-21 10:26:37.952,31.5,4.42,4.251,10818,171.31,24.39,1712,2665,1987,6981,ON
280,2026-05-21 10:26:38.452,31.5,4.43,4.255,10852,171.23,24.48,1721,2678,1998,6983,ON
281,2026-05-21 10:26:38.952,31.5,4.44,4.246,10885,171.14,24.57,1730,2690,2006,6972,ON
282,2026-05-21 10:26:39.452,31.5,4.46,4.256,10914,171.05,24.65,1733,2693,2009,6940,ON
283,2026-05-21 10:26:39.952,31.5,4.45,4.240,10943,170.96,24.74,1732,2691,2007,6933,ON
284,2026-05-21 10:26:40.452,31.5,4.43,4.259,10972,170.88,24.83,1727,2682,2000,6926,ON
285,2026-05-21 10:26:40.952,31.5,4.43,4.242,11001,170.80,24.91,1724,2676,1996,7029,ON
286,2026-05-21 10:26:41.452,31.5,4.46,4.241,11037,170.71,25.00,1725,2682,2001,6995,ON
287,2026-05-21 10:26:41.952,31.5,4.48,4.233,11062,170.62,25.08,1725,2682,2002,6979,ON
288,2026-05-21 10:26:42.452,31.6,4.50,4.235,11084,170.53,25.18,1727,2684,2003,7041,ON
289,2026-05-21 10:26:42.952,31.6,4.52,4.246,11109,170.44,25.26,1737,2699,2012,7051,ON
290,2026-05-21 10:26:43.452,31.6,4.54,4.236,11140,170.36,25.35,1746,2712,2022,7079,ON
291,2026-05-21 10:26:43.952,31.6,4.54,4.229,11167,170.28,25.43,1750,2719,2026,6989,ON
292,2026-05-21 10:26:44.452,31.6,4.56,4.227,11193,170.18,25.52,1742,2709,2020,6881,ON
293,2026-05-21 10:26:44.952,31.6,4.57,4.238,11225,170.10,25.61,1728,2689,2005,6895,ON
294,2026-05-21 10:26:45.452,31.6,4.57,4.230,11262,170.01,25.69,1721,2678,1997,7050,ON
295,2026-05-21 10:26:45.952,31.6,4.57,4.231,11301,169.93,25.77,1736,2698,2012,7075,ON
296,2026-05-21 10:26:46.452,31.6,4.57,4.225,11334,169.84,25.86,1743,2708,2019,7093,ON
297,2026-05-21 10:26:46.952,31.6,4.58,4.219,11364,169.75,25.95,1739,2701,2015,7018,ON
298,2026-05-21 10:26:47.452,31.6,4.57,4.234,11394,169.67,26.04,1730,2689,2007,6956,ON
299,2026-05-21 10:26:47.952,31.6,4.59,4.215,11426,169.59,26.12,1722,2679,1999,6948,ON
300,2026-05-21 10:26:48.452,31.7,4.61,4.235,11458,169.50,26.21,1722,2677,1997,7049,ON
301,2026-05-21 10:26:48.952,31.7,4.60,4.223,11488,169.39,26.31,1738,2701,2015,7104,ON
302,2026-05-21 10:26:49.452,31.7,4.61,4.223,11522,169.31,26.39,1750,2719,2029,7080,ON
303,2026-05-21 10:26:49.952,31.7,4.60,4.229,11554,169.22,26.49,1756,2727,2035,7000,ON
304,2026-05-21 10:26:50.452,31.7,4.60,4.237,11585,169.13,26.57,1747,2716,2026,6935,ON
305,2026-05-21 10:26:50.952,31.7,4.59,4.232,11621,169.05,26.66,1734,2696,2012,6950,ON
306,2026-05-21 10:26:51.452,31.7,4.60,4.226,11651,168.96,26.75,1729,2687,2005,7054,ON
307,2026-05-21 10:26:51.952,31.7,4.62,4.216,11682,168.88,26.83,1738,2700,2015,7102,ON
308,2026-05-21 10:26:52.452,31.7,4.64,4.195,11714,168.79,26.92,1746,2714,2024,7135,ON
309,2026-05-21 10:26:52.952,31.7,4.63,4.230,11746,168.70,27.01,1748,2715,2024,7067,ON
310,2026-05-21 10:26:53.452,31.7,4.61,4.216,11782,168.61,27.09,1745,2711,2022,7038,ON
311,2026-05-21 10:26:53.952,31.7,4.65,4.226,11813,168.53,27.17,1744,2709,2021,7031,ON
312,2026-05-21 10:26:54.452,31.7,4.65,4.226,11837,168.44,27.26,1743,2709,2021,6963,ON
313,2026-05-21 10:26:54.952,31.7,4.64,4.213,11860,168.35,27.35,1737,2698,2013,6962,ON
314,2026-05-21 10:26:55.452,31.8,4.64,4.226,11885,168.27,27.44,1734,2693,2009,6951,ON
315,2026-05-21 10:26:55.952,31.8,4.63,4.233,11915,168.18,27.52,1737,2698,2013,6991,ON
316,2026-05-21 10:26:56.452,31.8,4.62,4.228,11947,168.10,27.61,1748,2715,2025,7102,ON
317,2026-05-21 10:26:56.952,31.8,4.62,4.224,11981,168.01,27.70,1755,2726,2033,7122,ON
318,2026-05-21 10:26:57.452,31.8,4.62,4.227,12019,167.92,27.78,1755,2725,2032,7075,ON
319,2026-05-21 10:26:57.952,31.8,4.65,4.204,12053,167.83,27.87,1747,2713,2024,7004,ON
320,2026-05-21 10:26:58.452,31.8,4.68,4.216,12082,167.74,27.96,1741,2704,2018,7010,ON
321,2026-05-21 10:26:58.952,31.8,4.68,4.217,12114,167.66,28.04,1735,2697,2013,7052,ON
322,2026-05-21 10:26:59.452,31.8,4.69,4.217,12152,167.57,28.13,1744,2708,2021,7118,ON
323,2026-05-21 10:26:59.952,31.8,4.69,4.211,12184,167.48,28.22,1755,2726,2034,7096,ON
324,2026-05-21 10:27:00.452,31.8,4.70,4.202,12217,167.40,28.31,1762,2734,2038,7095,ON
325,2026-05-21 10:27:00.952,31.8,4.69,4.218,12250,167.31,28.39,1757,2728,2034,6980,ON
326,2026-05-21 10:27:01.452,31.9,4.70,4.203,12286,167.23,28.47,1742,2706,2019,6909,ON
327,2026-05-21 10:27:01.952,31.9,4.74,4.208,12322,167.14,28.57,1733,2693,2010,6958,ON
328,2026-05-21 10:27:02.452,31.9,4.73,4.224,12353,167.05,28.65,1735,2695,2012,7158,ON
329,2026-05-21 10:27:02.952,31.9,4.72,4.204,12381,166.96,28.74,1752,2721,2031,7216,ON
330,2026-05-21 10:27:03.452,31.9,4.74,4.207,12409,166.88,28.82,1763,2738,2042,7082,ON
331,2026-05-21 10:27:03.952,31.9,4.75,4.216,12437,166.80,28.90,1760,2734,2038,7060,ON
332,2026-05-21 10:27:04.452,31.9,4.73,4.206,12462,166.71,29.00,1755,2727,2034,7063,ON
333,2026-05-21 10:27:04.952,31.9,4.74,4.208,12486,166.62,29.09,1752,2723,2030,7071,ON
334,2026-05-21 10:27:05.452,31.9,4.76,4.204,12518,166.53,29.18,1752,2721,2029,7081,ON
335,2026-05-21 10:27:05.952,31.9,4.77,4.211,12549,166.45,29.26,1757,2725,2032,7079,ON
336,2026-05-21 10:27:06.452,31.9,4.80,4.195,12581,166.36,29.35,1758,2726,2033,7023,ON
337,2026-05-21 10:27:06.952,31.9,4.82,4.200,12613,166.28,29.43,1753,2721,2029,6991,ON
338,2026-05-21 10:27:07.452,31.9,4.83,4.189,12640,166.19,29.52,1748,2714,2025,6958,ON
339,2026-05-21 10:27:07.952,31.9,4.86,4.213,12667,166.10,29.61,1748,2715,2026,7050,ON
340,2026-05-21 10:27:08.452,31.9,4.85,4.195,12694,166.01,29.69,1754,2722,2030,7107,ON
341,2026-05-21 10:27:08.952,32.0,4.85,4.214,12722,165.93,29.77,1763,2732,2037,7194,ON
342,2026-05-21 10:27:09.452,32.0,4.82,4.179,12749,165.84,29.86,1765,2735,2039,7101,ON
343,2026-05-21 10:27:09.952,32.0,4.86,4.185,12779,165.76,29.95,1758,2725,2033,7015,ON
344,2026-05-21 10:27:10.452,32.0,4.86,4.203,12808,165.67,30.03,1746,2710,2021,7010,ON
345,2026-05-21 10:27:10.952,32.0,4.85,4.189,12841,165.58,30.12,1741,2702,2016,7061,ON
346,2026-05-21 10:27:11.452,32.0,4.87,4.192,12870,165.49,30.21,1750,2713,2024,7078,ON
347,2026-05-21 10:27:11.952,32.0,4.88,4.191,12895,165.41,30.29,1760,2726,2033,7127,ON
348,2026-05-21 10:27:12.452,32.0,4.89,4.185,12921,165.33,30.38,1764,2734,2039,7066,ON
349,2026-05-21 10:27:12.952,32.0,4.89,4.198,12951,165.24,30.46,1759,2730,2035,6970,ON
350,2026-05-21 10:27:13.452,32.0,4.87,4.188,12978,165.16,30.55,1749,2715,2025,7092,ON
351,2026-05-21 10:27:13.952,32.0,4.86,4.207,13010,165.06,30.64,1751,2717,2028,7135,ON
352,2026-05-21 10:27:14.452,32.0,4.86,4.192,13046,164.98,30.72,1759,2728,2036,7171,ON
353,2026-05-21 10:27:14.952,32.0,4.87,4.196,13083,164.89,30.81,1765,2738,2043,7161,ON
354,2026-05-21 10:27:15.452,32.1,4.88,4.180,13117,164.79,30.91,1762,2735,2040,7072,ON
355,2026-05-21 10:27:15.952,32.1,4.90,4.184,13151,164.70,31.01,1757,2726,2034,7047,ON
356,2026-05-21 10:27:16.452,32.1,4.91,4.177,13179,164.62,31.09,1754,2722,2031,7064,ON
357,2026-05-21 10:27:16.952,32.1,4.93,4.184,13205,164.53,31.18,1756,2725,2034,7031,ON
358,2026-05-21 10:27:17.452,32.1,4.93,4.179,13231,164.44,31.27,1752,2719,2029,7027,ON
359,2026-05-21 10:27:17.952,32.1,4.94,4.179,13259,164.36,31.35,1754,2722,2031,7087,ON
360,2026-05-21 10:27:18.452,32.1,4.94,4.190,13285,164.27,31.44,1761,2733,2040,7185,ON
361,2026-05-21 10:27:18.952,32.1,4.94,4.184,13313,164.18,31.52,1771,2748,2051,7258,ON
362,2026-05-21 10:27:19.452,32.1,4.95,4.182,13343,164.09,31.61,1771,2748,2051,7116,ON
363,2026-05-21 10:27:19.952,32.1,4.93,4.196,13372,164.01,31.70,1763,2734,2040,7039,ON
364,2026-05-21 10:27:20.452,32.1,4.93,4.181,13401,163.92,31.78,1754,2721,2032,7057,ON
365,2026-05-21 10:27:20.952,32.1,4.94,4.182,13436,163.84,31.87,1753,2721,2033,7132,ON
366,2026-05-21 10:27:21.452,32.2,4.95,4.179,13469,163.75,31.96,1765,2738,2045,7187,ON
367,2026-05-21 10:27:21.952,32.2,4.97,4.177,13500,163.66,32.04,1777,2756,2057,7213,ON
368,2026-05-21 10:27:22.452,32.2,4.98,4.174,13529,163.57,32.13,1783,2766,2063,7124,ON
369,2026-05-21 10:27:22.952,32.2,4.99,4.177,13560,163.49,32.22,1776,2755,2055,7000,ON
370,2026-05-21 10:27:23.452,32.2,5.00,4.170,13594,163.40,32.30,1758,2729,2036,6956,ON
371,2026-05-21 10:27:23.952,32.2,5.01,4.173,13628,163.31,32.39,1755,2728,2036,7083,ON
372,2026-05-21 10:27:24.452,32.2,5.01,4.177,13659,163.22,32.48,1761,2739,2045,7144,ON
373,2026-05-21 10:27:24.952,32.2,5.01,4.173,13691,163.14,32.57,1767,2743,2048,7205,ON
374,2026-05-21 10:27:25.452,32.2,5.01,4.175,13720,163.06,32.65,1772,2743,2048,7223,ON
375,2026-05-21 10:27:25.952,32.2,5.01,4.171,13743,162.97,32.73,1770,2737,2042,7085,ON
376,2026-05-21 10:27:26.452,32.2,5.01,4.165,13770,162.88,32.83,1757,2717,2029,7041,ON
377,2026-05-21 10:27:26.952,32.2,5.03,4.170,13802,162.79,32.92,1755,2716,2029,7122,ON
378,2026-05-21 10:27:27.452,32.2,5.03,4.167,13832,162.70,33.00,1761,2726,2036,7140,ON
379,2026-05-21 10:27:27.952,32.2,5.02,4.174,13857,162.62,33.08,1771,2743,2048,7194,ON
380,2026-05-21 10:27:28.452,32.2,5.02,4.174,13884,162.53,33.17,1780,2756,2058,7101,ON
381,2026-05-21 10:27:28.952,32.2,5.02,4.163,13911,162.45,33.26,1774,2744,2050,7016,ON
382,2026-05-21 10:27:29.452,32.2,5.05,4.163,13936,162.36,33.34,1760,2724,2035,6979,ON
383,2026-05-21 10:27:29.952,32.3,5.06,4.170,13960,162.27,33.43,1755,2719,2031,7078,ON
384,2026-05-21 10:27:30.452,32.3,5.07,4.164,13981,162.18,33.52,1758,2724,2033,7150,ON
385,2026-05-21 10:27:30.952,32.3,5.08,4.157,13996,162.10,33.60,1771,2741,2046,7263,ON
386,2026-05-21 10:27:31.452,32.3,5.10,4.159,14019,162.01,33.70,1782,2759,2058,7223,ON
387,2026-05-21 10:27:31.952,32.3,5.10,4.168,14046,161.92,33.78,1781,2757,2056,7143,ON
388,2026-05-21 10:27:32.452,32.3,5.09,4.159,14079,161.83,33.87,1772,2747,2049,7054,ON
389,2026-05-21 10:27:32.952,32.3,5.09,4.169,14115,161.76,33.95,1762,2731,2038,7032,ON
390,2026-05-21 10:27:33.452,32.3,5.10,4.153,14152,161.66,34.04,1758,2723,2033,7055,ON
391,2026-05-21 10:27:33.952,32.3,5.12,4.161,14188,161.58,34.12,1764,2731,2039,7127,ON
392,2026-05-21 10:27:34.452,32.3,5.13,4.156,14221,161.49,34.21,1768,2737,2043,7121,ON
393,2026-05-21 10:27:34.952,32.3,5.14,4.150,14250,161.41,34.30,1770,2741,2047,7132,ON
394,2026-05-21 10:27:35.452,32.3,5.13,4.163,14272,161.32,34.38,1777,2746,2051,7191,ON
395,2026-05-21 10:27:35.952,32.4,5.13,4.154,14295,161.23,34.47,1778,2747,2051,7133,ON
396,2026-05-21 10:27:36.452,32.4,5.13,4.157,14313,161.15,34.56,1771,2737,2044,7076,ON
397,2026-05-21 10:27:36.952,32.4,5.15,4.151,14336,161.06,34.64,1765,2727,2038,7070,ON
398,2026-05-21 10:27:37.452,32.4,5.17,4.166,14361,160.97,34.73,1761,2721,2033,7124,ON
399,2026-05-21 10:27:37.952,32.4,5.15,4.137,14390,160.89,34.81,1769,2734,2042,7205,ON
400,2026-05-21 10:27:38.452,32.4,5.20,4.168,14424,160.81,34.90,1781,2754,2056,7179,ON
401,2026-05-21 10:27:38.952,32.4,5.16,4.146,14456,160.72,34.99,1786,2762,2061,7156,ON
402,2026-05-21 10:27:39.452,32.4,5.18,4.161,14485,160.63,35.07,1784,2760,2059,7117,ON
403,2026-05-21 10:27:39.952,32.4,5.19,4.138,14507,160.55,35.15,1776,2751,2054,7116,ON
404,2026-05-21 10:27:40.452,32.4,5.22,4.138,14526,160.46,35.25,1771,2744,2049,7113,ON
405,2026-05-21 10:27:40.952,32.4,5.25,4.148,14549,160.37,35.33,1769,2739,2046,7181,ON
406,2026-05-21 10:27:41.452,32.4,5.23,4.153,14581,160.26,35.44,1775,2752,2055,7192,ON
407,2026-05-21 10:27:41.952,32.4,5.21,4.153,14612,160.18,35.52,1781,2759,2057,7205,ON
408,2026-05-21 10:27:42.452,32.4,5.20,4.150,14640,160.10,35.61,1778,2750,2051,7103,ON
409,2026-05-21 10:27:42.952,32.5,5.21,4.139,14670,160.01,35.70,1771,2740,2045,7104,ON
410,2026-05-21 10:27:43.452,32.5,5.20,4.158,14706,159.92,35.78,1769,2737,2042,7105,ON
411,2026-05-21 10:27:43.952,32.5,5.21,4.139,14741,159.83,35.87,1776,2746,2050,7175,ON
412,2026-05-21 10:27:44.452,32.5,5.23,4.145,14772,159.75,35.96,1787,2764,2062,7218,ON
413,2026-05-21 10:27:44.952,32.5,5.25,4.136,14803,159.66,36.04,1790,2769,2065,7144,ON
414,2026-05-21 10:27:45.452,32.5,5.27,4.141,14827,159.58,36.13,1784,2760,2058,7070,ON
415,2026-05-21 10:27:45.952,32.5,5.28,4.147,14846,159.49,36.21,1771,2742,2045,7059,ON
416,2026-05-21 10:27:46.452,32.5,5.28,4.141,14867,159.40,36.30,1769,2737,2042,7126,ON
417,2026-05-21 10:27:46.952,32.5,5.28,4.149,14894,159.31,36.39,1770,2738,2043,7218,ON
418,2026-05-21 10:27:47.452,32.5,5.33,4.124,14922,159.23,36.48,1775,2745,2048,7176,ON
419,2026-05-21 10:27:47.952,32.5,5.33,4.149,14951,159.14,36.56,1778,2748,2050,7173,ON
420,2026-05-21 10:27:48.452,32.5,5.29,4.141,14979,159.05,36.66,1780,2750,2052,7184,ON
421,2026-05-21 10:27:48.952,32.5,5.26,4.142,15005,158.96,36.74,1781,2751,2053,7161,ON
422,2026-05-21 10:27:49.452,32.6,5.28,4.118,15033,158.88,36.83,1781,2751,2054,7064,ON
423,2026-05-21 10:27:49.952,32.6,5.32,4.121,15057,158.79,36.91,1775,2743,2048,7083,ON
424,2026-05-21 10:27:50.452,32.6,5.32,4.132,15089,158.70,37.00,1770,2735,2040,7106,ON
425,2026-05-21 10:27:50.952,32.6,5.35,4.116,15120,158.61,37.09,1771,2737,2042,7132,ON
426,2026-05-21 10:27:51.452,32.6,5.36,4.129,15147,158.53,37.17,1779,2748,2051,7193,ON
427,2026-05-21 10:27:51.952,32.6,5.36,4.126,15172,158.44,37.26,1787,2760,2060,7264,ON
428,2026-05-21 10:27:52.452,32.6,5.35,4.135,15197,158.35,37.35,1788,2761,2061,7151,ON
429,2026-05-21 10:27:52.952,32.6,5.35,4.113,15225,158.27,37.44,1782,2752,2055,7109,ON
430,2026-05-21 10:27:53.452,32.6,5.38,4.127,15254,158.18,37.53,1772,2737,2045,7065,ON
431,2026-05-21 10:27:53.952,32.6,5.38,4.116,15279,158.09,37.61,1765,2724,2037,7147,ON
432,2026-05-21 10:27:54.452,32.6,5.40,4.120,15309,158.01,37.70,1776,2743,2049,7211,ON
433,2026-05-21 10:27:54.952,32.6,5.41,4.114,15339,157.93,37.78,1786,2758,2060,7200,ON
434,2026-05-21 10:27:55.452,32.6,5.43,4.121,15367,157.83,37.87,1792,2766,2064,7162,ON
435,2026-05-21 10:27:55.952,32.6,5.43,4.116,15391,157.74,37.96,1788,2758,2060,7120,ON
436,2026-05-21 10:27:56.452,32.6,5.44,4.135,15412,157.66,38.04,1778,2745,2050,7081,ON
437,2026-05-21 10:27:56.952,32.6,5.44,4.120,15439,157.57,38.13,1771,2734,2043,7059,ON
438,2026-05-21 10:27:57.452,32.6,5.44,4.124,15468,157.49,38.22,1772,2737,2045,7224,ON
439,2026-05-21 10:27:57.952,32.7,5.44,4.118,15492,157.40,38.30,1786,2756,2058,7279,ON
440,2026-05-21 10:27:58.452,32.7,5.46,4.113,15520,157.31,38.40,1790,2760,2061,7178,ON
441,2026-05-21 10:27:58.952,32.7,5.49,4.104,15546,157.23,38.47,1784,2745,2051,7095,ON
442,2026-05-21 10:27:59.452,32.7,5.51,4.114,15573,157.14,38.56,1771,2728,2045,7054,ON
443,2026-05-21 10:27:59.952,32.7,5.50,4.113,15602,157.05,38.65,1766,2726,2042,7119,ON
444,2026-05-21 10:28:00.452,32.7,5.49,4.106,15635,156.96,38.74,1776,2740,2048,7194,ON
445,2026-05-21 10:28:00.952,32.7,5.49,4.109,15668,156.88,38.82,1784,2751,2055,7191,ON
446,2026-05-21 10:28:01.452,32.7,5.50,4.109,15698,156.79,38.91,1783,2749,2053,7033,ON
447,2026-05-21 10:28:01.952,32.7,5.52,4.096,15728,156.71,39.00,1770,2728,2038,7020,ON
448,2026-05-21 10:28:02.452,32.7,5.55,4.099,15755,156.62,39.08,1768,2723,2036,7150,ON
449,2026-05-21 10:28:02.952,32.7,5.56,4.101,15784,156.53,39.17,1778,2739,2048,7181,ON
450,2026-05-21 10:28:03.452,32.7,5.56,4.100,15811,156.45,39.26,1792,2759,2063,7243,ON
451,2026-05-21 10:28:03.952,32.7,5.55,4.105,15847,156.36,39.35,1795,2764,2067,7168,ON
452,2026-05-21 10:28:04.452,32.7,5.55,4.102,15884,156.28,39.43,1788,2754,2060,7132,ON
453,2026-05-21 10:28:04.952,32.7,5.57,4.095,15916,156.18,39.52,1777,2736,2047,7088,ON
454,2026-05-21 10:28:05.452,32.7,5.59,4.100,15940,156.10,39.60,1770,2725,2039,7141,ON
455,2026-05-21 10:28:05.952,32.7,5.59,4.106,15957,156.01,39.69,1781,2744,2050,7212,ON
456,2026-05-21 10:28:06.452,32.7,5.58,4.104,15973,155.92,39.78,1791,2759,2060,7192,ON
457,2026-05-21 10:28:06.952,32.8,5.59,4.119,15988,155.84,39.86,1793,2760,2061,7090,ON
458,2026-05-21 10:28:07.452,32.8,5.59,4.105,16007,155.75,39.95,1782,2740,2048,6990,ON
459,2026-05-21 10:28:07.952,32.8,5.62,4.086,16030,155.66,40.04,1774,2728,2041,7075,ON
460,2026-05-21 10:28:08.452,32.8,5.64,4.075,16053,155.62,40.09,1772,2726,2039,7132,ON
461,2026-05-21 10:28:08.952,32.8,5.65,4.090,16080,155.48,40.23,1782,2741,2049,7295,ON
462,2026-05-21 10:28:09.452,32.8,5.66,4.079,16110,155.39,40.32,1793,2757,2062,7235,ON
463,2026-05-21 10:28:09.952,32.8,5.68,4.084,16139,155.31,40.40,1794,2758,2063,7179,ON
464,2026-05-21 10:28:10.452,32.8,5.69,4.073,16169,155.21,40.49,1786,2746,2055,7071,ON
465,2026-05-21 10:28:10.952,32.8,5.72,4.074,16198,155.12,40.58,1777,2732,2045,7084,ON
466,2026-05-21 10:28:11.452,32.8,5.74,4.085,16226,155.04,40.66,1775,2730,2042,7110,ON
467,2026-05-21 10:28:11.952,32.8,5.72,4.081,16249,154.96,40.75,1780,2738,2047,7164,ON
468,2026-05-21 10:28:12.452,32.8,5.73,4.085,16270,154.87,40.84,1787,2748,2053,7154,ON
469,2026-05-21 10:28:12.952,32.8,5.72,4.080,16293,154.78,40.93,1789,2748,2057,7166,ON
470,2026-05-21 10:28:13.452,32.9,5.72,4.077,16318,154.70,41.01,1791,2753,2061,7204,ON
471,2026-05-21 10:28:13.952,32.9,5.70,4.089,16341,154.61,41.09,1792,2755,2062,7171,ON
472,2026-05-21 10:28:14.452,32.9,5.71,4.074,16370,154.52,41.18,1787,2748,2057,7138,ON
473,2026-05-21 10:28:14.952,32.9,5.74,4.073,16400,154.44,41.27,1779,2733,2047,7078,ON
474,2026-05-21 10:28:15.452,32.9,5.75,4.083,16422,154.35,41.36,1772,2722,2039,7082,ON
475,2026-05-21 10:28:15.952,32.9,5.76,4.059,16440,154.26,41.45,1772,2721,2038,7129,ON
476,2026-05-21 10:28:16.452,32.9,5.81,4.057,16461,154.17,41.53,1777,2726,2045,7177,ON
477,2026-05-21 10:28:16.952,32.9,5.83,4.063,16481,154.08,41.62,1788,2742,2057,7218,ON
478,2026-05-21 10:28:17.452,32.9,5.82,4.068,16502,154.00,41.71,1796,2755,2066,7180,ON
479,2026-05-21 10:28:17.952,32.9,5.82,4.060,16528,153.91,41.79,1795,2756,2065,7124,ON
480,2026-05-21 10:28:18.452,32.9,5.84,4.054,16552,153.83,41.88,1784,2741,2063,7025,ON
481,2026-05-21 10:28:18.952,32.9,5.87,4.060,16580,153.74,41.96,1782,2738,2060,7189,ON
482,2026-05-21 10:28:19.452,32.9,5.89,4.054,16608,153.65,42.05,1788,2747,2061,7158,ON
483,2026-05-21 10:28:19.952,33.0,5.91,4.052,16635,153.56,42.14,1787,2745,2058,7146,ON
484,2026-05-21 10:28:20.452,33.0,5.93,4.045,16663,153.48,42.22,1786,2741,2055,7151,ON
485,2026-05-21 10:28:20.952,32.9,5.96,4.044,16691,153.39,42.31,1783,2735,2052,7123,ON
486,2026-05-21 10:28:21.452,32.9,5.98,4.047,16713,153.30,42.40,1779,2729,2047,7104,ON
487,2026-05-21 10:28:21.952,33.0,5.98,4.041,16735,153.22,42.49,1773,2721,2040,7042,ON
488,2026-05-21 10:28:22.452,33.0,5.98,4.047,16762,153.13,42.57,1773,2720,2041,7132,ON
489,2026-05-21 10:28:22.952,33.0,5.99,4.052,16789,153.05,42.66,1779,2728,2048,7177,ON
490,2026-05-21 10:28:23.452,33.0,6.00,4.034,16813,152.96,42.75,1787,2738,2056,7167,ON
491,2026-05-21 10:28:23.952,33.0,6.01,4.050,16839,152.88,42.83,1791,2744,2061,7100,ON
492,2026-05-21 10:28:24.452,33.0,6.02,4.036,16863,152.79,42.92,1785,2734,2054,7081,ON
493,2026-05-21 10:28:24.952,33.0,6.04,4.039,16889,152.70,43.01,1777,2721,2043,7055,ON
494,2026-05-21 10:28:25.452,33.0,6.06,4.031,16913,152.62,43.09,1770,2711,2035,7097,ON
495,2026-05-21 10:28:25.952,33.0,6.09,4.027,16936,152.53,43.18,1775,2721,2041,7216,ON
496,2026-05-21 10:28:26.452,33.0,6.13,4.013,16964,152.44,43.26,1786,2737,2054,7191,ON
497,2026-05-21 10:28:26.952,33.0,6.16,4.022,16993,152.35,43.35,1790,2744,2059,7182,ON
498,2026-05-21 10:28:27.452,33.0,6.18,4.011,17024,152.27,43.43,1789,2742,2058,7100,ON
499,2026-05-21 10:28:27.952,33.0,6.20,4.023,17056,152.18,43.52,1780,2726,2049,7073,ON
500,2026-05-21 10:28:28.452,33.1,6.20,4.013,17088,152.09,43.61,1774,2715,2043,7049,ON
501,2026-05-21 10:28:28.952,33.1,6.21,4.003,17113,152.01,43.69,1772,2710,2042,7079,ON
502,2026-05-21 10:28:29.452,33.1,6.22,4.019,17135,151.92,43.79,1770,2707,2042,7048,ON
503,2026-05-21 10:28:29.952,33.1,6.23,4.012,17154,151.84,43.87,1768,2704,2040,7058,ON
504,2026-05-21 10:28:30.452,33.1,6.25,3.998,17177,151.75,43.95,1770,2706,2042,7096,ON
505,2026-05-21 10:28:30.952,33.1,6.29,3.993,17206,151.66,44.04,1773,2711,2047,7112,ON
506,2026-05-21 10:28:31.452,33.1,6.31,4.006,17237,151.58,44.13,1775,2713,2049,7061,ON
507,2026-05-21 10:28:31.952,33.1,6.31,4.002,17264,151.48,44.22,1764,2695,2039,6962,ON
508,2026-05-21 10:28:32.452,33.1,6.33,3.998,17294,151.39,44.32,1752,2675,2027,6976,ON
509,2026-05-21 10:28:32.952,33.1,6.35,3.976,17318,151.30,44.40,1748,2667,2024,7089,ON
510,2026-05-21 10:28:33.452,33.1,6.40,3.992,17346,151.22,44.49,1759,2687,2035,7079,ON
511,2026-05-21 10:28:33.952,33.1,6.43,3.983,17375,151.13,44.58,1765,2696,2040,7055,ON
512,2026-05-21 10:28:34.452,33.1,6.46,3.969,17408,151.04,44.66,1767,2686,2041,6944,ON
513,2026-05-21 10:28:34.952,33.1,6.50,3.967,17442,150.95,44.75,1758,2658,2029,6925,ON
514,2026-05-21 10:28:35.452,33.1,6.53,3.959,17475,150.87,44.84,1746,2641,2017,6872,ON
515,2026-05-21 10:28:35.952,33.1,6.56,3.955,17508,150.79,44.92,1739,2636,2011,6969,ON
516,2026-05-21 10:28:36.452,33.1,6.63,3.945,17542,150.69,45.01,1746,2656,2017,7090,ON
517,2026-05-21 10:28:36.952,33.1,6.68,3.926,17579,150.60,45.10,1759,2663,2025,7076,ON
518,2026-05-21 10:28:37.452,33.1,6.74,3.928,17626,150.52,45.19,1763,2658,2026,6898,ON
519,2026-05-21 10:28:37.952,33.2,6.80,3.929,17667,150.43,45.27,1746,2606,2011,6756,ON
520,2026-05-21 10:28:38.452,33.1,6.83,3.923,17710,150.34,45.36,1731,2560,1995,6666,ON
521,2026-05-21 10:28:38.952,33.2,6.88,3.911,17753,150.26,45.45,1722,2517,1983,6637,ON
522,2026-05-21 10:28:39.452,33.2,6.93,3.897,17791,150.17,45.53,1719,2492,1979,6722,ON
523,2026-05-21 10:28:39.952,33.2,6.99,3.891,17835,150.08,45.62,1722,2475,1982,6632,ON
524,2026-05-21 10:28:40.452,33.2,7.09,3.842,17891,149.99,45.71,1722,2456,1981,6528,ON
525,2026-05-21 10:28:40.952,33.2,7.24,3.800,17950,149.91,45.80,1712,2422,1970,6319,ON
526,2026-05-21 10:28:41.452,33.2,7.42,3.757,18008,149.82,45.88,1686,2346,1939,6008,ON
527,2026-05-21 10:28:41.952,33.2,7.85,3.681,18059,149.74,45.97,1642,2184,1884,5603,ON
528,2026-05-21 10:28:42.452,33.2,8.54,3.598,18111,149.64,46.06,1595,1987,1826,5200,ON
529,2026-05-21 10:28:42.952,33.2,8.89,3.551,18158,149.56,46.15,1546,1776,1764,4946,ON
530,2026-05-21 10:28:43.452,33.2,9.18,3.536,18192,149.47,46.23,1508,1603,1713,4756,ON
531,2026-05-21 10:28:43.952,33.2,9.39,3.484,18215,149.38,46.33,1473,1465,1669,4517,ON
532,2026-05-21 10:28:44.452,33.2,9.67,3.419,18236,149.30,46.41,1435,1343,1621,4339,ON
533,2026-05-21 10:28:44.952,33.2,9.96,3.417,18254,149.21,46.50,1399,1243,1576,4188,ON
534,2026-05-21 10:28:45.452,33.2,10.13,3.365,18271,149.12,46.59,1371,1168,1541,4156,ON
535,2026-05-21 10:28:45.952,33.2,10.38,3.326,18282,149.03,46.67,1357,1124,1523,4180,ON
536,2026-05-21 10:28:46.452,33.2,10.59,3.309,18298,148.94,46.76,1359,1104,1522,4210,ON
537,2026-05-21 10:28:46.952,33.2,10.74,3.313,18310,148.86,46.84,1361,1094,1524,4175,ON
538,2026-05-21 10:28:47.452,33.2,10.81,3.293,18324,148.77,46.93,1359,1083,1520,4131,ON
539,2026-05-21 10:28:47.952,33.2,10.87,3.302,18347,148.69,47.02,1354,1072,1513,4094,ON
540,2026-05-21 10:28:48.452,33.2,10.92,3.282,18387,148.60,47.11,1347,1063,1506,4103,ON
541,2026-05-21 10:28:48.952,33.2,10.97,3.259,18457,148.51,47.19,1342,1057,1501,4101,ON
542,2026-05-21 10:28:49.452,33.2,11.00,3.276,18554,148.43,47.28,1338,1053,1497,4092,ON
543,2026-05-21 10:28:49.952,33.2,11.01,3.271,18672,148.34,47.37,1338,1050,1494,4103,ON
544,2026-05-21 10:28:50.452,33.3,11.04,3.253,18796,148.25,47.46,1339,1050,1494,4107,ON
545,2026-05-21 10:28:50.952,33.3,11.09,3.240,18932,148.16,47.55,1343,1053,1499,4155,ON
546,2026-05-21 10:28:51.452,33.3,11.13,3.238,19079,148.07,47.63,1349,1059,1506,4117,ON
547,2026-05-21 10:28:51.952,33.3,11.17,3.238,19221,147.98,47.72,1350,1058,1506,4078,ON
548,2026-05-21 10:28:52.452,33.3,11.20,3.233,19366,147.90,47.80,1341,1051,1496,4054,ON
549,2026-05-21 10:28:52.952,33.3,11.22,3.244,19510,147.80,47.90,1333,1043,1487,4051,ON
550,2026-05-21 10:28:53.452,33.3,11.24,3.229,19651,147.72,47.98,1330,1040,1483,4057,ON
551,2026-05-21 10:28:53.952,33.3,11.27,3.243,19780,147.63,48.07,1336,1045,1489,4163,ON
552,2026-05-21 10:28:54.452,33.3,11.28,3.225,19899,147.55,48.16,1346,1055,1502,4161,ON
553,2026-05-21 10:28:54.952,33.3,11.30,3.224,20017,147.46,48.25,1352,1058,1507,4122,ON
554,2026-05-21 10:28:55.452,33.3,11.33,3.221,20129,147.37,48.33,1350,1056,1504,4078,ON
555,2026-05-21 10:28:55.952,33.3,11.34,3.212,20231,147.29,48.42,1342,1050,1496,4073,ON
556,2026-05-21 10:28:56.452,33.3,11.37,3.202,20321,147.20,48.51,1336,1046,1490,4084,ON
557,2026-05-21 10:28:56.952,33.3,11.40,3.205,20404,147.11,48.59,1337,1048,1491,4102,ON
558,2026-05-21 10:28:57.452,33.3,11.42,3.208,20489,147.02,48.68,1341,1052,1497,4119,ON
559,2026-05-21 10:28:57.952,33.3,11.43,3.211,20569,146.94,48.77,1347,1058,1503,4142,ON
560,2026-05-21 10:28:58.452,33.3,11.44,3.200,20639,146.85,48.85,1350,1060,1506,4123,ON
561,2026-05-21 10:28:58.952,33.3,11.45,3.198,20703,146.77,48.94,1348,1058,1504,4144,ON
562,2026-05-21 10:28:59.452,33.3,11.46,3.195,20770,146.67,49.03,1346,1057,1504,4126,ON
563,2026-05-21 10:28:59.952,33.3,11.48,3.207,20840,146.59,49.12,1345,1059,1507,4110,ON
564,2026-05-21 10:29:00.452,33.3,11.48,3.197,20918,146.48,49.22,1341,1057,1511,4083,ON
565,2026-05-21 10:29:00.952,33.3,11.48,3.200,20994,146.40,49.31,1339,1053,1502,4112,ON
566,2026-05-21 10:29:01.452,33.3,11.48,3.211,21054,146.31,49.39,1343,1055,1504,4152,ON
567,2026-05-21 10:29:01.952,33.3,11.48,3.197,21102,146.22,49.48,1349,1057,1502,4115,ON
568,2026-05-21 10:29:02.452,33.3,11.50,3.194,21146,146.13,49.57,1345,1057,1500,4081,ON
569,2026-05-21 10:29:02.952,33.3,11.51,3.193,21191,146.04,49.66,1342,1054,1497,4109,ON
570,2026-05-21 10:29:03.452,33.3,11.50,3.201,21255,145.96,49.74,1345,1059,1502,4157,ON
571,2026-05-21 10:29:03.952,33.3,11.51,3.183,21327,145.87,49.83,1351,1066,1510,4099,ON
572,2026-05-21 10:29:04.452,33.3,11.53,3.193,21397,145.78,49.92,1350,1070,1514,4116,ON
573,2026-05-21 10:29:04.952,33.3,11.54,3.189,21470,145.70,50.00,1353,1070,1516,4192,ON
574,2026-05-21 10:29:05.452,33.3,11.54,3.180,21551,145.61,50.09,1358,1074,1519,4194,ON
575,2026-05-21 10:29:05.952,33.3,11.54,3.188,21619,145.52,50.18,1357,1071,1514,4129,ON
576,2026-05-21 10:29:06.452,33.3,11.55,3.188,21682,145.44,50.27,1352,1067,1508,4117,ON
577,2026-05-21 10:29:06.952,33.3,11.55,3.192,21744,145.35,50.36,1346,1063,1502,4106,ON
578,2026-05-21 10:29:07.452,33.3,11.58,3.182,21812,145.27,50.44,1345,1064,1502,4077,ON
579,2026-05-21 10:29:07.952,33.3,11.59,3.175,21880,145.17,50.54,1346,1064,1503,4108,ON
580,2026-05-21 10:29:08.452,33.3,11.59,3.179,21948,145.09,50.62,1350,1067,1506,4169,ON
581,2026-05-21 10:29:08.952,33.3,11.59,3.183,22005,144.99,50.71,1354,1071,1510,4165,ON
582,2026-05-21 10:29:09.452,33.3,11.59,3.185,22050,144.91,50.80,1356,1074,1513,4147,ON
583,2026-05-21 10:29:09.952,33.3,11.58,3.173,22097,144.82,50.88,1350,1071,1508,4100,ON
584,2026-05-21 10:29:10.452,33.3,11.59,3.180,22161,144.73,50.97,1340,1062,1497,4081,ON
585,2026-05-21 10:29:10.952,33.3,11.60,3.161,22224,144.65,51.06,1337,1059,1492,4130,ON
586,2026-05-21 10:29:11.452,33.3,11.62,3.188,22277,144.56,51.14,1343,1064,1499,4189,ON
587,2026-05-21 10:29:11.952,33.3,11.61,3.185,22333,144.47,51.23,1355,1075,1512,4228,ON
588,2026-05-21 10:29:12.452,33.3,11.60,3.153,22402,144.39,51.31,1361,1080,1518,4195,ON
589,2026-05-21 10:29:12.952,33.3,11.61,3.181,22476,144.30,51.41,1358,1079,1515,4156,ON
590,2026-05-21 10:29:13.452,33.3,11.61,3.171,22557,144.21,51.50,1352,1075,1508,4095,ON
591,2026-05-21 10:29:13.952,33.3,11.63,3.180,22630,144.12,51.59,1340,1065,1496,4044,ON
592,2026-05-21 10:29:14.452,33.3,11.62,3.173,22698,144.03,51.67,1336,1061,1491,4102,ON
593,2026-05-21 10:29:14.952,33.3,11.64,3.169,22756,143.94,51.76,1342,1066,1497,4170,ON
594,2026-05-21 10:29:15.452,33.3,11.65,3.188,22807,143.86,51.85,1352,1075,1508,4200,ON
595,2026-05-21 10:29:15.952,33.3,11.65,3.172,22866,143.77,51.93,1359,1082,1516,4160,ON
596,2026-05-21 10:29:16.452,33.3,11.66,3.188,22922,143.69,52.02,1354,1078,1510,4135,ON
597,2026-05-21 10:29:16.952,33.3,11.67,3.169,22981,143.59,52.11,1348,1075,1503,4132,ON
598,2026-05-21 10:29:17.452,33.3,11.68,3.169,23033,143.51,52.19,1343,1072,1500,4130,ON
599,2026-05-21 10:29:17.952,33.3,11.68,3.170,23089,143.42,52.28,1342,1072,1499,4180,ON
600,2026-05-21 10:29:18.452,33.3,11.68,3.154,23135,143.33,52.38,1347,1077,1505,4203,ON
601,2026-05-21 10:29:18.952,33.3,11.70,3.159,23196,143.24,52.46,1354,1082,1512,4200,ON
602,2026-05-21 10:29:19.452,33.3,11.70,3.170,23258,143.16,52.54,1359,1087,1517,4187,ON
603,2026-05-21 10:29:19.952,33.3,11.70,3.169,23316,143.07,52.63,1360,1087,1518,4179,ON
604,2026-05-21 10:29:20.452,33.3,11.71,3.148,23377,142.98,52.72,1359,1088,1517,4180,ON
605,2026-05-21 10:29:20.952,33.3,11.74,3.143,23426,142.90,52.81,1356,1087,1516,4150,ON
606,2026-05-21 10:29:21.452,33.3,11.74,3.158,23481,142.81,52.89,1351,1084,1510,4142,ON
607,2026-05-21 10:29:21.952,33.3,11.75,3.167,23539,142.72,52.98,1346,1081,1505,4170,ON
608,2026-05-21 10:29:22.452,33.3,11.74,3.161,23600,142.64,53.06,1348,1082,1507,4218,ON
609,2026-05-21 10:29:22.952,33.3,11.74,3.156,23667,142.55,53.15,1358,1091,1517,4248,ON
610,2026-05-21 10:29:23.452,33.3,11.75,3.170,23731,142.47,53.24,1366,1099,1527,4265,ON
611,2026-05-21 10:29:23.952,33.3,11.75,3.161,23798,142.37,53.33,1367,1101,1529,4218,ON
612,2026-05-21 10:29:24.452,33.3,11.75,3.153,23868,142.29,53.42,1365,1101,1527,4237,ON
613,2026-05-21 10:29:24.952,33.3,11.75,3.156,23936,142.20,53.51,1365,1102,1528,4278,ON
614,2026-05-21 10:29:25.452,33.3,11.76,3.159,24012,142.11,53.60,1369,1105,1531,4253,ON
615,2026-05-21 10:29:25.952,33.3,11.76,3.168,24089,142.02,53.68,1368,1103,1528,4213,ON
616,2026-05-21 10:29:26.452,33.3,11.74,3.156,24176,141.93,53.77,1365,1101,1525,4208,ON
617,2026-05-21 10:29:26.952,33.3,11.75,3.155,24259,141.85,53.86,1361,1098,1521,4180,ON
618,2026-05-21 10:29:27.452,33.3,11.76,3.137,24321,141.76,53.94,1357,1095,1518,4196,ON
619,2026-05-21 10:29:27.952,33.3,11.78,3.154,24372,141.67,54.03,1356,1096,1517,4180,ON
620,2026-05-21 10:29:28.452,33.3,11.78,3.155,24421,141.57,54.14,1354,1095,1514,4210,ON
621,2026-05-21 10:29:28.952,33.3,11.78,3.151,24482,141.48,54.23,1359,1099,1518,4222,ON
622,2026-05-21 10:29:29.452,33.3,11.79,3.160,24537,141.40,54.30,1363,1103,1523,4234,ON
623,2026-05-21 10:29:29.952,33.3,11.79,3.153,24579,141.30,54.40,1366,1106,1527,4255,ON
624,2026-05-21 10:29:30.452,33.3,11.79,3.137,24623,141.22,54.49,1366,1108,1527,4227,ON
625,2026-05-21 10:29:30.952,33.2,11.83,3.132,24667,141.13,54.57,1363,1107,1525,4224,ON
626,2026-05-21 10:29:31.452,33.2,11.84,3.146,24725,141.04,54.67,1358,1103,1518,4179,ON
627,2026-05-21 10:29:31.952,33.2,11.84,3.147,24783,140.95,54.75,1353,1099,1514,4197,ON
628,2026-05-21 10:29:32.452,33.2,11.83,3.164,24841,140.87,54.84,1358,1103,1518,4270,ON
629,2026-05-21 10:29:32.952,33.2,11.82,3.152,24890,140.78,54.93,1368,1113,1529,4253,ON
630,2026-05-21 10:29:33.452,33.2,11.81,3.136,24947,140.69,55.02,1372,1117,1534,4253,ON
631,2026-05-21 10:29:33.952,33.2,11.82,3.137,25004,140.61,55.09,1372,1118,1533,4214,ON
632,2026-05-21 10:29:34.452,33.2,11.83,3.129,25061,140.51,55.19,1365,1114,1527,4176,ON
633,2026-05-21 10:29:34.952,33.2,11.85,3.140,25120,140.43,55.28,1357,1106,1517,4180,ON
634,2026-05-21 10:29:35.452,33.2,11.84,3.148,25174,140.34,55.36,1353,1103,1512,4216,ON
635,2026-05-21 10:29:35.952,33.2,11.83,3.139,25235,140.25,55.45,1358,1109,1519,4288,ON
636,2026-05-21 10:29:36.452,33.2,11.85,3.149,25284,140.16,55.54,1368,1118,1531,4307,ON
637,2026-05-21 10:29:36.952,33.2,11.84,3.148,25333,140.08,55.63,1374,1124,1536,4251,ON
638,2026-05-21 10:29:37.452,33.2,11.83,3.142,25395,139.99,55.72,1373,1124,1534,4225,ON
639,2026-05-21 10:29:37.952,33.2,11.83,3.132,25447,139.90,55.80,1366,1118,1526,4188,ON
640,2026-05-21 10:29:38.452,33.2,11.82,3.158,25494,139.81,55.89,1359,1113,1519,4189,ON
641,2026-05-21 10:29:38.952,33.2,11.81,3.149,25550,139.73,55.98,1357,1112,1517,4205,ON
642,2026-05-21 10:29:39.452,33.2,11.80,3.151,25603,139.64,56.07,1361,1116,1523,4272,ON
643,2026-05-21 10:29:39.952,33.2,11.80,3.150,25658,139.55,56.15,1369,1124,1531,4284,ON
644,2026-05-21 10:29:40.452,33.2,11.82,3.146,25716,139.46,56.24,1374,1129,1536,4282,ON
645,2026-05-21 10:29:40.952,33.2,11.81,3.152,25784,139.38,56.33,1372,1129,1533,4222,ON
646,2026-05-21 10:29:41.452,33.2,11.81,3.150,25844,139.28,56.42,1365,1123,1525,4227,ON
647,2026-05-21 10:29:41.952,33.2,11.83,3.141,25905,139.20,56.50,1361,1120,1522,4258,ON
648,2026-05-21 10:29:42.452,33.2,11.84,3.142,25971,139.11,56.59,1363,1124,1526,4270,ON
649,2026-05-21 10:29:42.952,33.2,11.86,3.132,26044,139.03,56.68,1367,1127,1530,4284,ON
650,2026-05-21 10:29:43.452,33.2,11.88,3.135,26108,138.94,56.76,1371,1133,1533,4274,ON
651,2026-05-21 10:29:43.952,33.2,11.88,3.140,26166,138.85,56.85,1372,1133,1533,4246,ON
652,2026-05-21 10:29:44.452,33.2,11.88,3.132,26223,138.76,56.94,1367,1129,1528,4220,ON
653,2026-05-21 10:29:44.952,33.2,11.89,3.150,26275,138.67,57.03,1362,1125,1524,4221,ON
654,2026-05-21 10:29:45.452,33.2,11.89,3.138,26326,138.59,57.11,1362,1127,1525,4265,ON
655,2026-05-21 10:29:45.952,33.2,11.89,3.137,26391,138.51,57.20,1365,1131,1527,4322,ON
656,2026-05-21 10:29:46.452,33.2,11.87,3.149,26456,138.41,57.29,1371,1138,1533,4274,ON
657,2026-05-21 10:29:46.952,33.2,11.87,3.134,26515,138.32,57.38,1372,1138,1534,4251,ON
658,2026-05-21 10:29:47.452,33.2,11.88,3.140,26571,138.24,57.47,1370,1138,1533,4303,ON
659,2026-05-21 10:29:47.952,33.2,11.87,3.138,26630,138.15,57.56,1372,1140,1536,4274,ON
660,2026-05-21 10:29:48.452,33.2,11.87,3.128,26690,138.07,57.64,1378,1147,1543,4379,ON
661,2026-05-21 10:29:48.952,33.2,11.88,3.136,26747,137.98,57.73,1385,1154,1550,4331,ON
662,2026-05-21 10:29:49.452,33.2,11.88,3.134,26811,137.89,57.82,1383,1155,1549,4258,ON
663,2026-05-21 10:29:49.952,33.2,11.89,3.147,26871,137.80,57.90,1373,1146,1537,4252,ON
664,2026-05-21 10:29:50.452,33.2,11.90,3.120,26921,137.72,57.99,1366,1140,1530,4264,ON
665,2026-05-21 10:29:50.952,33.2,11.88,3.147,26974,137.63,58.08,1366,1141,1531,4309,ON
666,2026-05-21 10:29:51.452,33.2,11.85,3.153,27030,137.54,58.16,1374,1149,1540,4351,ON
667,2026-05-21 10:29:51.952,33.2,11.84,3.145,27079,137.45,58.26,1381,1157,1546,4340,ON
668,2026-05-21 10:29:52.452,33.2,11.86,3.134,27125,137.36,58.34,1383,1160,1548,4342,ON
669,2026-05-21 10:29:52.952,33.2,11.88,3.145,27173,137.27,58.43,1381,1159,1546,4303,ON
670,2026-05-21 10:29:53.452,33.2,11.88,3.140,27223,137.17,58.53,1377,1156,1542,4300,ON
671,2026-05-21 10:29:53.952,33.2,11.88,3.138,27274,137.09,58.62,1371,1153,1537,4290,ON
672,2026-05-21 10:29:54.452,33.2,11.88,3.132,27331,136.99,58.71,1371,1154,1537,4314,ON
673,2026-05-21 10:29:54.952,33.2,11.88,3.140,27391,136.91,58.79,1375,1158,1540,4328,ON
674,2026-05-21 10:29:55.452,33.2,11.88,3.137,27448,136.82,58.88,1379,1162,1544,4336,ON
675,2026-05-21 10:29:55.952,33.2,11.88,3.141,27498,136.74,58.97,1382,1164,1545,4343,ON
676,2026-05-21 10:29:56.452,33.2,11.89,3.128,27554,136.65,59.05,1383,1166,1548,4328,ON
677,2026-05-21 10:29:56.952,33.2,11.91,3.120,27621,136.56,59.15,1380,1165,1546,4303,ON
678,2026-05-21 10:29:57.452,33.2,11.93,3.145,27671,136.47,59.23,1374,1162,1540,4294,ON
679,2026-05-21 10:29:57.952,33.2,11.89,3.145,27717,136.39,59.32,1370,1159,1536,4328,ON
680,2026-05-21 10:29:58.452,33.2,11.87,3.148,27766,136.29,59.41,1374,1163,1539,4356,ON
681,2026-05-21 10:29:58.952,33.2,11.86,3.133,27821,136.21,59.49,1382,1170,1547,4370,ON
682,2026-05-21 10:29:59.452,33.2,11.88,3.126,27869,136.13,59.58,1387,1176,1553,4377,ON
683,2026-05-21 10:29:59.952,33.2,11.90,3.126,27917,136.04,59.67,1388,1178,1555,4355,ON
684,2026-05-21 10:30:00.452,33.2,11.90,3.136,27970,135.95,59.76,1384,1177,1551,4291,ON
685,2026-05-21 10:30:00.952,33.2,11.90,3.133,28047,135.85,59.85,1375,1170,1540,4291,ON
686,2026-05-21 10:30:01.452,33.2,11.90,3.134,28115,135.77,59.93,1370,1166,1535,4321,ON
687,2026-05-21 10:30:01.952,33.2,11.90,3.128,28178,135.68,60.02,1374,1170,1540,4378,ON
688,2026-05-21 10:30:02.452,33.2,11.91,3.136,28238,135.60,60.11,1384,1180,1551,4402,ON
689,2026-05-21 10:30:02.952,33.2,11.91,3.130,28299,135.51,60.19,1391,1187,1558,4398,ON
690,2026-05-21 10:30:03.452,33.2,11.92,3.126,28358,135.42,60.28,1390,1188,1555,4366,ON
691,2026-05-21 10:30:03.952,33.2,11.92,3.132,28408,135.34,60.36,1387,1186,1551,4369,ON
692,2026-05-21 10:30:04.452,33.2,11.92,3.127,28453,135.24,60.46,1386,1186,1551,4375,ON
693,2026-05-21 10:30:04.952,33.2,11.91,3.137,28503,135.16,60.55,1388,1188,1553,4383,ON
694,2026-05-21 10:30:05.452,33.2,11.90,3.141,28553,135.07,60.63,1391,1192,1557,4405,ON
695,2026-05-21 10:30:05.952,33.2,11.89,3.116,28596,134.99,60.71,1390,1193,1558,4380,ON
696,2026-05-21 10:30:06.452,33.2,11.90,3.124,28651,134.90,60.81,1385,1191,1554,4363,ON
697,2026-05-21 10:30:06.952,33.2,11.93,3.118,28713,134.81,60.89,1382,1189,1550,4381,ON
698,2026-05-21 10:30:07.452,33.2,11.94,3.124,28782,134.72,60.98,1385,1193,1552,4390,ON
699,2026-05-21 10:30:07.952,33.2,11.93,3.134,28829,134.63,61.07,1388,1195,1554,4429,ON
700,2026-05-21 10:30:08.452,33.2,11.94,3.124,28881,134.55,61.16,1394,1203,1563,4433,ON
701,2026-05-21 10:30:08.952,33.2,11.95,3.112,28932,134.46,61.24,1394,1205,1564,4392,ON
702,2026-05-21 10:30:09.452,33.2,11.96,3.140,28985,134.38,61.33,1389,1202,1559,4379,ON
703,2026-05-21 10:30:09.952,33.2,11.97,3.120,29026,134.28,61.42,1385,1200,1555,4394,ON
704,2026-05-21 10:30:10.452,33.2,11.97,3.127,29062,134.20,61.51,1388,1202,1556,4416,ON
705,2026-05-21 10:30:10.952,33.2,11.96,3.128,29110,134.11,61.59,1393,1207,1561,4448,ON
706,2026-05-21 10:30:11.452,33.2,11.94,3.134,29176,134.02,61.68,1396,1211,1566,4441,ON
707,2026-05-21 10:30:11.952,33.2,11.93,3.127,29245,133.94,61.77,1391,1209,1562,4380,ON
708,2026-05-21 10:30:12.452,33.2,11.94,3.121,29310,133.85,61.85,1385,1205,1556,4380,ON
709,2026-05-21 10:30:12.952,33.2,11.96,3.131,29370,133.76,61.94,1383,1204,1552,4417,ON
710,2026-05-21 10:30:13.452,33.2,11.95,3.138,29419,133.68,62.03,1391,1212,1560,4450,ON
711,2026-05-21 10:30:13.952,33.2,11.94,3.129,29466,133.59,62.11,1399,1219,1569,4480,ON
712,2026-05-21 10:30:14.452,33.2,11.95,3.121,29503,133.50,62.21,1403,1225,1574,4437,ON
713,2026-05-21 10:30:14.952,33.2,11.97,3.116,29543,133.42,62.29,1397,1221,1567,4382,ON
714,2026-05-21 10:30:15.452,33.2,11.98,3.123,29581,133.33,62.38,1389,1216,1559,4419,ON
715,2026-05-21 10:30:15.952,33.2,11.98,3.125,29633,133.23,62.47,1388,1216,1560,4449,ON
716,2026-05-21 10:30:16.452,33.2,11.98,3.116,29697,133.14,62.56,1395,1223,1567,4467,ON
717,2026-05-21 10:30:16.952,33.1,11.99,3.124,29770,133.05,62.66,1402,1228,1572,4484,ON
718,2026-05-21 10:30:17.452,33.1,12.00,3.118,29835,132.96,62.75,1403,1228,1570,4455,ON
719,2026-05-21 10:30:17.952,33.1,12.00,3.119,29886,132.87,62.84,1401,1227,1567,4437,ON
720,2026-05-21 10:30:18.452,33.2,11.98,3.128,29933,132.78,62.92,1398,1228,1565,4438,ON
721,2026-05-21 10:30:18.952,33.2,11.98,3.121,29983,132.70,63.00,1399,1232,1568,4471,ON
722,2026-05-21 10:30:19.452,33.2,11.97,3.134,30030,132.61,63.09,1404,1238,1575,4500,ON
723,2026-05-21 10:30:19.952,33.1,11.96,3.125,30087,132.53,63.18,1408,1243,1580,4505,ON
724,2026-05-21 10:30:20.452,33.1,11.96,3.126,30141,132.43,63.27,1409,1245,1582,4458,ON
725,2026-05-21 10:30:20.952,33.1,11.95,3.126,30197,132.34,63.36,1401,1241,1574,4421,ON
726,2026-05-21 10:30:21.452,33.2,11.95,3.122,30262,132.26,63.44,1394,1235,1565,4445,ON
727,2026-05-21 10:30:21.952,33.1,11.93,3.136,30318,132.17,63.53,1393,1235,1565,4498,ON
728,2026-05-21 10:30:22.452,33.2,11.92,3.132,30370,132.08,63.63,1401,1244,1574,4534,ON
729,2026-05-21 10:30:22.952,33.2,11.92,3.131,30413,132.00,63.71,1410,1253,1584,4537,ON
730,2026-05-21 10:30:23.452,33.2,11.92,3.136,30463,131.91,63.79,1414,1258,1588,4519,ON
731,2026-05-21 10:30:23.952,33.2,11.92,3.134,30509,131.82,63.88,1414,1260,1588,4486,ON
732,2026-05-21 10:30:24.452,33.1,11.93,3.122,30559,131.73,63.97,1408,1256,1581,4462,ON
733,2026-05-21 10:30:24.952,33.1,11.95,3.124,30628,131.64,64.06,1400,1250,1573,4459,ON
734,2026-05-21 10:30:25.452,33.1,11.95,3.131,30691,131.56,64.14,1397,1248,1570,4474,ON
735,2026-05-21 10:30:25.952,33.2,11.94,3.138,30738,131.47,64.23,1399,1252,1574,4548,ON
736,2026-05-21 10:30:26.452,33.2,11.94,3.131,30794,131.38,64.33,1407,1261,1583,4556,ON
737,2026-05-21 10:30:26.952,33.2,11.93,3.134,30853,131.29,64.41,1413,1268,1588,4558,ON
738,2026-05-21 10:30:27.452,33.1,11.93,3.133,30901,131.21,64.50,1415,1271,1589,4539,ON
739,2026-05-21 10:30:27.952,33.1,11.94,3.123,30949,131.12,64.59,1413,1270,1587,4524,ON
740,2026-05-21 10:30:28.452,33.1,11.94,3.128,31003,131.04,64.67,1409,1268,1584,4507,ON
741,2026-05-21 10:30:28.952,33.1,11.94,3.120,31061,130.94,64.76,1405,1265,1581,4490,ON
742,2026-05-21 10:30:29.452,33.2,11.95,3.122,31114,130.86,64.85,1403,1266,1578,4506,ON
743,2026-05-21 10:30:29.952,33.2,11.96,3.120,31155,130.77,64.93,1405,1269,1580,4521,ON
744,2026-05-21 10:30:30.452,33.1,11.97,3.108,31211,130.68,65.02,1410,1274,1584,4544,ON
745,2026-05-21 10:30:30.952,33.1,11.96,3.128,31274,130.59,65.11,1416,1281,1591,4583,ON
746,2026-05-21 10:30:31.452,33.1,11.96,3.143,31331,130.50,65.20,1420,1287,1598,4597,ON
747,2026-05-21 10:30:31.952,33.1,11.92,3.132,31378,130.42,65.29,1419,1287,1597,4554,ON
748,2026-05-21 10:30:32.452,33.1,11.92,3.132,31426,130.33,65.37,1411,1282,1589,4505,ON
749,2026-05-21 10:30:32.952,33.1,11.93,3.130,31473,130.23,65.47,1404,1277,1581,4510,ON
750,2026-05-21 10:30:33.452,33.1,11.93,3.128,31525,130.16,65.55,1404,1278,1580,4572,ON
751,2026-05-21 10:30:33.952,33.1,11.93,3.132,31581,130.07,65.64,1413,1287,1590,4637,ON
752,2026-05-21 10:30:34.452,33.1,11.94,3.120,31638,129.99,65.72,1423,1298,1601,4593,ON
753,2026-05-21 10:30:34.952,33.1,11.96,3.126,31698,129.89,65.81,1425,1301,1603,4580,ON
754,2026-05-21 10:30:35.452,33.1,11.96,3.121,31753,129.81,65.89,1423,1301,1601,4559,ON
755,2026-05-21 10:30:35.952,33.1,11.97,3.128,31793,129.72,65.98,1415,1297,1594,4551,ON
756,2026-05-21 10:30:36.452,33.1,11.97,3.134,31831,129.63,66.08,1409,1291,1586,4537,ON
757,2026-05-21 10:30:36.952,33.1,11.96,3.128,31874,129.55,66.16,1408,1291,1586,4575,ON
758,2026-05-21 10:30:37.452,33.1,11.97,3.119,31918,129.45,66.25,1413,1298,1592,4642,ON
759,2026-05-21 10:30:37.952,33.1,11.98,3.114,31964,129.37,66.34,1421,1307,1600,4627,ON
760,2026-05-21 10:30:38.452,33.1,11.97,3.137,32010,129.29,66.42,1423,1312,1602,4610,ON
761,2026-05-21 10:30:38.952,33.1,11.95,3.133,32058,129.20,66.51,1424,1314,1603,4619,ON
762,2026-05-21 10:30:39.452,33.1,11.94,3.117,32100,129.10,66.60,1422,1314,1603,4576,ON
763,2026-05-21 10:30:39.952,33.1,11.94,3.120,32139,129.02,66.68,1416,1309,1596,4572,ON
764,2026-05-21 10:30:40.452,33.1,11.96,3.117,32175,128.93,66.78,1412,1308,1593,4574,ON
765,2026-05-21 10:30:40.952,33.1,11.97,3.119,32229,128.84,66.86,1414,1310,1594,4633,ON
766,2026-05-21 10:30:41.452,33.1,11.98,3.120,32274,128.76,66.95,1421,1317,1601,4647,ON
767,2026-05-21 10:30:41.952,33.1,11.98,3.120,32316,128.67,67.04,1427,1323,1606,4687,ON
768,2026-05-21 10:30:42.452,33.1,11.98,3.122,32361,128.58,67.12,1432,1330,1613,4667,ON
769,2026-05-21 10:30:42.952,33.1,11.98,3.113,32415,128.49,67.21,1429,1329,1610,4620,ON
770,2026-05-21 10:30:43.452,33.1,12.00,3.118,32474,128.40,67.30,1423,1325,1603,4589,ON
771,2026-05-21 10:30:43.952,33.1,12.00,3.119,32536,128.32,67.38,1417,1320,1596,4593,ON
772,2026-05-21 10:30:44.452,33.1,12.01,3.110,32593,128.23,67.48,1416,1320,1595,4629,ON
773,2026-05-21 10:30:44.952,33.1,12.01,3.123,32649,128.14,67.56,1422,1326,1601,4679,ON
774,2026-05-21 10:30:45.452,33.1,12.00,3.123,32702,128.06,67.65,1430,1336,1610,4675,ON
775,2026-05-21 10:30:45.952,33.1,11.99,3.119,32741,127.97,67.73,1433,1341,1614,4652,ON
776,2026-05-21 10:30:46.452,33.1,11.99,3.116,32800,127.88,67.82,1432,1342,1613,4619,ON
777,2026-05-21 10:30:46.952,33.1,12.00,3.119,32865,127.77,67.93,1425,1337,1605,4605,ON
778,2026-05-21 10:30:47.452,33.1,12.01,3.120,32936,127.69,68.01,1427,1341,1607,4633,ON
779,2026-05-21 10:30:47.952,33.1,12.00,3.117,32992,127.60,68.10,1432,1347,1612,4685,ON
780,2026-05-21 10:30:48.452,33.1,11.99,3.123,33053,127.52,68.19,1433,1348,1613,4689,ON
781,2026-05-21 10:30:48.952,33.1,11.99,3.125,33112,127.43,68.28,1431,1348,1610,4649,ON
782,2026-05-21 10:30:49.452,33.1,11.98,3.126,33153,127.34,68.37,1427,1346,1607,4666,ON
783,2026-05-21 10:30:49.952,33.1,11.98,3.112,33179,127.25,68.45,1425,1347,1607,4630,ON
784,2026-05-21 10:30:50.452,33.1,11.98,3.131,33215,127.17,68.53,1426,1350,1608,4710,ON
785,2026-05-21 10:30:50.952,33.1,11.99,3.113,33265,127.08,68.62,1433,1358,1614,4716,ON
786,2026-05-21 10:30:51.452,33.1,12.00,3.120,33308,127.00,68.71,1438,1365,1620,4731,ON
787,2026-05-21 10:30:51.952,33.1,11.99,3.119,33341,126.90,68.80,1441,1369,1624,4702,ON
788,2026-05-21 10:30:52.452,33.1,12.00,3.113,33382,126.82,68.88,1437,1366,1620,4669,ON
789,2026-05-21 10:30:52.952,33.1,12.02,3.125,33421,126.73,68.97,1432,1363,1615,4647,ON
790,2026-05-21 10:30:53.452,33.1,12.00,3.119,33459,126.64,69.06,1426,1358,1607,4648,ON
791,2026-05-21 10:30:53.952,33.1,11.98,3.124,33493,126.56,69.15,1425,1360,1607,4688,ON
792,2026-05-21 10:30:54.452,33.1,11.97,3.124,33532,126.47,69.24,1433,1368,1615,4739,ON
793,2026-05-21 10:30:54.952,33.1,11.98,3.105,33567,126.38,69.32,1440,1377,1622,4758,ON
794,2026-05-21 10:30:55.452,33.1,11.99,3.125,33603,126.29,69.41,1444,1383,1628,4759,ON
795,2026-05-21 10:30:55.952,33.1,12.00,3.110,33652,126.21,69.50,1442,1382,1625,4704,ON
796,2026-05-21 10:30:56.452,33.1,12.00,3.121,33710,126.11,69.59,1434,1377,1617,4681,ON
797,2026-05-21 10:30:56.952,33.1,12.00,3.100,33764,126.03,69.67,1428,1373,1611,4684,ON
798,2026-05-21 10:30:57.452,33.1,12.03,3.104,33826,125.94,69.76,1429,1375,1612,4741,ON
799,2026-05-21 10:30:57.952,33.1,12.05,3.115,33874,125.86,69.85,1436,1383,1620,4770,ON
800,2026-05-21 10:30:58.452,33.1,12.04,3.122,33915,125.76,69.94,1443,1392,1627,4774,ON
801,2026-05-21 10:30:58.952,33.1,12.03,3.130,33954,125.68,70.02,1446,1397,1632,4756,ON
802,2026-05-21 10:30:59.452,33.1,12.02,3.108,33992,125.59,70.11,1445,1398,1629,4733,ON
803,2026-05-21 10:30:59.952,33.1,12.01,3.122,34035,125.50,70.20,1438,1393,1623,4675,ON
804,2026-05-21 10:31:00.452,33.1,12.00,3.125,34098,125.42,70.28,1434,1390,1619,4726,ON
805,2026-05-21 10:31:00.952,33.1,12.00,3.128,34172,125.33,70.37,1433,1391,1619,4779,ON
806,2026-05-21 10:31:01.452,33.1,11.99,3.121,34233,125.25,70.46,1438,1398,1625,4809,ON
807,2026-05-21 10:31:01.952,33.1,11.99,3.119,34285,125.16,70.55,1446,1407,1631,4807,ON
808,2026-05-21 10:31:02.452,33.1,12.00,3.111,34323,125.08,70.63,1450,1413,1635,4813,ON
809,2026-05-21 10:31:02.952,33.1,12.02,3.112,34361,124.98,70.72,1450,1415,1636,4794,ON
810,2026-05-21 10:31:03.452,33.1,12.01,3.120,34388,124.90,70.81,1448,1414,1634,4759,ON
811,2026-05-21 10:31:03.952,33.1,12.01,3.107,34423,124.80,70.90,1442,1410,1633,4795,ON
812,2026-05-21 10:31:04.452,33.1,12.02,3.113,34462,124.72,70.98,1447,1416,1634,4803,ON
813,2026-05-21 10:31:04.952,33.1,12.03,3.104,34515,124.63,71.07,1452,1424,1639,4815,ON
814,2026-05-21 10:31:05.452,33.1,12.02,3.114,34568,124.54,71.16,1453,1427,1640,4795,ON
815,2026-05-21 10:31:05.952,33.1,12.01,3.115,34629,124.46,71.24,1450,1426,1637,4786,ON
816,2026-05-21 10:31:06.452,33.1,12.02,3.114,34689,124.38,71.33,1445,1423,1632,4767,ON
817,2026-05-21 10:31:06.952,33.1,12.02,3.120,34740,124.28,71.42,1440,1419,1628,4771,ON
818,2026-05-21 10:31:07.452,33.1,12.02,3.114,34786,124.20,71.50,1439,1420,1626,4804,ON
819,2026-05-21 10:31:07.952,33.1,12.03,3.119,34820,124.11,71.60,1445,1427,1630,4858,ON
820,2026-05-21 10:31:08.452,33.1,12.02,3.104,34841,124.01,71.69,1453,1437,1640,4853,ON
821,2026-05-21 10:31:08.952,33.1,12.03,3.121,34891,123.93,71.77,1458,1443,1646,4857,ON
822,2026-05-21 10:31:09.452,33.1,12.02,3.102,34966,123.84,71.86,1458,1444,1646,4829,ON
823,2026-05-21 10:31:09.952,33.1,12.03,3.105,35034,123.76,71.95,1454,1443,1642,4798,ON
824,2026-05-21 10:31:10.452,33.1,12.05,3.112,35097,123.68,72.03,1448,1440,1637,4799,ON
825,2026-05-21 10:31:10.952,33.1,12.05,3.113,35157,123.56,72.14,1445,1437,1633,4822,ON
826,2026-05-21 10:31:11.452,33.1,12.04,3.117,35193,123.48,72.22,1448,1442,1635,4847,ON
827,2026-05-21 10:31:11.952,33.1,12.05,3.111,35218,123.40,72.31,1457,1453,1644,4925,ON
828,2026-05-21 10:31:12.452,33.1,12.05,3.115,35245,123.30,72.40,1467,1465,1656,4943,ON
829,2026-05-21 10:31:12.952,33.1,12.05,3.105,35270,123.22,72.49,1469,1470,1658,4899,ON
830,2026-05-21 10:31:13.452,33.1,12.05,3.119,35295,123.13,72.58,1461,1464,1650,4820,ON
831,2026-05-21 10:31:13.952,33.1,12.05,3.105,35333,123.04,72.66,1452,1455,1640,4833,ON
832,2026-05-21 10:31:14.452,33.1,12.05,3.127,35389,122.96,72.75,1450,1455,1638,4873,ON
833,2026-05-21 10:31:14.952,33.1,12.04,3.113,35445,122.87,72.84,1454,1460,1643,4911,ON
834,2026-05-21 10:31:15.452,33.1,12.04,3.113,35494,122.78,72.92,1461,1469,1650,4925,ON
835,2026-05-21 10:31:15.952,33.1,12.03,3.126,35538,122.69,73.01,1467,1477,1656,4916,ON
836,2026-05-21 10:31:16.452,33.1,12.03,3.105,35578,122.61,73.10,1468,1480,1657,4878,ON
837,2026-05-21 10:31:16.952,33.1,12.04,3.110,35605,122.51,73.19,1460,1474,1648,4851,ON
838,2026-05-21 10:31:17.452,33.1,12.03,3.115,35646,122.43,73.28,1453,1469,1643,4851,ON
839,2026-05-21 10:31:17.952,33.1,12.02,3.127,35701,122.34,73.36,1451,1469,1642,4891,ON
840,2026-05-21 10:31:18.452,33.1,12.01,3.120,35750,122.26,73.44,1455,1474,1645,4961,ON
841,2026-05-21 10:31:18.952,33.1,12.03,3.106,35803,122.17,73.53,1464,1486,1655,4959,ON
842,2026-05-21 10:31:19.452,33.1,12.05,3.101,35843,122.09,73.62,1467,1490,1656,4930,ON
843,2026-05-21 10:31:19.952,33.1,12.06,3.101,35875,121.99,73.71,1467,1492,1656,4904,ON
844,2026-05-21 10:31:20.452,33.1,12.06,3.113,35902,121.91,73.79,1461,1487,1650,4875,ON
845,2026-05-21 10:31:20.952,33.1,12.05,3.115,35933,121.82,73.88,1455,1483,1645,4878,ON
846,2026-05-21 10:31:21.452,33.1,12.04,3.113,35976,121.73,73.97,1452,1483,1642,4898,ON
847,2026-05-21 10:31:21.952,33.1,12.04,3.103,36009,121.64,74.06,1458,1491,1649,4980,ON
848,2026-05-21 10:31:22.452,33.1,12.05,3.100,36044,121.56,74.14,1467,1502,1658,4999,ON
849,2026-05-21 10:31:22.952,33.1,12.07,3.098,36105,121.48,74.23,1473,1511,1665,4989,ON
850,2026-05-21 10:31:23.452,33.1,12.09,3.102,36149,121.39,74.31,1472,1510,1663,4933,ON
851,2026-05-21 10:31:23.952,33.1,12.09,3.115,36187,121.30,74.41,1468,1507,1659,4981,ON
852,2026-05-21 10:31:24.452,33.1,12.08,3.108,36220,121.21,74.49,1470,1512,1661,4912,ON
853,2026-05-21 10:31:24.952,33.1,12.07,3.125,36265,121.13,74.58,1469,1513,1665,4979,ON
854,2026-05-21 10:31:25.452,33.1,12.07,3.104,36298,121.04,74.66,1474,1519,1668,4995,ON
855,2026-05-21 10:31:25.952,33.1,12.08,3.099,36328,120.96,74.75,1477,1524,1670,5017,ON
856,2026-05-21 10:31:26.452,33.1,12.09,3.117,36361,120.86,74.85,1476,1524,1667,4946,ON
857,2026-05-21 10:31:26.952,33.1,12.09,3.112,36407,120.78,74.92,1470,1522,1660,4970,ON
858,2026-05-21 10:31:27.452,33.1,12.08,3.095,36466,120.69,75.02,1473,1527,1662,5003,ON
859,2026-05-21 10:31:27.952,33.1,12.10,3.103,36534,120.61,75.10,1479,1534,1668,5026,ON
860,2026-05-21 10:31:28.452,33.1,12.10,3.112,36599,120.51,75.19,1481,1537,1671,4978,ON
861,2026-05-21 10:31:28.952,33.1,12.09,3.107,36662,120.43,75.27,1476,1533,1665,4986,ON
862,2026-05-21 10:31:29.452,33.1,12.08,3.109,36722,120.34,75.36,1470,1529,1659,4961,ON
863,2026-05-21 10:31:29.952,33.1,12.09,3.103,36774,120.26,75.45,1467,1528,1656,5034,ON
864,2026-05-21 10:31:30.452,33.1,12.09,3.117,36813,120.16,75.54,1477,1541,1669,5066,ON
865,2026-05-21 10:31:30.952,33.1,12.06,3.106,36877,120.08,75.62,1485,1551,1678,5059,ON
866,2026-05-21 10:31:31.452,33.1,12.05,3.114,36929,119.99,75.71,1487,1555,1682,5027,ON
867,2026-05-21 10:31:31.952,33.1,12.04,3.101,36981,119.91,75.79,1482,1552,1679,4972,ON
868,2026-05-21 10:31:32.452,33.1,12.07,3.106,37013,119.82,75.88,1472,1544,1669,4975,ON
869,2026-05-21 10:31:32.952,33.1,12.07,3.105,37048,119.73,75.97,1471,1544,1668,5038,ON
870,2026-05-21 10:31:33.452,33.1,12.09,3.094,37086,119.65,76.05,1479,1555,1678,5107,ON
871,2026-05-21 10:31:33.952,33.1,12.11,3.101,37124,119.56,76.15,1487,1565,1688,5080,ON
872,2026-05-21 10:31:34.452,33.1,12.11,3.099,37173,119.47,76.24,1488,1567,1690,5033,ON
873,2026-05-21 10:31:34.952,33.1,12.10,3.102,37219,119.38,76.32,1481,1562,1683,5021,ON
874,2026-05-21 10:31:35.452,33.1,12.10,3.101,37254,119.29,76.41,1474,1556,1676,4992,ON
875,2026-05-21 10:31:35.952,33.1,12.10,3.117,37284,119.21,76.50,1472,1556,1675,5049,ON
876,2026-05-21 10:31:36.452,33.1,12.08,3.121,37310,119.12,76.58,1479,1564,1683,5109,ON
877,2026-05-21 10:31:36.952,33.1,12.09,3.093,37345,119.03,76.68,1487,1576,1692,5118,ON
878,2026-05-21 10:31:37.452,33.1,12.08,3.108,37389,118.95,76.75,1493,1583,1697,5093,ON
879,2026-05-21 10:31:37.952,33.1,12.08,3.108,37441,118.85,76.86,1489,1581,1694,5048,ON
880,2026-05-21 10:31:38.452,33.1,12.07,3.096,37496,118.75,76.95,1482,1575,1686,5013,ON
881,2026-05-21 10:31:38.952,33.1,12.10,3.097,37536,118.67,77.03,1477,1573,1683,5090,ON
882,2026-05-21 10:31:39.452,33.1,12.10,3.105,37567,118.58,77.12,1480,1578,1686,5105,ON
883,2026-05-21 10:31:39.952,33.1,12.09,3.120,37596,118.49,77.21,1488,1588,1693,5143,ON
884,2026-05-21 10:31:40.452,33.1,12.09,3.101,37614,118.41,77.30,1495,1597,1697,5126,ON
885,2026-05-21 10:31:40.952,33.1,12.10,3.107,37645,118.32,77.39,1493,1597,1694,5078,ON
886,2026-05-21 10:31:41.452,33.1,12.07,3.121,37688,118.23,77.47,1487,1593,1688,5057,ON
887,2026-05-21 10:31:41.952,33.1,12.05,3.110,37725,118.14,77.56,1480,1586,1680,5051,ON
888,2026-05-21 10:31:42.452,33.1,12.06,3.105,37787,118.05,77.65,1479,1588,1680,5113,ON
889,2026-05-21 10:31:42.952,33.1,12.07,3.111,37849,117.96,77.74,1488,1601,1689,5158,ON
890,2026-05-21 10:31:43.452,33.1,12.07,3.107,37889,117.89,77.82,1495,1610,1698,5138,ON
891,2026-05-21 10:31:43.952,33.1,12.07,3.101,37928,117.79,77.91,1496,1612,1696,5127,ON
892,2026-05-21 10:31:44.452,33.1,12.09,3.098,37954,117.70,78.00,1494,1611,1693,5101,ON
893,2026-05-21 10:31:44.952,33.1,12.07,3.116,37986,117.62,78.09,1488,1606,1689,5098,ON
894,2026-05-21 10:31:45.452,33.1,12.08,3.096,38023,117.53,78.17,1485,1606,1687,5124,ON
895,2026-05-21 10:31:45.952,33.1,12.10,3.096,38079,117.44,78.26,1487,1610,1688,5194,ON
896,2026-05-21 10:31:46.452,33.1,12.11,3.113,38113,117.36,78.35,1497,1624,1698,5187,ON
897,2026-05-21 10:31:46.952,33.1,12.10,3.108,38150,117.27,78.44,1501,1630,1702,5138,ON
898,2026-05-21 10:31:47.452,33.1,12.09,3.102,38172,117.19,78.52,1497,1626,1697,5109,ON
899,2026-05-21 10:31:47.952,33.1,12.09,3.103,38203,117.09,78.61,1489,1620,1690,5092,ON
900,2026-05-21 10:31:48.452,33.1,12.10,3.094,38231,117.01,78.69,1486,1618,1687,5128,ON
901,2026-05-21 10:31:48.952,33.1,12.12,3.094,38283,116.93,78.78,1489,1624,1690,5187,ON
902,2026-05-21 10:31:49.452,33.1,12.13,3.096,38319,116.84,78.87,1498,1636,1698,5204,ON
903,2026-05-21 10:31:49.952,33.1,12.13,3.085,38357,116.75,78.96,1505,1645,1706,5233,ON
904,2026-05-21 10:31:50.452,33.0,12.11,3.106,38392,116.65,79.05,1506,1650,1708,5209,ON
905,2026-05-21 10:31:50.952,33.0,12.10,3.099,38442,116.57,79.13,1500,1645,1703,5161,ON
906,2026-05-21 10:31:51.452,33.0,12.11,3.101,38506,116.48,79.22,1492,1639,1695,5142,ON
907,2026-05-21 10:31:51.952,33.0,12.12,3.113,38552,116.39,79.31,1492,1640,1694,5225,ON
908,2026-05-21 10:31:52.452,33.0,12.09,3.100,38590,116.31,79.40,1502,1654,1707,5273,ON
909,2026-05-21 10:31:52.952,33.0,12.09,3.093,38621,116.22,79.48,1511,1666,1716,5260,ON
910,2026-05-21 10:31:53.452,33.1,12.10,3.100,38652,116.14,79.57,1512,1669,1717,5194,ON
911,2026-05-21 10:31:53.952,33.1,12.09,3.114,38681,116.05,79.66,1504,1662,1708,5144,ON
912,2026-05-21 10:31:54.452,33.1,12.09,3.103,38723,115.96,79.75,1493,1651,1695,5208,ON
913,2026-05-21 10:31:54.952,33.1,12.09,3.109,38759,115.88,79.83,1495,1656,1700,5256,ON
914,2026-05-21 10:31:55.452,33.1,12.08,3.116,38796,115.79,79.92,1504,1668,1710,5305,ON
915,2026-05-21 10:31:55.952,33.1,12.07,3.107,38821,115.70,80.01,1512,1680,1718,5296,ON
916,2026-05-21 10:31:56.452,33.0,12.08,3.097,38855,115.61,80.09,1512,1681,1717,5227,ON
917,2026-05-21 10:31:56.952,33.0,12.10,3.095,38898,115.53,80.17,1509,1678,1713,5194,ON
918,2026-05-21 10:31:57.452,33.0,12.09,3.104,38935,115.44,80.26,1502,1674,1708,5199,ON
919,2026-05-21 10:31:57.952,33.1,12.09,3.095,38968,115.36,80.35,1503,1678,1710,5253,ON
920,2026-05-21 10:31:58.452,33.1,12.09,3.104,39006,115.26,80.44,1508,1685,1715,5283,ON
921,2026-05-21 10:31:58.952,33.1,12.08,3.107,39046,115.17,80.53,1514,1694,1721,5293,ON
922,2026-05-21 10:31:59.452,33.0,12.07,3.112,39092,115.09,80.61,1516,1698,1723,5290,ON
923,2026-05-21 10:31:59.952,33.0,12.06,3.105,39133,115.00,80.70,1513,1698,1722,5252,ON
924,2026-05-21 10:32:00.452,33.0,12.07,3.101,39165,114.92,80.79,1508,1693,1716,5253,ON
925,2026-05-21 10:32:00.952,33.1,12.08,3.104,39201,114.83,80.87,1504,1690,1712,5308,ON
926,2026-05-21 10:32:01.452,33.1,12.09,3.118,39241,114.73,80.97,1510,1700,1719,5347,ON
927,2026-05-21 10:32:01.952,33.1,12.09,3.099,39283,114.65,81.05,1519,1709,1725,5352,ON
928,2026-05-21 10:32:02.452,33.1,12.08,3.110,39319,114.56,81.14,1516,1704,1718,5312,ON
929,2026-05-21 10:32:02.952,33.0,12.07,3.112,39348,114.48,81.23,1511,1703,1716,5274,ON
930,2026-05-21 10:32:03.452,33.0,12.07,3.106,39375,114.39,81.31,1517,1713,1724,5338,ON
931,2026-05-21 10:32:03.952,33.0,12.07,3.101,39421,114.30,81.40,1523,1723,1732,5362,ON
932,2026-05-21 10:32:04.452,33.1,12.09,3.115,39469,114.21,81.49,1528,1731,1737,5339,ON
933,2026-05-21 10:32:04.952,33.1,12.07,3.099,39520,114.13,81.58,1527,1734,1738,5294,ON
934,2026-05-21 10:32:05.452,33.1,12.09,3.101,39568,114.04,81.66,1517,1726,1728,5266,ON
935,2026-05-21 10:32:05.952,33.1,12.08,3.113,39606,113.94,81.76,1512,1721,1723,5328,ON
936,2026-05-21 10:32:06.452,33.1,12.08,3.104,39629,113.86,81.85,1516,1728,1729,5404,ON
937,2026-05-21 10:32:06.952,33.0,12.08,3.119,39643,113.77,81.93,1525,1739,1737,5395,ON
938,2026-05-21 10:32:07.452,33.0,12.08,3.106,39669,113.69,82.02,1528,1744,1740,5387,ON
939,2026-05-21 10:32:07.952,33.0,12.09,3.095,39713,113.58,82.12,1524,1739,1733,5324,ON
940,2026-05-21 10:32:08.452,33.0,12.11,3.114,39775,113.50,82.20,1519,1735,1727,5320,ON
941,2026-05-21 10:32:08.952,33.0,12.08,3.103,39827,113.41,82.29,1515,1733,1724,5361,ON
942,2026-05-21 10:32:09.452,33.1,12.09,3.108,39874,113.32,82.38,1521,1742,1730,5410,ON
943,2026-05-21 10:32:09.952,33.1,12.08,3.098,39911,113.24,82.47,1529,1754,1739,5420,ON
944,2026-05-21 10:32:10.452,33.0,12.10,3.116,39951,113.14,82.56,1535,1762,1745,5392,ON
945,2026-05-21 10:32:10.952,33.0,12.08,3.097,39994,113.06,82.64,1530,1759,1740,5339,ON
946,2026-05-21 10:32:11.452,33.0,12.10,3.101,40019,112.97,82.73,1521,1751,1731,5344,ON
947,2026-05-21 10:32:11.952,33.0,12.11,3.101,40039,112.88,82.82,1519,1751,1730,5412,ON
948,2026-05-21 10:32:12.452,33.0,12.11,3.099,40053,112.80,82.91,1527,1762,1737,5441,ON
949,2026-05-21 10:32:12.952,33.0,12.12,3.096,40062,112.71,82.99,1534,1770,1743,5462,ON
950,2026-05-21 10:32:13.452,33.0,12.13,3.091,40086,112.63,83.08,1534,1773,1743,5413,ON
951,2026-05-21 10:32:13.952,33.0,12.14,3.100,40118,112.54,83.16,1528,1767,1737,5355,ON
952,2026-05-21 10:32:14.452,33.0,12.13,3.109,40148,112.45,83.25,1523,1764,1732,5366,ON
953,2026-05-21 10:32:14.952,33.0,12.12,3.105,40174,112.36,83.34,1524,1767,1734,5439,ON
954,2026-05-21 10:32:15.452,33.1,12.11,3.102,40190,112.27,83.43,1533,1780,1743,5467,ON
955,2026-05-21 10:32:15.952,33.1,12.09,3.112,40206,112.19,83.52,1539,1789,1750,5458,ON
956,2026-05-21 10:32:16.452,33.0,12.08,3.097,40227,112.10,83.60,1539,1791,1749,5413,ON
957,2026-05-21 10:32:16.952,33.0,12.10,3.104,40269,112.01,83.69,1532,1785,1742,5373,ON
958,2026-05-21 10:32:17.452,33.0,12.10,3.110,40333,111.93,83.77,1524,1779,1735,5422,ON
959,2026-05-21 10:32:17.952,33.0,12.08,3.109,40400,111.84,83.87,1526,1782,1736,5471,ON
960,2026-05-21 10:32:18.452,33.0,12.08,3.113,40459,111.75,83.96,1535,1793,1744,5473,ON
961,2026-05-21 10:32:18.952,33.0,12.08,3.107,40507,111.66,84.04,1539,1799,1748,5461,ON
962,2026-05-21 10:32:19.452,33.0,12.08,3.108,40546,111.58,84.12,1540,1802,1749,5421,ON
963,2026-05-21 10:32:19.952,33.1,12.10,3.099,40575,111.49,84.21,1534,1798,1744,5402,ON
964,2026-05-21 10:32:20.452,33.0,12.10,3.106,40621,111.40,84.30,1527,1793,1737,5407,ON
965,2026-05-21 10:32:20.952,33.0,12.10,3.103,40678,111.32,84.39,1529,1798,1740,5483,ON
966,2026-05-21 10:32:21.452,33.0,12.10,3.094,40729,111.23,84.47,1536,1807,1746,5486,ON
967,2026-05-21 10:32:21.952,33.0,12.12,3.094,40760,111.14,84.57,1541,1815,1751,5510,ON
968,2026-05-21 10:32:22.452,33.0,12.12,3.103,40808,111.05,84.65,1542,1819,1752,5479,ON
969,2026-05-21 10:32:22.952,33.0,12.11,3.094,40856,110.97,84.73,1538,1817,1749,5465,ON
970,2026-05-21 10:32:23.452,33.0,12.12,3.104,40893,110.88,84.83,1534,1814,1747,5471,ON
971,2026-05-21 10:32:23.952,33.0,12.12,3.104,40920,110.79,84.91,1536,1820,1748,5498,ON
972,2026-05-21 10:32:24.452,33.0,12.13,3.102,40951,110.71,84.99,1542,1831,1754,5559,ON
973,2026-05-21 10:32:24.952,33.0,12.14,3.097,40976,110.61,85.09,1549,1842,1761,5543,ON
974,2026-05-21 10:32:25.452,33.0,12.14,3.081,40999,110.53,85.17,1551,1846,1756,5483,ON
975,2026-05-21 10:32:25.952,33.0,12.12,3.108,41036,110.44,85.26,1542,1837,1750,5435,ON
976,2026-05-21 10:32:26.452,33.0,12.11,3.094,41078,110.36,85.34,1536,1830,1754,5463,ON
977,2026-05-21 10:32:26.952,33.0,12.12,3.109,41133,110.27,85.44,1536,1831,1759,5539,ON
978,2026-05-21 10:32:27.452,33.0,12.10,3.107,41185,110.18,85.53,1545,1841,1762,5515,ON
