SampleIndex,Timestamp,Temp,pH,Volt,EC,Weight,Weightloss,R,G,B,C,RelayStatus
0,2026-05-24 22:47:18.075,31.9,0.40,4.773,47223,195.92,0.13,1380,2249,1746,5776,ON
1,2026-05-24 22:47:18.575,31.9,0.41,4.774,47223,195.83,0.21,1372,2239,1741,5817,ON
2,2026-05-24 22:47:19.075,31.9,0.43,4.776,47223,195.75,0.30,1376,2247,1748,5863,ON
3,2026-05-24 22:47:19.575,31.9,0.44,4.774,47223,195.66,0.39,1383,2256,1754,5730,ON
4,2026-05-24 22:47:20.075,31.9,0.44,4.778,47223,195.58,0.47,1377,2250,1750,5780,ON
5,2026-05-24 22:47:20.575,31.9,0.46,4.774,47223,195.49,0.56,1370,2241,1744,5867,ON
6,2026-05-24 22:47:21.075,31.9,0.47,4.777,47223,195.41,0.63,1375,2244,1747,5847,ON
7,2026-05-24 22:47:21.575,31.9,0.48,4.776,47223,195.33,0.72,1377,2247,1749,5831,ON
8,2026-05-24 22:47:22.075,31.9,0.48,4.772,47223,195.24,0.81,1377,2247,1748,5759,ON
9,2026-05-24 22:47:22.575,31.9,0.48,4.772,47223,195.16,0.89,1369,2235,1740,5745,ON
10,2026-05-24 22:47:23.075,31.9,0.47,4.772,47223,195.06,0.98,1372,2239,1743,5852,ON
11,2026-05-24 22:47:23.575,32.0,0.47,4.776,47223,194.98,1.07,1378,2246,1749,5795,ON
12,2026-05-24 22:47:24.075,32.0,0.47,4.763,47223,194.90,1.15,1379,2247,1749,5820,ON
13,2026-05-24 22:47:24.575,32.0,0.48,4.761,47223,194.81,1.24,1381,2249,1751,5804,ON
14,2026-05-24 22:47:25.075,32.0,0.49,4.752,47223,194.73,1.32,1386,2256,1755,5851,ON
15,2026-05-24 22:47:25.575,32.0,0.49,4.770,47223,194.64,1.41,1388,2258,1755,5902,ON
16,2026-05-24 22:47:26.075,32.0,0.49,4.771,47223,194.55,1.49,1389,2260,1758,5876,ON
17,2026-05-24 22:47:26.575,32.0,0.48,4.776,47223,194.47,1.58,1392,2263,1760,5824,ON
18,2026-05-24 22:47:27.075,32.0,0.46,4.775,47223,194.38,1.66,1386,2255,1755,5820,ON
19,2026-05-24 22:47:27.575,32.0,0.47,4.774,47223,194.30,1.75,1383,2250,1751,5794,ON
20,2026-05-24 22:47:28.075,32.0,0.47,4.774,47223,194.21,1.84,1385,2257,1757,5879,ON
21,2026-05-24 22:47:28.575,32.1,0.47,4.777,47223,194.12,1.92,1388,2262,1761,5958,ON
22,2026-05-24 22:47:29.075,32.1,0.49,4.772,47223,194.04,2.00,1401,2281,1774,5962,ON
23,2026-05-24 22:47:29.575,32.1,0.48,4.775,47223,193.95,2.09,1405,2285,1776,5919,ON
24,2026-05-24 22:47:30.075,32.1,0.48,4.775,47223,193.87,2.17,1405,2283,1775,5838,ON
25,2026-05-24 22:47:30.575,32.1,0.47,4.775,47223,193.78,2.27,1396,2267,1763,5875,ON
26,2026-05-24 22:47:31.075,32.1,0.47,4.774,47223,193.70,2.35,1395,2269,1765,5921,ON
27,2026-05-24 22:47:31.575,32.1,0.47,4.765,47223,193.61,2.44,1395,2268,1764,5858,ON
28,2026-05-24 22:47:32.075,32.1,0.48,4.758,47223,193.53,2.52,1392,2264,1761,5826,ON
29,2026-05-24 22:47:32.575,32.1,0.48,4.764,47223,193.43,2.62,1390,2261,1760,5873,ON
30,2026-05-24 22:47:33.075,32.1,0.48,4.773,47223,193.34,2.71,1393,2262,1760,5823,ON
31,2026-05-24 22:47:33.575,32.1,0.47,4.772,47223,193.26,2.79,1392,2255,1755,5939,ON
32,2026-05-24 22:47:34.075,32.1,0.47,4.774,47223,193.17,2.87,1398,2263,1760,5865,ON
33,2026-05-24 22:47:34.575,32.2,0.46,4.777,47223,193.08,2.96,1397,2266,1763,5888,ON
34,2026-05-24 22:47:35.075,32.2,0.46,4.775,47223,193.00,3.05,1400,2274,1769,5993,ON
35,2026-05-24 22:47:35.575,32.2,0.47,4.776,47223,192.91,3.14,1400,2274,1768,5877,ON
36,2026-05-24 22:47:36.075,32.2,0.47,4.777,47223,192.83,3.22,1394,2265,1763,5846,ON
37,2026-05-24 22:47:36.575,32.2,0.47,4.779,47223,192.74,3.31,1393,2264,1762,5941,ON
38,2026-05-24 22:47:37.075,32.2,0.46,4.778,47223,192.66,3.39,1394,2270,1767,5832,ON
39,2026-05-24 22:47:37.575,32.2,0.45,4.776,47223,192.56,3.49,1395,2276,1771,5924,ON
40,2026-05-24 22:47:38.075,32.2,0.45,4.777,47223,192.48,3.57,1397,2281,1775,6030,ON
41,2026-05-24 22:47:38.575,32.2,0.45,4.774,47223,192.39,3.66,1398,2278,1772,5918,ON
42,2026-05-24 22:47:39.075,32.2,0.45,4.774,47223,192.31,3.74,1395,2272,1771,5876,ON
43,2026-05-24 22:47:39.575,32.2,0.46,4.768,47223,192.23,3.82,1394,2269,1775,5883,ON
44,2026-05-24 22:47:40.075,32.3,0.47,4.759,47223,192.15,3.90,1392,2267,1769,5873,ON
45,2026-05-24 22:47:40.575,32.3,0.46,4.775,47223,192.06,3.99,1393,2265,1765,5905,ON
46,2026-05-24 22:47:41.075,32.3,0.46,4.774,47223,191.97,4.08,1397,2271,1768,5806,ON
47,2026-05-24 22:47:41.575,32.3,0.45,4.775,47223,191.89,4.16,1390,2261,1759,5833,ON
48,2026-05-24 22:47:42.075,32.3,0.45,4.778,47223,191.80,4.25,1388,2259,1757,5964,ON
49,2026-05-24 22:47:42.575,32.3,0.44,4.778,47223,191.71,4.34,1398,2272,1766,6023,ON
50,2026-05-24 22:47:43.075,32.3,0.45,4.779,47223,191.62,4.42,1404,2276,1770,5997,ON
51,2026-05-24 22:47:43.575,32.3,0.45,4.778,47223,191.54,4.50,1400,2273,1767,5869,ON
52,2026-05-24 22:47:44.075,32.4,0.46,4.776,47223,191.46,4.59,1397,2268,1771,5849,ON
53,2026-05-24 22:47:44.575,32.4,0.45,4.775,47223,191.37,4.68,1396,2268,1769,5851,ON
54,2026-05-24 22:47:45.075,32.4,0.45,4.779,47223,191.28,4.77,1396,2270,1767,5896,ON
55,2026-05-24 22:47:45.575,32.4,0.44,4.778,47223,191.20,4.85,1395,2266,1763,5989,ON
56,2026-05-24 22:47:46.075,32.4,0.44,4.777,47223,191.11,4.93,1402,2278,1771,5995,ON
57,2026-05-24 22:47:46.575,32.4,0.45,4.756,47223,191.03,5.02,1401,2274,1768,5904,ON
58,2026-05-24 22:47:47.075,32.4,0.46,4.767,47223,190.94,5.11,1397,2268,1763,5850,ON
59,2026-05-24 22:47:47.575,32.4,0.46,4.770,47223,190.86,5.18,1397,2269,1763,5959,ON
60,2026-05-24 22:47:48.075,32.4,0.46,4.771,47223,190.77,5.28,1398,2271,1765,5887,ON
61,2026-05-24 22:47:48.575,32.4,0.46,4.770,47223,190.68,5.36,1400,2273,1768,5956,ON
62,2026-05-24 22:47:49.075,32.4,0.46,4.770,47223,190.60,5.45,1402,2274,1768,5858,ON
63,2026-05-24 22:47:49.575,32.4,0.46,4.777,47223,190.52,5.53,1398,2269,1764,5842,ON
64,2026-05-24 22:47:50.075,32.5,0.45,4.776,47223,190.43,5.62,1401,2273,1767,5895,ON
65,2026-05-24 22:47:50.575,32.5,0.45,4.774,47223,190.35,5.70,1401,2274,1767,5947,ON
66,2026-05-24 22:47:51.075,32.5,0.45,4.776,47223,190.26,5.79,1404,2279,1771,6039,ON
67,2026-05-24 22:47:51.575,32.5,0.45,4.775,47223,190.18,5.87,1400,2274,1768,5915,ON
68,2026-05-24 22:47:52.075,32.5,0.44,4.777,47223,190.08,5.96,1399,2273,1767,5815,ON
69,2026-05-24 22:47:52.575,32.5,0.44,4.779,47223,190.00,6.05,1404,2279,1770,5974,ON
70,2026-05-24 22:47:53.075,32.5,0.44,4.778,47223,189.91,6.13,1409,2286,1776,5951,ON
71,2026-05-24 22:47:53.575,32.5,0.44,4.775,47217,189.83,6.22,1406,2282,1774,5903,ON
72,2026-05-24 22:47:54.075,32.6,0.44,4.775,47175,189.75,6.30,1403,2280,1773,5832,ON
73,2026-05-24 22:47:54.575,32.6,0.45,4.748,47089,189.65,6.39,1406,2286,1778,5995,ON
74,2026-05-24 22:47:55.075,32.6,0.49,4.753,46980,189.57,6.47,1411,2292,1781,5956,ON
75,2026-05-24 22:47:55.575,32.6,0.48,4.773,46844,189.47,6.58,1407,2285,1776,5920,ON
76,2026-05-24 22:47:56.075,32.6,0.47,4.779,46685,189.38,6.66,1401,2274,1769,5877,ON
77,2026-05-24 22:47:56.575,32.6,0.45,4.779,46554,189.30,6.75,1398,2269,1766,5851,ON
78,2026-05-24 22:47:57.075,32.6,0.44,4.779,46436,189.21,6.83,1398,2269,1764,5865,ON
79,2026-05-24 22:47:57.575,32.6,0.43,4.780,46331,189.13,6.92,1403,2275,1768,5888,ON
80,2026-05-24 22:47:58.075,32.6,0.43,4.779,46227,189.04,7.00,1406,2280,1773,5904,ON
81,2026-05-24 22:47:58.575,32.6,0.44,4.778,46141,188.96,7.09,1407,2282,1775,5956,ON
82,2026-05-24 22:47:59.075,32.6,0.45,4.778,46012,188.87,7.18,1412,2288,1780,5945,ON
83,2026-05-24 22:47:59.575,32.6,0.45,4.780,45853,188.79,7.26,1413,2291,1780,5952,ON
84,2026-05-24 22:48:00.075,32.6,0.43,4.780,45674,188.70,7.35,1413,2287,1776,5917,ON
85,2026-05-24 22:48:00.575,32.7,0.43,4.778,45482,188.62,7.43,1414,2287,1777,5947,ON
86,2026-05-24 22:48:01.075,32.7,0.43,4.778,45330,188.53,7.52,1416,2290,1780,5789,ON
87,2026-05-24 22:48:01.575,32.7,0.44,4.764,45220,188.45,7.60,1412,2287,1777,5979,ON
88,2026-05-24 22:48:02.075,32.7,0.46,4.753,45139,188.36,7.69,1414,2291,1780,5984,ON
89,2026-05-24 22:48:02.575,32.7,0.49,4.754,45056,188.27,7.78,1414,2293,1782,5998,ON
90,2026-05-24 22:48:03.075,32.7,0.49,4.769,44956,188.18,7.86,1414,2294,1783,5996,ON
91,2026-05-24 22:48:03.575,32.7,0.49,4.775,44874,188.10,7.95,1407,2282,1774,5867,ON
92,2026-05-24 22:48:04.075,32.7,0.48,4.778,44799,188.01,8.04,1403,2277,1770,5884,ON
93,2026-05-24 22:48:04.575,32.7,0.46,4.778,44699,187.93,8.12,1408,2282,1774,5910,ON
94,2026-05-24 22:48:05.075,32.7,0.45,4.779,44574,187.84,8.21,1408,2281,1772,5914,ON
95,2026-05-24 22:48:05.575,32.7,0.44,4.779,44444,187.76,8.29,1410,2284,1775,5937,ON
96,2026-05-24 22:48:06.075,32.7,0.46,4.778,44313,187.68,8.37,1412,2287,1777,6015,ON
97,2026-05-24 22:48:06.575,32.7,0.48,4.773,44180,187.59,8.46,1412,2286,1775,5925,ON
98,2026-05-24 22:48:07.075,32.8,0.48,4.774,44014,187.50,8.54,1415,2289,1777,5984,ON
99,2026-05-24 22:48:07.575,32.8,0.47,4.777,43862,187.42,8.63,1418,2295,1782,5978,ON
100,2026-05-24 22:48:08.075,32.8,0.46,4.776,43717,187.33,8.71,1417,2294,1782,5997,ON
101,2026-05-24 22:48:08.575,32.8,0.46,4.775,43576,187.25,8.80,1411,2285,1776,5898,ON
102,2026-05-24 22:48:09.075,32.8,0.45,4.771,43430,187.16,8.89,1407,2279,1771,5842,ON
103,2026-05-24 22:48:09.575,32.8,0.45,4.767,43298,187.07,8.97,1406,2276,1768,5854,ON
104,2026-05-24 22:48:10.075,32.8,0.46,4.765,43184,186.98,9.07,1412,2284,1774,5937,ON
105,2026-05-24 22:48:10.575,32.8,0.47,4.769,43074,186.90,9.15,1414,2287,1776,6072,ON
106,2026-05-24 22:48:11.075,32.9,0.46,4.778,42967,186.81,9.23,1418,2293,1780,5992,ON
107,2026-05-24 22:48:11.575,32.9,0.45,4.776,42851,186.73,9.32,1425,2301,1786,5970,ON
108,2026-05-24 22:48:12.075,32.9,0.45,4.779,42721,186.64,9.41,1423,2301,1788,5911,ON
109,2026-05-24 22:48:12.575,32.9,0.44,4.777,42555,186.56,9.48,1420,2299,1787,5945,ON
110,2026-05-24 22:48:13.075,32.9,0.45,4.776,42394,186.47,9.57,1416,2289,1780,5894,ON
111,2026-05-24 22:48:13.575,32.9,0.46,4.777,42238,186.39,9.66,1409,2280,1772,5929,ON
112,2026-05-24 22:48:14.075,32.9,0.47,4.776,42114,186.30,9.74,1409,2283,1774,5886,ON
113,2026-05-24 22:48:14.575,32.9,0.47,4.779,42009,186.21,9.83,1416,2293,1783,5985,ON
114,2026-05-24 22:48:15.075,32.9,0.46,4.776,41926,186.14,9.91,1421,2300,1788,6051,ON
115,2026-05-24 22:48:15.575,32.9,0.45,4.779,41828,186.05,10.00,1429,2309,1794,6036,ON
116,2026-05-24 22:48:16.075,32.9,0.45,4.776,41712,185.95,10.10,1424,2302,1789,6001,ON
117,2026-05-24 22:48:16.575,32.9,0.45,4.774,41566,185.88,10.17,1419,2295,1784,5952,ON
118,2026-05-24 22:48:17.075,33.0,0.45,4.756,41417,185.78,10.26,1419,2294,1784,5880,ON
119,2026-05-24 22:48:17.575,33.0,0.47,4.760,41259,185.70,10.35,1418,2293,1782,5896,ON
120,2026-05-24 22:48:18.075,33.0,0.47,4.771,41102,185.60,10.45,1421,2299,1786,5978,ON
121,2026-05-24 22:48:18.575,33.0,0.47,4.777,40966,185.52,10.53,1421,2300,1787,5959,ON
122,2026-05-24 22:48:19.075,33.0,0.46,4.776,40838,185.42,10.62,1421,2301,1788,6010,ON
123,2026-05-24 22:48:19.575,33.0,0.45,4.780,40716,185.34,10.70,1419,2298,1786,5919,ON
124,2026-05-24 22:48:20.075,33.0,0.45,4.777,40594,185.26,10.79,1416,2293,1782,5974,ON
125,2026-05-24 22:48:20.575,33.0,0.45,4.775,40483,185.17,10.87,1418,2296,1784,5961,ON
126,2026-05-24 22:48:21.075,33.0,0.46,4.777,40370,185.09,10.96,1420,2299,1786,5995,ON
127,2026-05-24 22:48:21.575,33.0,0.46,4.781,40256,185.01,11.04,1424,2302,1789,5938,ON
128,2026-05-24 22:48:22.075,33.1,0.46,4.778,40133,184.91,11.13,1421,2298,1785,5840,ON
129,2026-05-24 22:48:22.575,33.1,0.45,4.781,40004,184.83,11.22,1421,2299,1786,5966,ON
130,2026-05-24 22:48:23.075,33.1,0.44,4.779,39879,184.74,11.31,1423,2301,1789,6020,ON
131,2026-05-24 22:48:23.575,33.1,0.44,4.775,39757,184.65,11.39,1427,2309,1795,6027,ON
132,2026-05-24 22:48:24.075,33.1,0.45,4.766,39628,184.57,11.47,1427,2307,1794,5953,ON
133,2026-05-24 22:48:24.575,33.1,0.46,4.763,39516,184.48,11.56,1424,2303,1790,5968,ON
134,2026-05-24 22:48:25.075,33.1,0.46,4.770,39401,184.40,11.65,1423,2302,1789,5902,ON
135,2026-05-24 22:48:25.575,33.1,0.46,4.772,39267,184.32,11.73,1419,2296,1784,5897,ON
136,2026-05-24 22:48:26.075,33.1,0.46,4.772,39118,184.23,11.82,1421,2298,1785,5948,ON
137,2026-05-24 22:48:26.575,33.1,0.46,4.778,38974,184.14,11.91,1419,2295,1783,6045,ON
138,2026-05-24 22:48:27.075,33.1,0.45,4.778,38845,184.06,11.99,1424,2299,1786,6007,ON
139,2026-05-24 22:48:27.575,33.2,0.45,4.776,38749,183.97,12.08,1421,2296,1784,5965,ON
140,2026-05-24 22:48:28.075,33.2,0.45,4.778,38674,183.89,12.16,1422,2298,1785,5935,ON
141,2026-05-24 22:48:28.575,33.1,0.45,4.775,38603,183.81,12.24,1422,2300,1786,5942,ON
142,2026-05-24 22:48:29.075,33.2,0.46,4.777,38517,183.72,12.33,1421,2298,1785,5929,ON
143,2026-05-24 22:48:29.575,33.2,0.46,4.779,38414,183.64,12.41,1421,2296,1784,5930,ON
144,2026-05-24 22:48:30.075,33.2,0.46,4.774,38325,183.54,12.51,1420,2296,1784,5925,ON
145,2026-05-24 22:48:30.575,33.2,0.46,4.772,38228,183.46,12.58,1421,2297,1785,5918,ON
146,2026-05-24 22:48:31.075,33.2,0.46,4.775,38117,183.38,12.67,1425,2302,1789,6052,ON
147,2026-05-24 22:48:31.575,33.2,0.46,4.771,37991,183.29,12.76,1432,2313,1797,6114,ON
148,2026-05-24 22:48:32.075,33.2,0.46,4.771,37860,183.21,12.84,1426,2306,1792,5982,ON
149,2026-05-24 22:48:32.575,33.2,0.46,4.769,37739,183.12,12.93,1426,2306,1793,6033,ON
150,2026-05-24 22:48:33.075,33.2,0.47,4.767,37632,183.03,13.02,1431,2315,1799,5927,ON
151,2026-05-24 22:48:33.575,33.2,0.47,4.776,37525,182.94,13.10,1429,2311,1795,5950,ON
152,2026-05-24 22:48:34.075,33.2,0.47,4.775,37415,182.86,13.19,1428,2307,1793,5988,ON
153,2026-05-24 22:48:34.575,33.2,0.46,4.775,37319,182.78,13.27,1429,2308,1794,6006,ON
154,2026-05-24 22:48:35.075,33.3,0.45,4.774,37201,182.69,13.36,1431,2313,1798,6045,ON
155,2026-05-24 22:48:35.575,33.3,0.46,4.774,37063,182.61,13.44,1435,2319,1802,6032,ON
156,2026-05-24 22:48:36.075,33.3,0.47,4.776,36935,182.52,13.53,1436,2318,1801,6040,ON
157,2026-05-24 22:48:36.575,33.3,0.47,4.776,36798,182.43,13.62,1434,2316,1799,6061,ON
158,2026-05-24 22:48:37.075,33.3,0.47,4.777,36676,182.35,13.70,1434,2318,1801,5949,ON
159,2026-05-24 22:48:37.575,33.3,0.47,4.777,36565,182.26,13.79,1430,2311,1796,5923,ON
160,2026-05-24 22:48:38.075,33.3,0.46,4.775,36460,182.17,13.87,1427,2306,1792,5925,ON
161,2026-05-24 22:48:38.575,33.3,0.46,4.774,36381,182.09,13.96,1430,2305,1791,5994,ON
162,2026-05-24 22:48:39.075,33.3,0.45,4.775,36298,182.01,14.04,1431,2305,1792,5938,ON
163,2026-05-24 22:48:39.575,33.4,0.46,4.764,36209,181.90,14.15,1434,2314,1799,6091,ON
164,2026-05-24 22:48:40.075,33.4,0.47,4.765,36093,181.82,14.23,1438,2321,1804,6058,ON
165,2026-05-24 22:48:40.575,33.4,0.47,4.769,35980,181.73,14.32,1440,2324,1804,6074,ON
166,2026-05-24 22:48:41.075,33.4,0.47,4.776,35864,181.65,14.40,1436,2316,1800,6037,ON
167,2026-05-24 22:48:41.575,33.4,0.46,4.778,35770,181.56,14.49,1437,2320,1803,6017,ON
168,2026-05-24 22:48:42.075,33.4,0.45,4.778,35683,181.47,14.57,1437,2319,1802,5950,ON
169,2026-05-24 22:48:42.575,33.4,0.44,4.780,35592,181.38,14.66,1434,2314,1797,5965,ON
170,2026-05-24 22:48:43.075,33.4,0.44,4.776,35506,181.30,14.75,1435,2316,1799,6016,ON
171,2026-05-24 22:48:43.575,33.4,0.46,4.774,35403,181.22,14.83,1435,2317,1800,5980,ON
172,2026-05-24 22:48:44.075,33.4,0.48,4.775,35272,181.13,14.92,1433,2314,1798,5974,ON
173,2026-05-24 22:48:44.575,33.4,0.48,4.776,35150,181.04,15.00,1435,2316,1800,6067,ON
174,2026-05-24 22:48:45.075,33.4,0.47,4.778,35025,180.96,15.08,1441,2323,1805,6132,ON
175,2026-05-24 22:48:45.575,33.4,0.46,4.779,34901,180.87,15.17,1438,2322,1804,6064,ON
176,2026-05-24 22:48:46.075,33.5,0.46,4.772,34786,180.79,15.26,1437,2322,1804,6006,ON
177,2026-05-24 22:48:46.575,33.5,0.46,4.767,34699,180.70,15.35,1436,2319,1803,5968,ON
178,2026-05-24 22:48:47.075,33.5,0.46,4.764,34627,180.61,15.44,1438,2322,1804,5951,ON
179,2026-05-24 22:48:47.575,33.5,0.47,4.769,34552,180.53,15.52,1438,2319,1801,6056,ON
180,2026-05-24 22:48:48.075,33.5,0.47,4.771,34474,180.45,15.60,1440,2327,1808,6016,ON
181,2026-05-24 22:48:48.575,33.5,0.47,4.769,34394,180.36,15.68,1440,2326,1807,6036,ON
182,2026-05-24 22:48:49.075,33.5,0.48,4.776,34292,180.27,15.77,1441,2327,1809,6050,ON
183,2026-05-24 22:48:49.575,33.5,0.47,4.774,34170,180.19,15.86,1443,2329,1810,6042,ON
184,2026-05-24 22:48:50.075,33.5,0.47,4.774,34051,180.10,15.94,1445,2331,1812,6085,ON
185,2026-05-24 22:48:50.575,33.5,0.47,4.776,33943,180.01,16.03,1444,2330,1810,6028,ON
186,2026-05-24 22:48:51.075,33.6,0.48,4.771,33850,179.92,16.12,1441,2327,1807,6051,ON
187,2026-05-24 22:48:51.575,33.6,0.50,4.773,33759,179.84,16.21,1443,2328,1809,6050,ON
188,2026-05-24 22:48:52.075,33.6,0.49,4.776,33663,179.76,16.29,1444,2327,1808,6031,ON
189,2026-05-24 22:48:52.575,33.6,0.49,4.769,33554,179.67,16.37,1440,2320,1803,6111,ON
190,2026-05-24 22:48:53.075,33.6,0.49,4.774,33447,179.59,16.46,1443,2327,1809,6124,ON
191,2026-05-24 22:48:53.575,33.6,0.49,4.768,33338,179.50,16.55,1442,2325,1807,6040,ON
192,2026-05-24 22:48:54.075,33.6,0.49,4.761,33222,179.41,16.63,1442,2326,1808,6024,ON
193,2026-05-24 22:48:54.575,33.6,0.50,4.757,33110,179.33,16.71,1447,2334,1813,5977,ON
194,2026-05-24 22:48:55.075,33.6,0.50,4.761,33003,179.24,16.80,1442,2327,1812,6137,ON
195,2026-05-24 22:48:55.575,33.6,0.51,4.770,32907,179.16,16.89,1446,2334,1814,6114,ON
196,2026-05-24 22:48:56.075,33.6,0.50,4.774,32812,179.07,16.98,1452,2341,1819,6006,ON
197,2026-05-24 22:48:56.575,33.6,0.48,4.776,32714,178.98,17.07,1448,2334,1814,5961,ON
198,2026-05-24 22:48:57.075,33.7,0.47,4.776,32628,178.90,17.15,1444,2328,1809,5991,ON
199,2026-05-24 22:48:57.575,33.7,0.47,4.776,32547,178.81,17.23,1445,2330,1812,6046,ON
200,2026-05-24 22:48:58.075,33.7,0.47,4.777,32447,178.73,17.32,1445,2331,1816,6085,ON
201,2026-05-24 22:48:58.575,33.7,0.47,4.775,32335,178.65,17.40,1449,2337,1819,6146,ON
202,2026-05-24 22:48:59.075,33.7,0.48,4.773,32223,178.56,17.49,1452,2340,1825,6092,ON
203,2026-05-24 22:48:59.575,33.7,0.49,4.769,32129,178.46,17.58,1455,2344,1825,6111,ON
204,2026-05-24 22:49:00.075,33.7,0.48,4.775,32043,178.38,17.67,1452,2341,1821,6009,ON
205,2026-05-24 22:49:00.575,33.7,0.47,4.777,31961,178.28,17.77,1450,2339,1818,6159,ON
206,2026-05-24 22:49:01.075,33.7,0.46,4.776,31873,178.20,17.85,1456,2347,1825,6150,ON
207,2026-05-24 22:49:01.575,33.7,0.47,4.765,31789,178.11,17.93,1463,2356,1830,6070,ON
208,2026-05-24 22:49:02.075,33.7,0.48,4.745,31695,178.03,18.02,1460,2352,1827,5981,ON
209,2026-05-24 22:49:02.575,33.7,0.50,4.760,31585,177.95,18.10,1455,2344,1822,6034,ON
210,2026-05-24 22:49:03.075,33.7,0.50,4.772,31479,177.85,18.19,1459,2351,1827,6127,ON
211,2026-05-24 22:49:03.575,33.7,0.49,4.775,31371,177.77,18.28,1462,2355,1830,6158,ON
212,2026-05-24 22:49:04.075,33.8,0.47,4.777,31280,177.69,18.35,1458,2348,1824,6115,ON
213,2026-05-24 22:49:04.575,33.8,0.46,4.777,31190,177.60,18.45,1452,2339,1818,6067,ON
214,2026-05-24 22:49:05.075,33.8,0.46,4.774,31120,177.51,18.53,1452,2338,1817,6113,ON
215,2026-05-24 22:49:05.575,33.8,0.46,4.775,31045,177.43,18.62,1456,2347,1823,6093,ON
216,2026-05-24 22:49:06.075,33.8,0.47,4.777,30967,177.34,18.71,1458,2349,1824,6081,ON
217,2026-05-24 22:49:06.575,33.8,0.48,4.775,30877,177.26,18.79,1455,2342,1818,6032,ON
218,2026-05-24 22:49:07.075,33.8,0.47,4.776,30768,177.16,18.89,1450,2336,1815,6053,ON
219,2026-05-24 22:49:07.575,33.8,0.46,4.778,30673,177.08,18.96,1462,2353,1828,6199,ON
220,2026-05-24 22:49:08.075,33.8,0.47,4.770,30591,177.00,19.05,1464,2357,1831,6112,ON
221,2026-05-24 22:49:08.575,33.9,0.48,4.772,30505,176.91,19.14,1462,2354,1829,6115,ON
222,2026-05-24 22:49:09.075,33.9,0.48,4.769,30422,176.83,19.22,1461,2348,1823,6069,ON
223,2026-05-24 22:49:09.575,33.9,0.48,4.754,30341,176.74,19.31,1457,2342,1819,6047,ON
224,2026-05-24 22:49:10.075,33.9,0.48,4.765,30270,176.65,19.39,1453,2339,1816,6044,ON
225,2026-05-24 22:49:10.575,33.9,0.49,4.770,30206,176.57,19.48,1458,2346,1822,6126,ON
226,2026-05-24 22:49:11.075,33.9,0.48,4.771,30145,176.48,19.57,1463,2352,1827,6160,ON
227,2026-05-24 22:49:11.575,33.9,0.48,4.774,30067,176.40,19.65,1465,2356,1829,6157,ON
228,2026-05-24 22:49:12.075,33.9,0.47,4.777,29970,176.31,19.73,1461,2351,1826,6122,ON
229,2026-05-24 22:49:12.575,33.9,0.46,4.777,29874,176.23,19.82,1464,2355,1828,6133,ON
230,2026-05-24 22:49:13.075,33.9,0.46,4.775,29763,176.13,19.91,1462,2353,1826,6072,ON
231,2026-05-24 22:49:13.575,33.9,0.47,4.777,29662,176.06,19.99,1459,2349,1824,6094,ON
232,2026-05-24 22:49:14.075,33.9,0.48,4.774,29579,175.97,20.08,1459,2349,1824,6097,ON
233,2026-05-24 22:49:14.575,33.9,0.48,4.774,29516,175.89,20.16,1458,2348,1824,6083,ON
234,2026-05-24 22:49:15.075,33.9,0.48,4.776,29456,175.79,20.26,1461,2352,1828,6142,ON
235,2026-05-24 22:49:15.575,34.0,0.47,4.778,29395,175.71,20.34,1467,2361,1835,6195,ON
236,2026-05-24 22:49:16.075,34.0,0.47,4.773,29319,175.63,20.42,1471,2367,1838,6133,ON
237,2026-05-24 22:49:16.575,34.0,0.47,4.773,29234,175.54,20.51,1470,2362,1833,6124,ON
238,2026-05-24 22:49:17.075,34.0,0.46,4.764,29154,175.45,20.60,1465,2355,1829,6193,ON
239,2026-05-24 22:49:17.575,34.0,0.47,4.770,29067,175.36,20.68,1473,2369,1840,6172,ON
240,2026-05-24 22:49:18.075,34.0,0.47,4.768,28985,175.28,20.77,1474,2369,1841,6157,ON
241,2026-05-24 22:49:18.575,34.0,0.47,4.769,28909,175.20,20.85,1474,2368,1839,6146,ON
242,2026-05-24 22:49:19.075,34.0,0.47,4.776,28829,175.11,20.94,1472,2366,1837,6153,ON
243,2026-05-24 22:49:19.575,34.1,0.46,4.775,28748,175.03,21.02,1468,2361,1833,6191,ON
244,2026-05-24 22:49:20.075,34.1,0.46,4.778,28672,174.92,21.13,1466,2358,1832,6127,ON
245,2026-05-24 22:49:20.575,34.1,0.46,4.776,28604,174.83,21.21,1465,2357,1833,6101,ON
246,2026-05-24 22:49:21.075,34.1,0.46,4.777,28551,174.75,21.30,1468,2361,1835,6085,ON
247,2026-05-24 22:49:21.575,34.1,0.47,4.774,28486,174.66,21.38,1470,2363,1836,6144,ON
248,2026-05-24 22:49:22.075,34.1,0.48,4.777,28419,174.58,21.47,1470,2364,1836,6165,ON
249,2026-05-24 22:49:22.575,34.1,0.47,4.777,28351,174.50,21.55,1472,2366,1838,6204,ON
250,2026-05-24 22:49:23.075,34.1,0.46,4.774,28269,174.41,21.64,1472,2368,1838,6109,ON
251,2026-05-24 22:49:23.575,34.1,0.46,4.773,28197,174.33,21.72,1468,2358,1831,6100,ON
252,2026-05-24 22:49:24.075,34.1,0.47,4.759,28131,174.23,21.81,1466,2356,1828,6115,ON
253,2026-05-24 22:49:24.575,34.1,0.48,4.763,28048,174.15,21.90,1468,2356,1828,6196,ON
254,2026-05-24 22:49:25.075,34.1,0.48,4.772,27939,174.07,21.98,1477,2371,1841,6117,ON
255,2026-05-24 22:49:25.575,34.1,0.49,4.768,27828,173.98,22.07,1479,2374,1843,6116,ON
256,2026-05-24 22:49:26.075,34.1,0.49,4.766,27739,173.89,22.15,1472,2365,1836,6043,ON
257,2026-05-24 22:49:26.575,34.1,0.49,4.776,27675,173.81,22.24,1463,2352,1826,6031,ON
258,2026-05-24 22:49:27.075,34.1,0.48,4.776,27614,173.72,22.32,1475,2370,1841,6223,ON
259,2026-05-24 22:49:27.575,34.2,0.48,4.773,27562,173.64,22.41,1482,2381,1849,6229,ON
260,2026-05-24 22:49:28.075,34.2,0.49,4.768,27520,173.55,22.50,1483,2381,1849,6231,ON
261,2026-05-24 22:49:28.575,34.2,0.50,4.772,27463,173.47,22.58,1474,2369,1840,6168,ON
262,2026-05-24 22:49:29.075,34.2,0.50,4.775,27398,173.38,22.67,1475,2370,1842,6116,ON
263,2026-05-24 22:49:29.575,34.2,0.48,4.774,27316,173.29,22.75,1475,2371,1841,6149,ON
264,2026-05-24 22:49:30.075,34.2,0.47,4.779,27222,173.21,22.84,1475,2370,1839,6117,ON
265,2026-05-24 22:49:30.575,34.2,0.47,4.771,27124,173.13,22.92,1475,2370,1839,6151,ON
266,2026-05-24 22:49:31.075,34.2,0.47,4.771,27045,173.03,23.02,1474,2370,1839,6116,ON
267,2026-05-24 22:49:31.575,34.2,0.47,4.750,26987,172.95,23.10,1478,2375,1843,6216,ON
268,2026-05-24 22:49:32.075,34.2,0.49,4.763,26926,172.86,23.18,1485,2382,1850,6209,ON
269,2026-05-24 22:49:32.575,34.2,0.50,4.766,26859,172.78,23.27,1488,2386,1851,6230,ON
270,2026-05-24 22:49:33.075,34.2,0.50,4.768,26803,172.69,23.35,1483,2380,1847,6228,ON
271,2026-05-24 22:49:33.575,34.2,0.50,4.774,26745,172.60,23.44,1478,2375,1845,6128,ON
272,2026-05-24 22:49:34.075,34.2,0.49,4.771,26694,172.52,23.53,1474,2369,1841,6128,ON
273,2026-05-24 22:49:34.575,34.2,0.48,4.775,26633,172.44,23.61,1478,2373,1843,6127,ON
274,2026-05-24 22:49:35.075,34.3,0.47,4.774,26563,172.35,23.70,1475,2370,1840,6142,ON
275,2026-05-24 22:49:35.575,34.3,0.48,4.770,26490,172.26,23.79,1474,2367,1840,6224,ON
276,2026-05-24 22:49:36.075,34.3,0.50,4.772,26427,172.18,23.87,1476,2370,1841,6140,ON
277,2026-05-24 22:49:36.575,34.3,0.51,4.770,26369,172.09,23.95,1475,2369,1839,6144,ON
278,2026-05-24 22:49:37.075,34.3,0.51,4.774,26318,172.01,24.04,1477,2372,1841,6127,ON
279,2026-05-24 22:49:37.575,34.3,0.50,4.772,26264,171.93,24.12,1475,2367,1837,6170,ON
280,2026-05-24 22:49:38.075,34.3,0.49,4.775,26208,171.84,24.21,1477,2371,1841,6181,ON
281,2026-05-24 22:49:38.575,34.3,0.49,4.767,26139,171.75,24.29,1482,2374,1843,6217,ON
282,2026-05-24 22:49:39.075,34.4,0.49,4.766,26063,171.66,24.38,1487,2382,1846,6210,ON
283,2026-05-24 22:49:39.575,34.4,0.50,4.761,25998,171.58,24.46,1486,2382,1848,6173,ON
284,2026-05-24 22:49:40.075,34.4,0.50,4.755,25944,171.49,24.55,1482,2379,1846,6234,ON
285,2026-05-24 22:49:40.575,34.4,0.51,4.768,25903,171.39,24.66,1484,2375,1844,6251,ON
286,2026-05-24 22:49:41.075,34.4,0.51,4.769,25848,171.30,24.75,1485,2376,1846,6214,ON
287,2026-05-24 22:49:41.575,34.4,0.50,4.772,25776,171.21,24.83,1488,2385,1853,6171,ON
288,2026-05-24 22:49:42.075,34.4,0.49,4.773,25707,171.13,24.92,1486,2391,1856,6108,ON
289,2026-05-24 22:49:42.575,34.4,0.49,4.776,25652,171.04,25.01,1482,2381,1852,6165,ON
290,2026-05-24 22:49:43.075,34.4,0.48,4.775,25607,170.96,25.09,1485,2378,1850,6237,ON
291,2026-05-24 22:49:43.575,34.4,0.49,4.775,25552,170.87,25.17,1490,2375,1846,6233,ON
292,2026-05-24 22:49:44.075,34.4,0.49,4.776,25495,170.79,25.26,1489,2384,1852,6267,ON
293,2026-05-24 22:49:44.575,34.4,0.49,4.771,25442,170.71,25.34,1490,2389,1855,6230,ON
294,2026-05-24 22:49:45.075,34.4,0.49,4.766,25391,170.62,25.43,1487,2386,1852,6171,ON
295,2026-05-24 22:49:45.575,34.5,0.49,4.774,25349,170.54,25.51,1483,2382,1847,6213,ON
296,2026-05-24 22:49:46.075,34.5,0.48,4.774,25302,170.45,25.60,1484,2381,1849,6283,ON
297,2026-05-24 22:49:46.575,34.5,0.48,4.766,25246,170.36,25.69,1486,2382,1850,6198,ON
298,2026-05-24 22:49:47.075,34.5,0.50,4.761,25187,170.28,25.77,1487,2383,1852,6163,ON
299,2026-05-24 22:49:47.575,34.5,0.51,4.757,25135,170.19,25.86,1487,2384,1851,6101,ON
300,2026-05-24 22:49:48.075,34.5,0.52,4.769,25086,170.10,25.95,1491,2391,1856,6221,ON
301,2026-05-24 22:49:48.575,34.5,0.51,4.772,25041,170.02,26.02,1491,2392,1857,6289,ON
302,2026-05-24 22:49:49.075,34.5,0.50,4.770,25007,169.94,26.11,1495,2397,1860,6255,ON
303,2026-05-24 22:49:49.575,34.5,0.49,4.765,24976,169.85,26.20,1488,2387,1852,6211,ON
304,2026-05-24 22:49:50.075,34.5,0.50,4.770,24940,169.76,26.29,1489,2387,1853,6230,ON
305,2026-05-24 22:49:50.575,34.5,0.50,4.773,24888,169.68,26.37,1490,2391,1857,6220,ON
306,2026-05-24 22:49:51.075,34.6,0.51,4.766,24831,169.59,26.46,1495,2399,1863,6202,ON
307,2026-05-24 22:49:51.575,34.6,0.52,4.769,24770,169.51,26.54,1488,2387,1854,6148,ON
308,2026-05-24 22:49:52.075,34.6,0.52,4.767,24708,169.42,26.63,1486,2383,1851,6237,ON
309,2026-05-24 22:49:52.575,34.6,0.51,4.767,24649,169.34,26.71,1491,2391,1857,6246,ON
310,2026-05-24 22:49:53.075,34.6,0.50,4.772,24593,169.24,26.80,1492,2393,1859,6205,ON
311,2026-05-24 22:49:53.575,34.6,0.50,4.768,24547,169.16,26.89,1491,2391,1856,6227,ON
312,2026-05-24 22:49:54.075,34.6,0.50,4.747,24509,169.08,26.97,1489,2389,1854,6273,ON
313,2026-05-24 22:49:54.575,34.6,0.52,4.756,24484,168.99,27.05,1496,2398,1863,6291,ON
314,2026-05-24 22:49:55.075,34.6,0.54,4.756,24448,168.90,27.14,1502,2404,1867,6142,ON
315,2026-05-24 22:49:55.575,34.6,0.53,4.767,24395,168.82,27.22,1494,2393,1859,6119,ON
316,2026-05-24 22:49:56.075,34.6,0.52,4.774,24343,168.73,27.31,1491,2388,1856,6180,ON
317,2026-05-24 22:49:56.575,34.6,0.51,4.772,24302,168.65,27.40,1493,2386,1854,6360,ON
318,2026-05-24 22:49:57.075,34.6,0.50,4.771,24259,168.57,27.48,1501,2396,1861,6267,ON
319,2026-05-24 22:49:57.575,34.6,0.51,4.763,24217,168.48,27.57,1499,2399,1865,6203,ON
320,2026-05-24 22:49:58.075,34.6,0.53,4.759,24182,168.39,27.66,1494,2393,1856,6172,ON
321,2026-05-24 22:49:58.575,34.7,0.53,4.764,24143,168.31,27.74,1492,2389,1853,6209,ON
322,2026-05-24 22:49:59.075,34.7,0.53,4.774,24103,168.22,27.82,1492,2391,1857,6242,ON
323,2026-05-24 22:49:59.575,34.7,0.52,4.769,24056,168.13,27.92,1497,2399,1863,6265,ON
324,2026-05-24 22:50:00.075,34.7,0.51,4.771,24007,168.05,28.00,1500,2404,1867,6206,ON
325,2026-05-24 22:50:00.575,34.7,0.51,4.768,23960,167.97,28.08,1496,2398,1862,6236,ON
326,2026-05-24 22:50:01.075,34.7,0.51,4.766,23914,167.88,28.17,1498,2400,1864,6250,ON
327,2026-05-24 22:50:01.575,34.7,0.51,4.758,23865,167.79,28.26,1502,2407,1870,6273,ON
328,2026-05-24 22:50:02.075,34.7,0.52,4.761,23805,167.69,28.36,1503,2408,1870,6257,ON
329,2026-05-24 22:50:02.575,34.7,0.53,4.756,23744,167.61,28.44,1501,2405,1867,6299,ON
330,2026-05-24 22:50:03.075,34.7,0.55,4.758,23690,167.53,28.52,1498,2400,1863,6241,ON
331,2026-05-24 22:50:03.575,34.7,0.55,4.761,23649,167.43,28.61,1497,2398,1862,6256,ON
332,2026-05-24 22:50:04.075,34.7,0.54,4.767,23602,167.35,28.69,1497,2396,1862,6237,ON
333,2026-05-24 22:50:04.575,34.7,0.53,4.770,23567,167.27,28.78,1495,2396,1860,6207,ON
334,2026-05-24 22:50:05.075,34.8,0.51,4.770,23521,167.19,28.86,1494,2391,1857,6297,ON
335,2026-05-24 22:50:05.575,34.8,0.51,4.765,23462,167.09,28.95,1497,2397,1862,6284,ON
336,2026-05-24 22:50:06.075,34.8,0.52,4.763,23404,167.01,29.04,1505,2410,1872,6314,ON
337,2026-05-24 22:50:06.575,34.8,0.52,4.762,23354,166.92,29.13,1511,2419,1878,6163,ON
338,2026-05-24 22:50:07.075,34.8,0.54,4.772,23311,166.83,29.22,1504,2408,1871,6182,ON
339,2026-05-24 22:50:07.575,34.8,0.53,4.769,23269,166.75,29.30,1504,2408,1871,6274,ON
340,2026-05-24 22:50:08.075,34.8,0.52,4.773,23232,166.66,29.38,1504,2410,1872,6293,ON
341,2026-05-24 22:50:08.575,34.8,0.53,4.760,23196,166.58,29.47,1505,2409,1871,6314,ON
342,2026-05-24 22:50:09.075,34.8,0.54,4.758,23167,166.49,29.56,1503,2405,1868,6195,ON
343,2026-05-24 22:50:09.575,34.8,0.55,4.753,23136,166.41,29.64,1498,2398,1862,6198,ON
344,2026-05-24 22:50:10.075,34.9,0.56,4.748,23093,166.32,29.72,1500,2402,1865,6241,ON
345,2026-05-24 22:50:10.575,34.9,0.58,4.751,23051,166.23,29.81,1500,2403,1866,6342,ON
346,2026-05-24 22:50:11.075,34.9,0.58,4.752,23018,166.15,29.90,1508,2413,1874,6343,ON
347,2026-05-24 22:50:11.575,34.9,0.59,4.764,22982,166.07,29.97,1499,2400,1863,6211,ON
348,2026-05-24 22:50:12.075,34.9,0.57,4.763,22947,165.98,30.06,1497,2396,1861,6233,ON
349,2026-05-24 22:50:12.575,34.9,0.57,4.759,22905,165.90,30.15,1497,2396,1862,6224,ON
350,2026-05-24 22:50:13.075,34.9,0.57,4.763,22873,165.81,30.24,1507,2411,1873,6310,ON
351,2026-05-24 22:50:13.575,34.9,0.58,4.758,22831,165.72,30.32,1510,2416,1877,6290,ON
352,2026-05-24 22:50:14.075,34.9,0.60,4.767,22783,165.64,30.41,1507,2413,1874,6302,ON
353,2026-05-24 22:50:14.575,34.9,0.60,4.756,22730,165.55,30.49,1510,2414,1876,6272,ON
354,2026-05-24 22:50:15.075,34.9,0.61,4.752,22688,165.47,30.58,1509,2413,1876,6184,ON
355,2026-05-24 22:50:15.575,34.9,0.60,4.757,22649,165.38,30.66,1507,2410,1872,6237,ON
356,2026-05-24 22:50:16.075,34.9,0.58,4.766,22617,165.30,30.75,1508,2418,1878,6354,ON
357,2026-05-24 22:50:16.575,34.9,0.58,4.749,22594,165.21,30.84,1509,2419,1879,6286,ON
358,2026-05-24 22:50:17.075,34.9,0.59,4.750,22564,165.13,30.92,1509,2417,1877,6300,ON
359,2026-05-24 22:50:17.575,35.0,0.60,4.750,22530,165.04,31.01,1505,2409,1872,6266,ON
360,2026-05-24 22:50:18.075,35.0,0.59,4.759,22502,164.95,31.10,1507,2411,1875,6303,ON
361,2026-05-24 22:50:18.575,35.0,0.58,4.755,22472,164.87,31.18,1512,2419,1881,6229,ON
362,2026-05-24 22:50:19.075,35.0,0.59,4.761,22447,164.78,31.27,1511,2417,1879,6198,ON
363,2026-05-24 22:50:19.575,35.0,0.58,4.763,22420,164.70,31.35,1507,2411,1874,6231,ON
364,2026-05-24 22:50:20.075,35.0,0.58,4.758,22388,164.62,31.43,1506,2409,1872,6319,ON
365,2026-05-24 22:50:20.575,35.0,0.60,4.749,22344,164.53,31.52,1509,2414,1875,6228,ON
366,2026-05-24 22:50:21.075,35.0,0.60,4.762,22299,164.44,31.60,1511,2416,1877,6311,ON
367,2026-05-24 22:50:21.575,35.0,0.58,4.760,22267,164.36,31.69,1509,2414,1875,6247,ON
368,2026-05-24 22:50:22.075,35.0,0.62,4.743,22241,164.28,31.77,1507,2408,1871,6344,ON
369,2026-05-24 22:50:22.575,35.1,0.64,4.762,22212,164.19,31.85,1513,2418,1879,6338,ON
370,2026-05-24 22:50:23.075,35.1,0.62,4.745,22182,164.08,31.96,1518,2426,1885,6231,ON
371,2026-05-24 22:50:23.575,35.1,0.63,4.751,22150,164.01,32.04,1509,2413,1873,6148,ON
372,2026-05-24 22:50:24.075,35.1,0.63,4.736,22111,163.91,32.14,1508,2410,1872,6277,ON
373,2026-05-24 22:50:24.575,35.1,0.66,4.726,22068,163.83,32.21,1511,2414,1876,6308,ON
374,2026-05-24 22:50:25.075,35.1,0.67,4.735,22036,163.74,32.31,1514,2419,1880,6316,ON
375,2026-05-24 22:50:25.575,35.1,0.67,4.742,22016,163.66,32.38,1509,2411,1874,6266,ON
376,2026-05-24 22:50:26.075,35.1,0.68,4.737,21993,163.58,32.47,1508,2411,1874,6283,ON
377,2026-05-24 22:50:26.575,35.1,0.69,4.736,21970,163.49,32.56,1512,2418,1879,6244,ON
378,2026-05-24 22:50:27.075,35.1,0.68,4.744,21947,163.40,32.65,1508,2410,1874,6171,ON
379,2026-05-24 22:50:27.575,35.1,0.68,4.747,21922,163.32,32.73,1501,2398,1865,6292,ON
380,2026-05-24 22:50:28.075,35.1,0.67,4.761,21890,163.23,32.82,1503,2401,1868,6278,ON
381,2026-05-24 22:50:28.575,35.1,0.69,4.733,21853,163.14,32.90,1511,2414,1878,6361,ON
382,2026-05-24 22:50:29.075,35.1,0.73,4.735,21820,163.06,32.98,1516,2421,1883,6301,ON
383,2026-05-24 22:50:29.575,35.1,0.73,4.736,21778,162.97,33.07,1513,2417,1879,6288,ON
384,2026-05-24 22:50:30.075,35.2,0.74,4.735,21752,162.89,33.15,1513,2417,1879,6245,ON
385,2026-05-24 22:50:30.575,35.2,0.74,4.732,21725,162.81,33.24,1513,2416,1879,6281,ON
386,2026-05-24 22:50:31.075,35.2,0.73,4.738,21696,162.72,33.33,1510,2411,1875,6244,ON
387,2026-05-24 22:50:31.575,35.2,0.72,4.721,21673,162.64,33.41,1507,2406,1870,6187,ON
388,2026-05-24 22:50:32.075,35.2,0.72,4.732,21651,162.55,33.50,1503,2400,1867,6286,ON
389,2026-05-24 22:50:32.575,35.2,0.72,4.714,21619,162.46,33.58,1507,2407,1872,6280,ON
390,2026-05-24 22:50:33.075,35.2,0.75,4.719,21584,162.38,33.67,1510,2412,1878,6390,ON
391,2026-05-24 22:50:33.575,35.2,0.76,4.730,21560,162.29,33.75,1518,2423,1886,6368,ON
392,2026-05-24 22:50:34.075,35.2,0.76,4.735,21545,162.21,33.84,1515,2419,1882,6267,ON
393,2026-05-24 22:50:34.575,35.2,0.75,4.721,21532,162.13,33.92,1509,2408,1873,6233,ON
394,2026-05-24 22:50:35.075,35.2,0.76,4.748,21521,162.03,34.01,1507,2405,1871,6271,ON
395,2026-05-24 22:50:35.575,35.2,0.76,4.730,21503,161.95,34.10,1509,2407,1874,6372,ON
396,2026-05-24 22:50:36.075,35.2,0.78,4.722,21477,161.86,34.18,1507,2405,1871,6212,ON
397,2026-05-24 22:50:36.575,35.2,0.82,4.712,21449,161.77,34.27,1502,2397,1865,6235,ON
398,2026-05-24 22:50:37.075,35.3,0.84,4.722,21422,161.70,34.35,1506,2402,1870,6301,ON
399,2026-05-24 22:50:37.575,35.3,0.84,4.720,21395,161.61,34.44,1512,2412,1878,6284,ON
400,2026-05-24 22:50:38.075,35.3,0.84,4.729,21364,161.52,34.52,1512,2411,1877,6264,ON
401,2026-05-24 22:50:38.575,35.3,0.82,4.711,21345,161.44,34.61,1510,2407,1874,6268,ON
402,2026-05-24 22:50:39.075,35.3,0.84,4.722,21333,161.35,34.69,1514,2415,1879,6343,ON
403,2026-05-24 22:50:39.575,35.3,0.86,4.706,21326,161.27,34.78,1519,2424,1887,6373,ON
404,2026-05-24 22:50:40.075,35.3,0.88,4.709,21315,161.19,34.86,1518,2421,1884,6291,ON
405,2026-05-24 22:50:40.575,35.3,0.87,4.715,21296,161.10,34.94,1514,2414,1878,6321,ON
406,2026-05-24 22:50:41.075,35.3,0.88,4.712,21263,161.01,35.04,1516,2416,1881,6300,ON
407,2026-05-24 22:50:41.575,35.3,0.90,4.707,21225,160.92,35.12,1516,2416,1882,6210,ON
408,2026-05-24 22:50:42.075,35.3,0.93,4.705,21188,160.84,35.21,1510,2407,1873,6209,ON
409,2026-05-24 22:50:42.575,35.4,0.95,4.704,21146,160.76,35.29,1514,2414,1878,6381,ON
410,2026-05-24 22:50:43.075,35.4,0.96,4.718,21103,160.67,35.38,1518,2419,1883,6327,ON
411,2026-05-24 22:50:43.575,35.4,0.97,4.707,21066,160.59,35.46,1512,2409,1876,6261,ON
412,2026-05-24 22:50:44.075,35.4,0.98,4.703,21040,160.51,35.54,1511,2407,1874,6277,ON
413,2026-05-24 22:50:44.575,35.4,0.98,4.716,21025,160.40,35.65,1511,2407,1875,6278,ON
414,2026-05-24 22:50:45.075,35.4,0.99,4.694,21008,160.31,35.73,1514,2411,1878,6302,ON
415,2026-05-24 22:50:45.575,35.4,0.99,4.704,20994,160.23,35.82,1516,2415,1880,6296,ON
416,2026-05-24 22:50:46.075,35.4,0.99,4.700,20971,160.15,35.90,1516,2415,1880,6241,ON
417,2026-05-24 22:50:46.575,35.4,0.99,4.693,20950,160.06,35.99,1515,2413,1879,6281,ON
418,2026-05-24 22:50:47.075,35.4,0.99,4.699,20930,159.97,36.07,1514,2411,1879,6278,ON
419,2026-05-24 22:50:47.575,35.4,1.01,4.692,20911,159.89,36.16,1514,2408,1877,6294,ON
420,2026-05-24 22:50:48.075,35.4,1.04,4.700,20896,159.81,36.24,1513,2406,1877,6336,ON
421,2026-05-24 22:50:48.575,35.4,1.04,4.689,20881,159.72,36.33,1517,2411,1881,6317,ON
422,2026-05-24 22:50:49.075,35.4,1.06,4.684,20861,159.63,36.41,1519,2416,1885,6215,ON
423,2026-05-24 22:50:49.575,35.4,1.08,4.672,20842,159.55,36.50,1512,2404,1876,6218,ON
424,2026-05-24 22:50:50.075,35.5,1.11,4.682,20825,159.47,36.58,1514,2402,1878,6287,ON
425,2026-05-24 22:50:50.575,35.5,1.12,4.688,20808,159.38,36.66,1516,2404,1880,6399,ON
426,2026-05-24 22:50:51.075,35.5,1.16,4.667,20786,159.30,36.75,1515,2406,1881,6292,ON
427,2026-05-24 22:50:51.575,35.5,1.18,4.684,20759,159.22,36.83,1510,2399,1875,6255,ON
428,2026-05-24 22:50:52.075,35.5,1.18,4.679,20729,159.13,36.92,1510,2399,1875,6276,ON
429,2026-05-24 22:50:52.575,35.5,1.21,4.664,20703,159.04,37.00,1513,2402,1878,6249,ON
430,2026-05-24 22:50:53.075,35.5,1.23,4.671,20684,158.95,37.09,1512,2402,1877,6223,ON
431,2026-05-24 22:50:53.575,35.5,1.25,4.659,20666,158.87,37.18,1507,2392,1870,6258,ON
432,2026-05-24 22:50:54.075,35.5,1.28,4.643,20648,158.78,37.27,1515,2403,1879,6343,ON
433,2026-05-24 22:50:54.575,35.5,1.33,4.645,20636,158.69,37.36,1519,2407,1884,6281,ON
434,2026-05-24 22:50:55.075,35.6,1.36,4.662,20626,158.61,37.43,1517,2402,1881,6266,ON
435,2026-05-24 22:50:55.575,35.6,1.36,4.638,20610,158.53,37.52,1511,2392,1874,6272,ON
436,2026-05-24 22:50:56.075,35.6,1.39,4.635,20596,158.44,37.61,1513,2394,1870,6271,ON
437,2026-05-24 22:50:56.575,35.6,1.43,4.632,20587,158.35,37.69,1516,2402,1873,6269,ON
438,2026-05-24 22:50:57.075,35.6,1.46,4.621,20579,158.27,37.78,1517,2408,1881,6247,ON
439,2026-05-24 22:50:57.575,35.6,1.50,4.622,20566,158.18,37.87,1515,2394,1876,6222,ON
440,2026-05-24 22:50:58.075,35.6,1.54,4.609,20548,158.09,37.96,1511,2380,1870,6344,ON
441,2026-05-24 22:50:58.575,35.6,1.59,4.598,20523,158.01,38.04,1513,2385,1869,6158,ON
442,2026-05-24 22:50:59.075,35.6,1.64,4.603,20494,157.93,38.12,1506,2376,1868,6163,ON
443,2026-05-24 22:50:59.575,35.6,1.68,4.596,20466,157.85,38.20,1501,2367,1866,6150,ON
444,2026-05-24 22:51:00.075,35.6,1.72,4.598,20436,157.76,38.29,1496,2348,1857,6100,ON
445,2026-05-24 22:51:00.575,35.6,1.75,4.596,20413,157.67,38.38,1496,2334,1855,6134,ON
446,2026-05-24 22:51:01.075,35.6,1.78,4.577,20392,157.59,38.46,1498,2330,1857,6175,ON
447,2026-05-24 22:51:01.575,35.6,1.84,4.561,20373,157.50,38.55,1500,2320,1860,6041,ON
448,2026-05-24 22:51:02.075,35.7,1.94,4.546,20351,157.41,38.64,1494,2295,1853,6041,ON
449,2026-05-24 22:51:02.575,35.7,2.05,4.531,20327,157.33,38.72,1490,2276,1847,6050,ON
450,2026-05-24 22:51:03.075,35.7,2.17,4.508,20302,157.24,38.80,1486,2277,1842,5971,ON
451,2026-05-24 22:51:03.575,35.7,2.33,4.440,20273,157.16,38.89,1479,2235,1835,5791,ON
452,2026-05-24 22:51:04.075,35.7,2.83,4.341,20238,157.08,38.97,1458,2149,1810,5533,ON
453,2026-05-24 22:51:04.575,35.7,3.75,4.236,20204,156.99,39.05,1433,2035,1780,5097,ON
454,2026-05-24 22:51:05.075,35.7,4.72,4.082,20173,156.90,39.14,1393,1861,1730,4860,ON
455,2026-05-24 22:51:05.575,35.7,5.80,3.867,20154,156.81,39.23,1339,1655,1658,4302,ON
456,2026-05-24 22:51:06.075,35.7,7.57,3.687,20136,156.73,39.32,1281,1430,1581,4076,ON
457,2026-05-24 22:51:06.575,35.7,8.93,3.542,20106,156.65,39.40,1237,1269,1522,3904,ON
458,2026-05-24 22:51:07.075,35.7,9.42,3.410,20073,156.57,39.48,1209,1162,1484,3767,ON
459,2026-05-24 22:51:07.575,35.7,9.95,3.380,20052,156.48,39.56,1185,1087,1450,3770,ON
460,2026-05-24 22:51:08.075,35.7,10.29,3.351,20040,156.38,39.67,1175,1047,1435,3790,ON
461,2026-05-24 22:51:08.575,35.7,10.45,3.337,20047,156.29,39.76,1170,1027,1426,3825,ON
462,2026-05-24 22:51:09.075,35.7,10.57,3.314,20089,156.21,39.84,1165,1015,1421,3793,ON
463,2026-05-24 22:51:09.575,35.7,10.71,3.322,20167,156.12,39.92,1164,1010,1419,3757,ON
464,2026-05-24 22:51:10.075,35.7,10.78,3.294,20298,156.04,40.01,1162,1007,1416,3770,ON
465,2026-05-24 22:51:10.575,35.7,10.85,3.296,20466,155.96,40.09,1163,1006,1417,3740,ON
466,2026-05-24 22:51:11.075,35.7,10.89,3.276,20675,155.87,40.18,1160,1000,1414,3830,ON
467,2026-05-24 22:51:11.575,35.7,10.96,3.274,20877,155.78,40.27,1159,998,1411,3745,ON
468,2026-05-24 22:51:12.075,35.7,11.00,3.259,21051,155.70,40.35,1157,996,1409,3757,ON
469,2026-05-24 22:51:12.575,35.7,11.06,3.261,21211,155.61,40.43,1158,997,1411,3706,ON
470,2026-05-24 22:51:13.075,35.7,11.08,3.248,21344,155.53,40.52,1156,993,1408,3794,ON
471,2026-05-24 22:51:13.575,35.7,11.15,3.256,21460,155.44,40.60,1161,999,1415,3807,ON
472,2026-05-24 22:51:14.075,35.7,11.15,3.237,21560,155.36,40.69,1163,1002,1418,3791,ON
473,2026-05-24 22:51:14.575,35.7,11.16,3.248,21643,155.28,40.77,1161,1000,1413,3739,ON
474,2026-05-24 22:51:15.075,35.7,11.18,3.240,21709,155.19,40.86,1163,1002,1416,3812,ON
475,2026-05-24 22:51:15.575,35.7,11.20,3.238,21772,155.10,40.95,1167,1005,1421,3744,ON
476,2026-05-24 22:51:16.075,35.7,11.22,3.235,21837,155.02,41.03,1161,1000,1416,3825,ON
477,2026-05-24 22:51:16.575,35.7,11.24,3.230,21898,154.93,41.11,1160,999,1415,3775,ON
478,2026-05-24 22:51:17.075,35.7,11.25,3.226,21956,154.85,41.20,1161,999,1415,3767,ON
479,2026-05-24 22:51:17.575,35.7,11.28,3.229,22013,154.77,41.28,1163,1002,1417,3716,ON
480,2026-05-24 22:51:18.075,35.7,11.29,3.228,22076,154.68,41.36,1164,1003,1417,3762,ON
481,2026-05-24 22:51:18.575,35.7,11.30,3.227,22156,154.59,41.45,1161,1000,1413,3813,ON
482,2026-05-24 22:51:19.075,35.7,11.31,3.217,22232,154.50,41.54,1163,1002,1416,3811,ON
483,2026-05-24 22:51:19.575,35.7,11.33,3.219,22297,154.42,41.63,1168,1007,1422,3814,ON
484,2026-05-24 22:51:20.075,35.7,11.34,3.210,22357,154.34,41.71,1169,1008,1422,3766,ON
485,2026-05-24 22:51:20.575,35.7,11.36,3.213,22425,154.25,41.79,1167,1006,1420,3782,ON
486,2026-05-24 22:51:21.075,35.7,11.38,3.208,22497,154.16,41.89,1166,1006,1418,3843,ON
487,2026-05-24 22:51:21.575,35.7,11.39,3.213,22562,154.08,41.97,1169,1012,1425,3771,ON
488,2026-05-24 22:51:22.075,35.7,11.40,3.210,22629,153.99,42.05,1165,1008,1419,3763,ON
489,2026-05-24 22:51:22.575,35.7,11.40,3.212,22706,153.91,42.14,1166,1009,1420,3801,ON
490,2026-05-24 22:51:23.075,35.7,11.40,3.204,22776,153.83,42.22,1170,1011,1424,3830,ON
491,2026-05-24 22:51:23.575,35.7,11.43,3.204,22847,153.74,42.31,1172,1015,1426,3842,ON
492,2026-05-24 22:51:24.075,35.7,11.44,3.202,22919,153.66,42.39,1175,1019,1429,3837,ON
493,2026-05-24 22:51:24.575,35.7,11.45,3.188,22991,153.57,42.48,1176,1019,1430,3824,ON
494,2026-05-24 22:51:25.075,35.7,11.48,3.190,23059,153.49,42.56,1172,1014,1427,3826,ON
495,2026-05-24 22:51:25.575,35.7,11.50,3.188,23125,153.40,42.65,1173,1015,1428,3762,ON
496,2026-05-24 22:51:26.075,35.7,11.52,3.193,23190,153.31,42.73,1169,1012,1424,3784,ON
497,2026-05-24 22:51:26.575,35.7,11.52,3.183,23267,153.23,42.82,1168,1010,1420,3804,ON
498,2026-05-24 22:51:27.075,35.7,11.55,3.189,23326,153.14,42.91,1168,1011,1422,3829,ON
499,2026-05-24 22:51:27.575,35.7,11.55,3.192,23386,153.06,42.99,1172,1015,1426,3850,ON
500,2026-05-24 22:51:28.075,35.7,11.55,3.199,23448,152.97,43.08,1173,1018,1429,3787,ON
501,2026-05-24 22:51:28.575,35.7,11.54,3.186,23520,152.89,43.16,1170,1016,1425,3785,ON
502,2026-05-24 22:51:29.075,35.7,11.55,3.177,23593,152.80,43.25,1172,1019,1428,3826,ON
503,2026-05-24 22:51:29.575,35.7,11.58,3.197,23667,152.71,43.33,1174,1019,1429,3817,ON
504,2026-05-24 22:51:30.075,35.7,11.58,3.192,23746,152.63,43.42,1173,1018,1428,3848,ON
505,2026-05-24 22:51:30.575,35.7,11.56,3.178,23824,152.53,43.52,1171,1016,1425,3831,ON
506,2026-05-24 22:51:31.075,35.7,11.57,3.184,23901,152.45,43.60,1173,1019,1428,3828,ON
507,2026-05-24 22:51:31.575,35.7,11.57,3.186,23974,152.36,43.68,1175,1021,1429,3787,ON
508,2026-05-24 22:51:32.075,35.7,11.57,3.174,24035,152.27,43.78,1174,1021,1429,3800,ON
509,2026-05-24 22:51:32.575,35.7,11.57,3.184,24095,152.20,43.85,1173,1021,1428,3857,ON
510,2026-05-24 22:51:33.075,35.7,11.59,3.163,24157,152.11,43.94,1175,1024,1431,3888,ON
511,2026-05-24 22:51:33.575,35.7,11.62,3.167,24225,152.02,44.03,1178,1029,1435,3884,ON
512,2026-05-24 22:51:34.075,35.7,11.64,3.169,24292,151.93,44.11,1177,1027,1433,3833,ON
513,2026-05-24 22:51:34.575,35.7,11.65,3.174,24346,151.85,44.20,1175,1026,1431,3823,ON
514,2026-05-24 22:51:35.075,35.7,11.65,3.168,24402,151.77,44.28,1181,1031,1438,3892,ON
515,2026-05-24 22:51:35.575,35.7,11.66,3.172,24472,151.68,44.37,1179,1030,1436,3814,ON
516,2026-05-24 22:51:36.075,35.7,11.66,3.172,24536,151.60,44.45,1175,1027,1430,3872,ON
517,2026-05-24 22:51:36.575,35.7,11.65,3.177,24592,151.51,44.54,1179,1030,1435,3856,ON
518,2026-05-24 22:51:37.075,35.6,11.65,3.168,24649,151.43,44.62,1180,1032,1436,3850,ON
519,2026-05-24 22:51:37.575,35.6,11.66,3.172,24710,151.34,44.70,1178,1033,1435,3877,ON
520,2026-05-24 22:51:38.075,35.7,11.68,3.166,24774,151.26,44.79,1179,1033,1436,3865,ON
521,2026-05-24 22:51:38.575,35.7,11.69,3.157,24845,151.16,44.88,1181,1034,1438,3890,ON
522,2026-05-24 22:51:39.075,35.6,11.69,3.169,24906,151.09,44.96,1184,1039,1442,3827,ON
523,2026-05-24 22:51:39.575,35.6,11.71,3.153,24975,151.01,45.04,1183,1039,1441,3861,ON
524,2026-05-24 22:51:40.075,35.6,11.73,3.156,25044,150.92,45.13,1186,1040,1444,3896,ON
525,2026-05-24 22:51:40.575,35.6,11.74,3.154,25108,150.83,45.22,1188,1044,1446,3907,ON
526,2026-05-24 22:51:41.075,35.6,11.75,3.173,25176,150.75,45.30,1190,1047,1449,3908,ON
527,2026-05-24 22:51:41.575,35.6,11.74,3.167,25250,150.66,45.38,1186,1043,1444,3881,ON
528,2026-05-24 22:51:42.075,35.6,11.74,3.163,25323,150.57,45.47,1187,1043,1444,3863,ON
529,2026-05-24 22:51:42.575,35.6,11.74,3.153,25394,150.49,45.55,1184,1042,1441,3840,ON
530,2026-05-24 22:51:43.075,35.6,11.75,3.156,25465,150.40,45.64,1184,1043,1441,3876,ON
531,2026-05-24 22:51:43.575,35.6,11.74,3.166,25546,150.32,45.72,1184,1043,1441,3898,ON
532,2026-05-24 22:51:44.075,35.6,11.74,3.163,25614,150.24,45.81,1186,1044,1443,3894,ON
533,2026-05-24 22:51:44.575,35.6,11.73,3.161,25675,150.15,45.90,1185,1046,1444,3861,ON
534,2026-05-24 22:51:45.075,35.6,11.73,3.162,25730,150.07,45.98,1185,1046,1443,3881,ON
535,2026-05-24 22:51:45.575,35.6,11.74,3.154,25798,149.98,46.06,1188,1048,1446,3903,ON
536,2026-05-24 22:51:46.075,35.6,11.75,3.153,25877,149.89,46.16,1190,1051,1448,3907,ON
537,2026-05-24 22:51:46.575,35.6,11.76,3.154,25949,149.80,46.24,1191,1054,1449,3928,ON
538,2026-05-24 22:51:47.075,35.6,11.75,3.168,26021,149.72,46.33,1192,1056,1454,3929,ON
539,2026-05-24 22:51:47.575,35.6,11.76,3.154,26090,149.64,46.41,1192,1057,1452,3896,ON
540,2026-05-24 22:51:48.075,35.6,11.76,3.153,26155,149.56,46.49,1191,1057,1450,3903,ON
541,2026-05-24 22:51:48.575,35.6,11.76,3.141,26211,149.47,46.58,1189,1056,1449,3898,ON
542,2026-05-24 22:51:49.075,35.6,11.76,3.158,26266,149.37,46.68,1188,1054,1449,3870,ON
543,2026-05-24 22:51:49.575,35.6,11.76,3.156,26310,149.29,46.76,1190,1057,1450,3921,ON
544,2026-05-24 22:51:50.075,35.6,11.78,3.145,26346,149.20,46.84,1193,1059,1452,3965,ON
545,2026-05-24 22:51:50.575,35.6,11.81,3.138,26403,149.12,46.93,1196,1063,1456,3966,ON
546,2026-05-24 22:51:51.075,35.6,11.81,3.153,26466,149.03,47.01,1191,1060,1457,3875,ON
547,2026-05-24 22:51:51.575,35.6,11.80,3.155,26528,148.95,47.10,1189,1060,1454,3915,ON
548,2026-05-24 22:51:52.075,35.6,11.81,3.137,26599,148.86,47.19,1192,1063,1453,3924,ON
549,2026-05-24 22:51:52.575,35.6,11.81,3.151,26668,148.78,47.27,1193,1064,1453,3999,ON
550,2026-05-24 22:51:53.075,35.6,11.81,3.148,26743,148.69,47.36,1195,1066,1455,3942,ON
551,2026-05-24 22:51:53.575,35.6,11.81,3.149,26827,148.60,47.44,1196,1067,1457,3963,ON
552,2026-05-24 22:51:54.075,35.6,11.81,3.145,26895,148.51,47.53,1199,1070,1460,3932,ON
553,2026-05-24 22:51:54.575,35.6,11.80,3.149,26946,148.43,47.61,1198,1072,1458,3929,ON
554,2026-05-24 22:51:55.075,35.6,11.81,3.150,26987,148.34,47.70,1196,1070,1457,3949,ON
555,2026-05-24 22:51:55.575,35.6,11.81,3.163,27040,148.26,47.79,1197,1072,1460,3974,ON
556,2026-05-24 22:51:56.075,35.6,11.80,3.137,27096,148.17,47.88,1198,1076,1463,3943,ON
557,2026-05-24 22:51:56.575,35.6,11.82,3.134,27155,148.07,47.98,1199,1076,1461,3954,ON
558,2026-05-24 22:51:57.075,35.6,11.84,3.129,27234,147.99,48.06,1199,1076,1459,3982,ON
559,2026-05-24 22:51:57.575,35.6,11.85,3.140,27317,147.91,48.14,1199,1076,1460,3935,ON
560,2026-05-24 22:51:58.075,35.6,11.85,3.140,27387,147.82,48.23,1200,1078,1462,3968,ON
561,2026-05-24 22:51:58.575,35.6,11.84,3.137,27442,147.73,48.32,1203,1082,1466,3972,ON
562,2026-05-24 22:51:59.075,35.6,11.82,3.150,27508,147.64,48.40,1203,1084,1466,4020,ON
563,2026-05-24 22:51:59.575,35.6,11.83,3.137,27571,147.57,48.48,1207,1090,1472,4020,ON
564,2026-05-24 22:52:00.075,35.6,11.84,3.151,27620,147.47,48.58,1206,1090,1472,3977,ON
565,2026-05-24 22:52:00.575,35.5,11.83,3.138,27683,147.38,48.66,1204,1089,1470,3960,ON
566,2026-05-24 22:52:01.075,35.5,11.85,3.139,27757,147.30,48.75,1208,1094,1475,4004,ON
567,2026-05-24 22:52:01.575,35.5,11.86,3.140,27828,147.22,48.83,1209,1096,1476,3972,ON
568,2026-05-24 22:52:02.075,35.5,11.86,3.136,27886,147.13,48.92,1206,1091,1470,4023,ON
569,2026-05-24 22:52:02.575,35.5,11.87,3.149,27949,147.04,49.00,1208,1093,1473,4031,ON
570,2026-05-24 22:52:03.075,35.5,11.86,3.133,27998,146.95,49.09,1211,1098,1478,4007,ON
571,2026-05-24 22:52:03.575,35.5,11.87,3.137,28038,146.87,49.17,1211,1100,1478,3985,ON
572,2026-05-24 22:52:04.075,35.5,11.87,3.129,28073,146.78,49.26,1211,1101,1477,4010,ON
573,2026-05-24 22:52:04.575,35.5,11.89,3.142,28116,146.70,49.35,1214,1106,1483,4079,ON
574,2026-05-24 22:52:05.075,35.5,11.89,3.136,28180,146.61,49.43,1218,1113,1489,4036,ON
575,2026-05-24 22:52:05.575,35.5,11.89,3.135,28252,146.53,49.51,1217,1112,1488,3967,ON
576,2026-05-24 22:52:06.075,35.6,11.90,3.133,28317,146.45,49.60,1215,1109,1484,4020,ON
577,2026-05-24 22:52:06.575,35.6,11.90,3.131,28372,146.36,49.69,1215,1108,1483,4049,ON
578,2026-05-24 22:52:07.075,35.5,11.91,3.128,28430,146.27,49.77,1216,1109,1484,4034,ON
579,2026-05-24 22:52:07.575,35.5,11.91,3.128,28489,146.18,49.86,1215,1109,1482,4037,ON
580,2026-05-24 22:52:08.075,35.5,11.92,3.125,28539,146.09,49.95,1214,1109,1481,4044,ON
581,2026-05-24 22:52:08.575,35.5,11.92,3.140,28594,146.02,50.03,1217,1112,1484,4042,ON
582,2026-05-24 22:52:09.075,35.5,11.93,3.129,28658,145.93,50.12,1218,1116,1488,4043,ON
583,2026-05-24 22:52:09.575,35.5,11.91,3.142,28713,145.84,50.20,1221,1122,1492,4069,ON
584,2026-05-24 22:52:10.075,35.5,11.89,3.144,28768,145.75,50.29,1221,1123,1493,4135,ON
585,2026-05-24 22:52:10.575,35.5,11.87,3.115,28838,145.67,50.38,1223,1125,1494,4097,ON
586,2026-05-24 22:52:11.075,35.5,11.88,3.135,28903,145.58,50.47,1218,1119,1487,4044,ON
587,2026-05-24 22:52:11.575,35.5,11.88,3.145,28968,145.50,50.55,1217,1118,1486,4029,ON
588,2026-05-24 22:52:12.075,35.5,11.90,3.125,29033,145.41,50.64,1218,1120,1487,4051,ON
589,2026-05-24 22:52:12.575,35.5,11.92,3.138,29089,145.32,50.73,1220,1123,1490,4098,ON
590,2026-05-24 22:52:13.075,35.5,11.93,3.126,29131,145.24,50.81,1223,1127,1493,4088,ON
591,2026-05-24 22:52:13.575,35.5,11.93,3.139,29182,145.15,50.89,1223,1130,1496,4075,ON
592,2026-05-24 22:52:14.075,35.5,11.91,3.136,29254,145.06,50.98,1222,1129,1494,4054,ON
593,2026-05-24 22:52:14.575,35.5,11.91,3.126,29320,144.98,51.06,1223,1131,1496,4098,ON
594,2026-05-24 22:52:15.075,35.5,11.92,3.142,29376,144.89,51.15,1227,1137,1501,4088,ON
595,2026-05-24 22:52:15.575,35.5,11.91,3.131,29445,144.81,51.23,1226,1146,1507,4161,ON
596,2026-05-24 22:52:16.075,35.5,11.92,3.123,29492,144.73,51.32,1226,1147,1507,4108,ON
597,2026-05-24 22:52:16.575,35.5,11.93,3.118,29524,144.64,51.41,1227,1144,1504,4084,ON
598,2026-05-24 22:52:17.075,35.5,11.95,3.113,29555,144.55,51.49,1225,1143,1501,4074,ON
599,2026-05-24 22:52:17.575,35.5,11.96,3.127,29603,144.46,51.59,1223,1144,1503,4079,ON
600,2026-05-24 22:52:18.075,35.5,11.96,3.137,29658,144.38,51.66,1226,1145,1503,4109,ON
601,2026-05-24 22:52:18.575,35.5,11.94,3.137,29709,144.28,51.76,1228,1146,1503,4072,ON
602,2026-05-24 22:52:19.075,35.5,11.95,3.126,29774,144.20,51.85,1224,1150,1506,4131,ON
603,2026-05-24 22:52:19.575,35.5,11.94,3.131,29853,144.11,51.94,1229,1154,1508,4138,ON
604,2026-05-24 22:52:20.075,35.5,11.94,3.120,29932,144.01,52.03,1232,1155,1508,4135,ON
605,2026-05-24 22:52:20.575,35.5,11.95,3.123,29999,143.93,52.12,1233,1155,1507,4140,ON
606,2026-05-24 22:52:21.075,35.5,11.96,3.119,30051,143.85,52.20,1234,1156,1510,4097,ON
607,2026-05-24 22:52:21.575,35.5,11.96,3.124,30095,143.77,52.28,1232,1153,1505,4085,ON
608,2026-05-24 22:52:22.075,35.5,11.96,3.124,30139,143.68,52.37,1232,1153,1504,4146,ON
609,2026-05-24 22:52:22.575,35.5,11.96,3.124,30196,143.59,52.45,1231,1153,1502,4180,ON
610,2026-05-24 22:52:23.075,35.5,11.96,3.116,30247,143.51,52.54,1235,1161,1509,4170,ON
611,2026-05-24 22:52:23.575,35.5,11.98,3.125,30297,143.42,52.63,1233,1161,1508,4128,ON
612,2026-05-24 22:52:24.075,35.4,11.98,3.121,30347,143.33,52.71,1232,1160,1506,4116,ON
613,2026-05-24 22:52:24.575,35.4,11.99,3.125,30406,143.25,52.80,1238,1168,1514,4186,ON
614,2026-05-24 22:52:25.075,35.4,11.98,3.126,30454,143.16,52.89,1238,1170,1514,4133,ON
615,2026-05-24 22:52:25.575,35.4,11.97,3.134,30500,143.07,52.98,1235,1166,1509,4185,ON
616,2026-05-24 22:52:26.075,35.4,11.97,3.126,30547,142.99,53.06,1238,1170,1513,4196,ON
617,2026-05-24 22:52:26.575,35.4,11.97,3.126,30581,142.90,53.15,1243,1177,1520,4179,ON
618,2026-05-24 22:52:27.075,35.4,11.97,3.110,30627,142.82,53.23,1242,1177,1518,4142,ON
619,2026-05-24 22:52:27.575,35.4,11.97,3.117,30692,142.73,53.32,1242,1177,1517,4184,ON
620,2026-05-24 22:52:28.075,35.4,11.99,3.128,30768,142.64,53.40,1243,1179,1518,4260,ON
621,2026-05-24 22:52:28.575,35.4,11.97,3.124,30844,142.56,53.48,1248,1187,1527,4235,ON
622,2026-05-24 22:52:29.075,35.4,11.96,3.115,30920,142.48,53.57,1245,1185,1522,4157,ON
623,2026-05-24 22:52:29.575,35.4,11.98,3.114,30971,142.39,53.66,1240,1180,1516,4159,ON
624,2026-05-24 22:52:30.075,35.4,12.00,3.116,31017,142.30,53.74,1242,1184,1518,4182,ON
625,2026-05-24 22:52:30.575,35.4,12.00,3.118,31057,142.22,53.83,1246,1191,1524,4195,ON
626,2026-05-24 22:52:31.075,35.4,12.00,3.119,31093,142.13,53.91,1248,1195,1528,4197,ON
627,2026-05-24 22:52:31.575,35.4,11.99,3.120,31133,142.05,54.00,1246,1193,1524,4239,ON
628,2026-05-24 22:52:32.075,35.4,11.99,3.126,31190,141.96,54.09,1250,1197,1527,4230,ON
629,2026-05-24 22:52:32.575,35.4,11.98,3.106,31256,141.87,54.18,1252,1201,1530,4208,ON
630,2026-05-24 22:52:33.075,35.4,11.99,3.118,31314,141.79,54.26,1253,1203,1533,4276,ON
631,2026-05-24 22:52:33.575,35.4,11.99,3.114,31369,141.70,54.35,1252,1203,1531,4185,ON
632,2026-05-24 22:52:34.075,35.4,12.00,3.110,31421,141.62,54.43,1251,1203,1530,4232,ON
633,2026-05-24 22:52:34.575,35.4,12.02,3.119,31483,141.53,54.51,1251,1205,1530,4245,ON
634,2026-05-24 22:52:35.075,35.4,12.01,3.121,31528,141.44,54.60,1252,1207,1531,4238,ON
635,2026-05-24 22:52:35.575,35.4,11.99,3.114,31568,141.36,54.69,1251,1207,1531,4233,ON
636,2026-05-24 22:52:36.075,35.4,11.99,3.121,31612,141.27,54.77,1251,1210,1532,4247,ON
637,2026-05-24 22:52:36.575,35.4,11.98,3.117,31669,141.18,54.86,1254,1214,1536,4200,ON
638,2026-05-24 22:52:37.075,35.4,11.99,3.118,31730,141.10,54.94,1252,1211,1530,4264,ON
639,2026-05-24 22:52:37.575,35.4,11.99,3.113,31792,141.02,55.03,1253,1212,1531,4251,ON
640,2026-05-24 22:52:38.075,35.4,11.98,3.125,31862,140.96,55.09,1253,1213,1532,4290,ON
641,2026-05-24 22:52:38.575,35.4,11.97,3.129,31924,140.83,55.22,1254,1217,1534,4269,ON
642,2026-05-24 22:52:39.075,35.4,11.98,3.112,31982,140.74,55.31,1253,1216,1533,4223,ON
643,2026-05-24 22:52:39.575,35.4,12.00,3.101,32028,140.65,55.39,1254,1218,1534,4271,ON
644,2026-05-24 22:52:40.075,35.4,12.03,3.107,32062,140.57,55.48,1256,1223,1537,4264,ON
645,2026-05-24 22:52:40.575,35.4,12.04,3.119,32110,140.48,55.57,1257,1226,1540,4325,ON
646,2026-05-24 22:52:41.075,35.4,12.03,3.114,32159,140.39,55.65,1259,1230,1543,4302,ON
647,2026-05-24 22:52:41.575,35.4,12.03,3.115,32214,140.31,55.74,1259,1232,1542,4278,ON
648,2026-05-24 22:52:42.075,35.4,12.03,3.115,32268,140.22,55.83,1259,1232,1541,4258,ON
649,2026-05-24 22:52:42.575,35.4,12.03,3.108,32314,140.14,55.91,1260,1233,1542,4304,ON
650,2026-05-24 22:52:43.075,35.4,12.05,3.104,32355,140.04,56.00,1263,1239,1547,4375,ON
651,2026-05-24 22:52:43.575,35.4,12.05,3.110,32393,139.96,56.09,1265,1242,1549,4309,ON
652,2026-05-24 22:52:44.075,35.4,12.05,3.110,32435,139.87,56.18,1263,1241,1547,4306,ON
653,2026-05-24 22:52:44.575,35.4,12.04,3.120,32487,139.79,56.26,1263,1241,1547,4275,ON
654,2026-05-24 22:52:45.075,35.4,12.02,3.114,32547,139.70,56.35,1263,1244,1547,4307,ON
655,2026-05-24 22:52:45.575,35.4,12.03,3.102,32602,139.61,56.43,1267,1249,1551,4323,ON
656,2026-05-24 22:52:46.075,35.4,12.05,3.103,32662,139.53,56.52,1266,1250,1551,4361,ON
657,2026-05-24 22:52:46.575,35.4,12.05,3.116,32726,139.44,56.61,1266,1251,1550,4334,ON
658,2026-05-24 22:52:47.075,35.4,12.04,3.119,32783,139.35,56.69,1266,1251,1550,4358,ON
659,2026-05-24 22:52:47.575,35.4,12.05,3.111,32845,139.26,56.78,1269,1257,1554,4353,ON
660,2026-05-24 22:52:48.075,35.4,12.05,3.117,32898,139.18,56.87,1269,1258,1555,4329,ON
661,2026-05-24 22:52:48.575,35.3,12.06,3.104,32950,139.09,56.95,1268,1258,1553,4338,ON
662,2026-05-24 22:52:49.075,35.3,12.05,3.114,33000,139.01,57.03,1268,1259,1553,4404,ON
663,2026-05-24 22:52:49.575,35.3,12.04,3.116,33045,138.92,57.12,1269,1263,1553,4348,ON
664,2026-05-24 22:52:50.075,35.3,12.04,3.122,33102,138.84,57.21,1270,1266,1554,4312,ON
665,2026-05-24 22:52:50.575,35.3,12.05,3.115,33190,138.75,57.30,1269,1265,1551,4322,ON
666,2026-05-24 22:52:51.075,35.3,12.04,3.107,33263,138.67,57.38,1274,1271,1559,4408,ON
667,2026-05-24 22:52:51.575,35.3,12.05,3.123,33321,138.58,57.47,1278,1277,1565,4396,ON
668,2026-05-24 22:52:52.075,35.4,12.04,3.111,33370,138.49,57.55,1275,1276,1562,4374,ON
669,2026-05-24 22:52:52.575,35.4,12.04,3.113,33406,138.41,57.63,1273,1274,1559,4373,ON
670,2026-05-24 22:52:53.075,35.4,12.04,3.110,33442,138.32,57.73,1274,1276,1559,4414,ON
671,2026-05-24 22:52:53.575,35.4,12.04,3.100,33463,138.23,57.81,1275,1280,1563,4381,ON
672,2026-05-24 22:52:54.075,35.3,12.04,3.112,33506,138.15,57.90,1275,1281,1563,4374,ON
673,2026-05-24 22:52:54.575,35.3,12.04,3.113,33565,138.06,57.98,1277,1285,1565,4379,ON
674,2026-05-24 22:52:55.075,35.3,12.04,3.116,33629,137.98,58.07,1275,1284,1563,4405,ON
675,2026-05-24 22:52:55.575,35.4,12.04,3.115,33688,137.89,58.15,1278,1288,1565,4443,ON
676,2026-05-24 22:52:56.075,35.3,12.03,3.119,33732,137.81,58.24,1279,1291,1567,4416,ON
677,2026-05-24 22:52:56.575,35.3,12.03,3.113,33787,137.72,58.33,1279,1294,1568,4400,ON
678,2026-05-24 22:52:57.075,35.3,12.03,3.111,33826,137.63,58.41,1280,1296,1569,4424,ON
679,2026-05-24 22:52:57.575,35.3,12.04,3.117,33864,137.54,58.50,1281,1299,1571,4448,ON
680,2026-05-24 22:52:58.075,35.3,12.05,3.112,33895,137.46,58.59,1283,1302,1574,4494,ON
681,2026-05-24 22:52:58.575,35.3,12.05,3.107,33942,137.37,58.68,1284,1305,1575,4463,ON
682,2026-05-24 22:52:59.075,35.3,12.04,3.116,34004,137.29,58.76,1288,1312,1580,4411,ON
683,2026-05-24 22:52:59.575,35.3,12.04,3.114,34071,137.19,58.86,1287,1311,1578,4422,ON
684,2026-05-24 22:53:00.075,35.3,12.04,3.102,34129,137.10,58.95,1289,1316,1581,4453,ON
685,2026-05-24 22:53:00.575,35.3,12.06,3.119,34183,137.02,59.03,1288,1316,1580,4468,ON
686,2026-05-24 22:53:01.075,35.3,12.07,3.107,34231,136.93,59.12,1288,1316,1579,4459,ON
687,2026-05-24 22:53:01.575,35.3,12.07,3.110,34274,136.84,59.21,1289,1318,1580,4473,ON
688,2026-05-24 22:53:02.075,35.3,12.06,3.095,34306,136.76,59.29,1290,1322,1583,4438,ON
689,2026-05-24 22:53:02.575,35.3,12.09,3.102,34340,136.67,59.38,1289,1323,1581,4450,ON
690,2026-05-24 22:53:03.075,35.3,12.09,3.123,34383,136.58,59.46,1292,1328,1585,4510,ON
691,2026-05-24 22:53:03.575,35.3,12.09,3.108,34424,136.49,59.55,1294,1332,1588,4497,ON
692,2026-05-24 22:53:04.075,35.3,12.08,3.104,34477,136.41,59.64,1294,1333,1588,4499,ON
693,2026-05-24 22:53:04.575,35.3,12.06,3.111,34539,136.33,59.72,1294,1335,1588,4480,ON
694,2026-05-24 22:53:05.075,35.3,12.06,3.114,34605,136.24,59.81,1293,1335,1587,4467,ON
695,2026-05-24 22:53:05.575,35.3,12.06,3.097,34666,136.15,59.90,1295,1338,1589,4499,ON
696,2026-05-24 22:53:06.075,35.3,12.05,3.111,34718,136.07,59.98,1295,1339,1589,4552,ON
697,2026-05-24 22:53:06.575,35.3,12.05,3.110,34772,135.97,60.07,1298,1345,1594,4566,ON
698,2026-05-24 22:53:07.075,35.3,12.05,3.110,34812,135.89,60.16,1296,1345,1591,4502,ON
699,2026-05-24 22:53:07.575,35.3,12.06,3.102,34859,135.80,60.25,1295,1345,1589,4497,ON
700,2026-05-24 22:53:08.075,35.3,12.08,3.101,34908,135.71,60.33,1298,1351,1593,4527,ON
701,2026-05-24 22:53:08.575,35.3,12.08,3.106,34961,135.63,60.41,1299,1353,1592,4531,ON
702,2026-05-24 22:53:09.075,35.3,12.08,3.111,35009,135.54,60.50,1300,1357,1594,4548,ON
703,2026-05-24 22:53:09.575,35.3,12.08,3.103,35044,135.46,60.59,1299,1360,1597,4544,ON
704,2026-05-24 22:53:10.075,35.3,12.08,3.111,35073,135.38,60.67,1298,1360,1596,4516,ON
705,2026-05-24 22:53:10.575,35.3,12.06,3.084,35098,135.28,60.77,1298,1359,1594,4547,ON
706,2026-05-24 22:53:11.075,35.3,12.10,3.105,35151,135.20,60.85,1301,1362,1597,4530,ON
707,2026-05-24 22:53:11.575,35.3,12.09,3.108,35213,135.11,60.94,1300,1363,1597,4525,ON
708,2026-05-24 22:53:12.075,35.3,12.08,3.106,35265,135.02,61.02,1301,1367,1598,4527,ON
709,2026-05-24 22:53:12.575,35.3,12.08,3.104,35320,134.94,61.11,1299,1365,1594,4581,ON
710,2026-05-24 22:53:13.075,35.3,12.09,3.101,35391,134.85,61.20,1302,1369,1598,4601,ON
711,2026-05-24 22:53:13.575,35.3,12.10,3.102,35440,134.77,61.28,1304,1374,1600,4575,ON
712,2026-05-24 22:53:14.075,35.3,12.10,3.098,35500,134.68,61.37,1305,1378,1603,4520,ON
713,2026-05-24 22:53:14.575,35.3,12.11,3.102,35552,134.60,61.45,1303,1376,1599,4542,ON
714,2026-05-24 22:53:15.075,35.3,12.11,3.085,35598,134.50,61.54,1306,1379,1602,4593,ON
715,2026-05-24 22:53:15.575,35.3,12.12,3.094,35627,134.42,61.62,1309,1386,1608,4630,ON
716,2026-05-24 22:53:16.075,35.3,12.13,3.104,35652,134.34,61.71,1312,1391,1612,4623,ON
717,2026-05-24 22:53:16.575,35.3,12.12,3.113,35683,134.25,61.79,1314,1394,1612,4555,ON
718,2026-05-24 22:53:17.075,35.3,12.10,3.115,35732,134.17,61.88,1312,1394,1611,4593,ON
719,2026-05-24 22:53:17.575,35.3,12.07,3.095,35808,134.09,61.96,1314,1397,1612,4611,ON
720,2026-05-24 22:53:18.075,35.3,12.08,3.100,35885,134.00,62.05,1313,1397,1611,4597,ON
721,2026-05-24 22:53:18.575,35.3,12.09,3.084,35947,133.91,62.13,1311,1396,1608,4632,ON
722,2026-05-24 22:53:19.075,35.3,12.10,3.101,36006,133.83,62.22,1315,1402,1613,4641,ON
723,2026-05-24 22:53:19.575,35.3,12.10,3.117,36043,133.73,62.32,1317,1407,1617,4601,ON
724,2026-05-24 22:53:20.075,35.3,12.10,3.110,36074,133.64,62.41,1314,1405,1614,4603,ON
725,2026-05-24 22:53:20.575,35.3,12.10,3.092,36099,133.54,62.50,1315,1408,1614,4651,ON
726,2026-05-24 22:53:21.075,35.3,12.11,3.090,36132,133.46,62.59,1318,1412,1618,4671,ON
727,2026-05-24 22:53:21.575,35.3,12.13,3.098,36198,133.38,62.67,1315,1410,1616,4623,ON
728,2026-05-24 22:53:22.075,35.3,12.13,3.100,36261,133.29,62.75,1314,1411,1614,4568,ON
729,2026-05-24 22:53:22.575,35.3,12.14,3.096,36314,133.20,62.84,1315,1408,1608,4640,ON
730,2026-05-24 22:53:23.075,35.3,12.14,3.106,36354,133.12,62.93,1316,1412,1610,4637,ON
731,2026-05-24 22:53:23.575,35.3,12.11,3.124,36394,133.03,63.02,1321,1423,1620,4684,ON
732,2026-05-24 22:53:24.075,35.3,12.10,3.096,36418,132.95,63.10,1323,1428,1624,4709,ON
733,2026-05-24 22:53:24.575,35.3,12.09,3.109,36449,132.86,63.19,1323,1430,1625,4675,ON
734,2026-05-24 22:53:25.075,35.2,12.08,3.110,36478,132.78,63.26,1320,1429,1621,4672,ON
735,2026-05-24 22:53:25.575,35.2,12.07,3.103,36516,132.68,63.36,1320,1432,1623,4661,ON
736,2026-05-24 22:53:26.075,35.2,12.07,3.102,36571,132.60,63.44,1324,1438,1627,4698,ON
737,2026-05-24 22:53:26.575,35.2,12.07,3.105,36629,132.51,63.53,1325,1442,1629,4694,ON
738,2026-05-24 22:53:27.075,35.2,12.08,3.091,36696,132.43,63.62,1324,1442,1627,4717,ON
739,2026-05-24 22:53:27.575,35.2,12.10,3.098,36761,132.34,63.70,1326,1446,1629,4710,ON
740,2026-05-24 22:53:28.075,35.2,12.11,3.105,36815,132.25,63.79,1327,1450,1631,4715,ON
741,2026-05-24 22:53:28.575,35.2,12.10,3.111,36864,132.16,63.88,1327,1451,1631,4700,ON
742,2026-05-24 22:53:29.075,35.2,12.11,3.093,36910,132.09,63.96,1328,1452,1631,4717,ON
743,2026-05-24 22:53:29.575,35.2,12.12,3.114,36946,131.99,64.05,1329,1455,1631,4773,ON
744,2026-05-24 22:53:30.075,35.2,12.11,3.104,36985,131.91,64.14,1332,1461,1636,4775,ON
745,2026-05-24 22:53:30.575,35.2,12.10,3.107,37024,131.83,64.22,1333,1464,1637,4736,ON
746,2026-05-24 22:53:31.075,35.2,12.09,3.098,37064,131.74,64.31,1333,1465,1638,4733,ON
747,2026-05-24 22:53:31.575,35.2,12.10,3.103,37111,131.65,64.40,1333,1467,1637,4742,ON
748,2026-05-24 22:53:32.075,35.2,12.10,3.111,37152,131.57,64.48,1333,1469,1637,4778,ON
749,2026-05-24 22:53:32.575,35.2,12.09,3.098,37197,131.48,64.57,1334,1471,1637,4762,ON
750,2026-05-24 22:53:33.075,35.2,12.10,3.108,37234,131.39,64.66,1332,1471,1636,4714,ON
751,2026-05-24 22:53:33.575,35.2,12.12,3.092,37272,131.31,64.74,1331,1472,1636,4741,ON
752,2026-05-24 22:53:34.075,35.2,12.13,3.107,37303,131.21,64.83,1334,1478,1640,4758,ON
753,2026-05-24 22:53:34.575,35.2,12.13,3.098,37338,131.13,64.92,1338,1485,1645,4819,ON
754,2026-05-24 22:53:35.075,35.2,12.14,3.094,37375,131.04,65.00,1342,1491,1649,4809,ON
755,2026-05-24 22:53:35.575,35.2,12.17,3.083,37430,130.96,65.09,1335,1485,1641,4729,ON
756,2026-05-24 22:53:36.075,35.2,12.17,3.099,37489,130.87,65.18,1332,1482,1636,4745,ON
757,2026-05-24 22:53:36.575,35.2,12.15,3.102,37542,130.79,65.26,1333,1486,1639,4772,ON
758,2026-05-24 22:53:37.075,35.2,12.13,3.099,37597,130.70,65.35,1336,1491,1642,4825,ON
759,2026-05-24 22:53:37.575,35.2,12.13,3.111,37631,130.62,65.43,1338,1495,1643,4787,ON
760,2026-05-24 22:53:38.075,35.2,12.11,3.096,37668,130.53,65.51,1338,1496,1642,4791,ON
761,2026-05-24 22:53:38.575,35.2,12.10,3.103,37690,130.44,65.60,1338,1498,1643,4779,ON
762,2026-05-24 22:53:39.075,35.2,12.10,3.099,37730,130.35,65.69,1339,1501,1645,4802,ON
763,2026-05-24 22:53:39.575,35.2,12.11,3.107,37780,130.27,65.77,1340,1504,1646,4825,ON
764,2026-05-24 22:53:40.075,35.2,12.10,3.096,37834,130.17,65.87,1342,1508,1648,4824,ON
765,2026-05-24 22:53:40.575,35.2,12.12,3.093,37891,130.09,65.96,1344,1511,1650,4848,ON
766,2026-05-24 22:53:41.075,35.2,12.14,3.093,37942,130.00,66.05,1344,1513,1650,4790,ON
767,2026-05-24 22:53:41.575,35.2,12.14,3.090,37989,129.91,66.13,1341,1512,1648,4786,ON
768,2026-05-24 22:53:42.075,35.2,12.14,3.093,38035,129.83,66.21,1343,1517,1650,4822,ON
769,2026-05-24 22:53:42.575,35.2,12.14,3.095,38063,129.74,66.31,1345,1521,1653,4873,ON
770,2026-05-24 22:53:43.075,35.2,12.15,3.095,38080,129.65,66.40,1347,1525,1655,4849,ON
771,2026-05-24 22:53:43.575,35.2,12.15,3.101,38117,129.56,66.48,1345,1524,1653,4822,ON
772,2026-05-24 22:53:44.075,35.2,12.15,3.089,38163,129.48,66.57,1343,1523,1650,4802,ON
773,2026-05-24 22:53:44.575,35.2,12.16,3.092,38208,129.39,66.66,1346,1528,1653,4877,ON
774,2026-05-24 22:53:45.075,35.2,12.15,3.100,38269,129.31,66.74,1350,1536,1659,4880,ON
775,2026-05-24 22:53:45.575,35.2,12.14,3.096,38333,129.22,66.83,1350,1538,1660,4847,ON
776,2026-05-24 22:53:46.075,35.2,12.13,3.098,38379,129.13,66.91,1349,1539,1659,4878,ON
777,2026-05-24 22:53:46.575,35.2,12.13,3.085,38424,129.04,67.00,1350,1541,1659,4853,ON
778,2026-05-24 22:53:47.075,35.1,12.14,3.097,38452,128.96,67.08,1351,1544,1660,4895,ON
779,2026-05-24 22:53:47.575,35.1,12.13,3.095,38485,128.87,67.17,1354,1549,1663,4857,ON
780,2026-05-24 22:53:48.075,35.1,12.14,3.093,38532,128.79,67.26,1350,1546,1658,4896,ON
781,2026-05-24 22:53:48.575,35.1,12.15,3.094,38568,128.71,67.34,1352,1551,1662,4909,ON
782,2026-05-24 22:53:49.075,35.1,12.15,3.093,38617,128.62,67.43,1351,1551,1661,4874,ON
783,2026-05-24 22:53:49.575,35.1,12.15,3.086,38664,128.53,67.52,1350,1551,1659,4923,ON
784,2026-05-24 22:53:50.075,35.1,12.15,3.093,38709,128.45,67.60,1354,1556,1663,4959,ON
785,2026-05-24 22:53:50.575,35.1,12.15,3.100,38754,128.36,67.69,1355,1561,1664,4883,ON
786,2026-05-24 22:53:51.075,35.1,12.14,3.089,38789,128.27,67.78,1353,1561,1662,4864,ON
787,2026-05-24 22:53:51.575,35.1,12.14,3.092,38811,128.18,67.87,1357,1567,1665,4936,ON
788,2026-05-24 22:53:52.075,35.1,12.12,3.111,38841,128.10,67.95,1358,1570,1666,4911,ON
789,2026-05-24 22:53:52.575,35.1,12.11,3.105,38876,128.01,68.04,1357,1569,1664,4938,ON
790,2026-05-24 22:53:53.075,35.1,12.12,3.091,38908,127.92,68.13,1355,1570,1663,4917,ON
791,2026-05-24 22:53:53.575,35.1,12.13,3.085,38961,127.83,68.21,1356,1573,1663,4925,ON
792,2026-05-24 22:53:54.075,35.1,12.13,3.098,39018,127.75,68.30,1357,1577,1667,4941,ON
793,2026-05-24 22:53:54.575,35.1,12.13,3.111,39069,127.67,68.38,1360,1582,1671,4910,ON
794,2026-05-24 22:53:55.075,35.1,12.11,3.085,39130,127.57,68.47,1362,1586,1674,4964,ON
795,2026-05-24 22:53:55.575,35.1,12.12,3.086,39174,127.48,68.56,1363,1590,1676,5001,ON
796,2026-05-24 22:53:56.075,35.1,12.11,3.103,39218,127.40,68.64,1363,1591,1675,4979,ON
797,2026-05-24 22:53:56.575,35.1,12.11,3.091,39245,127.32,68.73,1366,1596,1678,4960,ON
798,2026-05-24 22:53:57.075,35.1,12.13,3.093,39279,127.23,68.82,1364,1594,1675,4936,ON
799,2026-05-24 22:53:57.575,35.1,12.14,3.095,39327,127.15,68.90,1362,1593,1672,4940,ON
800,2026-05-24 22:53:58.075,35.1,12.13,3.095,39374,127.06,68.99,1363,1598,1676,4984,ON
801,2026-05-24 22:53:58.575,35.1,12.14,3.091,39410,126.97,69.08,1365,1602,1677,5024,ON
802,2026-05-24 22:53:59.075,35.1,12.15,3.087,39456,126.88,69.17,1365,1605,1679,4965,ON
803,2026-05-24 22:53:59.575,35.1,12.15,3.097,39508,126.80,69.25,1364,1605,1677,4939,ON
804,2026-05-24 22:54:00.075,35.1,12.14,3.094,39545,126.71,69.34,1363,1605,1674,4942,ON
805,2026-05-24 22:54:00.575,35.1,12.14,3.093,39567,126.61,69.44,1367,1611,1677,5023,ON
806,2026-05-24 22:54:01.075,35.1,12.14,3.102,39599,126.52,69.53,1370,1613,1678,5043,ON
807,2026-05-24 22:54:01.575,35.1,12.14,3.096,39635,126.44,69.61,1370,1614,1681,5028,ON
808,2026-05-24 22:54:02.075,35.1,12.14,3.086,39692,126.35,69.70,1367,1614,1685,4967,ON
809,2026-05-24 22:54:02.575,35.1,12.16,3.085,39752,126.26,69.78,1365,1615,1680,4990,ON
810,2026-05-24 22:54:03.075,35.1,12.16,3.098,39799,126.18,69.86,1369,1620,1680,5020,ON
811,2026-05-24 22:54:03.575,35.1,12.16,3.089,39842,126.09,69.96,1370,1624,1681,5021,ON
812,2026-05-24 22:54:04.075,35.1,12.17,3.085,39891,126.00,70.04,1371,1630,1683,5031,ON
813,2026-05-24 22:54:04.575,35.1,12.17,3.075,39931,125.92,70.12,1372,1633,1683,5030,ON
814,2026-05-24 22:54:05.075,35.1,12.17,3.088,39963,125.84,70.21,1371,1634,1681,5047,ON
815,2026-05-24 22:54:05.575,35.1,12.18,3.092,39983,125.75,70.30,1374,1639,1685,5039,ON
816,2026-05-24 22:54:06.075,35.1,12.18,3.087,40013,125.66,70.38,1375,1642,1687,5019,ON
817,2026-05-24 22:54:06.575,35.1,12.19,3.079,40052,125.58,70.47,1371,1640,1682,5084,ON
818,2026-05-24 22:54:07.075,35.1,12.18,3.094,40091,125.50,70.55,1375,1640,1680,5030,ON
819,2026-05-24 22:54:07.575,35.1,12.18,3.094,40115,125.41,70.64,1378,1646,1684,5077,ON
820,2026-05-24 22:54:08.075,35.1,12.17,3.089,40148,125.31,70.74,1379,1653,1689,5005,ON
821,2026-05-24 22:54:08.575,35.1,12.16,3.100,40186,125.23,70.82,1376,1653,1687,5049,ON
822,2026-05-24 22:54:09.075,35.1,12.16,3.095,40219,125.15,70.90,1376,1654,1687,5087,ON
823,2026-05-24 22:54:09.575,35.1,12.15,3.091,40251,125.06,70.98,1378,1659,1690,5134,ON
824,2026-05-24 22:54:10.075,35.1,12.16,3.087,40283,124.97,71.07,1381,1666,1697,5042,ON
825,2026-05-24 22:54:10.575,35.1,12.17,3.086,40321,124.88,71.16,1380,1666,1695,5080,ON
826,2026-05-24 22:54:11.075,35.1,12.19,3.081,40383,124.80,71.24,1379,1667,1695,5114,ON
827,2026-05-24 22:54:11.575,35.1,12.21,3.091,40438,124.72,71.33,1381,1671,1698,5144,ON
828,2026-05-24 22:54:12.075,35.1,12.19,3.090,40501,124.62,71.42,1381,1673,1699,5106,ON
829,2026-05-24 22:54:12.575,35.1,12.18,3.093,40558,124.54,71.51,1379,1674,1698,5090,ON
830,2026-05-24 22:54:13.075,35.1,12.17,3.084,40604,124.46,71.59,1378,1674,1698,5046,ON
831,2026-05-24 22:54:13.575,35.1,12.16,3.096,40641,124.37,71.68,1381,1681,1701,5112,ON
832,2026-05-24 22:54:14.075,35.1,12.16,3.092,40669,124.29,71.76,1383,1686,1705,5165,ON
833,2026-05-24 22:54:14.575,35.1,12.16,3.086,40705,124.20,71.85,1385,1695,1710,5150,ON
834,2026-05-24 22:54:15.075,35.1,12.18,3.088,40738,124.11,71.94,1382,1693,1706,5105,ON
835,2026-05-24 22:54:15.575,35.1,12.20,3.081,40776,124.02,72.03,1382,1697,1708,5143,ON
836,2026-05-24 22:54:16.075,35.1,12.20,3.093,40818,123.94,72.11,1383,1702,1711,5149,ON
837,2026-05-24 22:54:16.575,35.1,12.18,3.096,40862,123.85,72.20,1385,1706,1711,5143,ON
838,2026-05-24 22:54:17.075,35.1,12.17,3.094,40915,123.77,72.28,1386,1709,1711,5152,ON
839,2026-05-24 22:54:17.575,35.1,12.19,3.077,40967,123.68,72.37,1381,1704,1705,5105,ON
840,2026-05-24 22:54:18.075,35.1,12.22,3.091,41017,123.59,72.46,1380,1703,1704,5114,ON
841,2026-05-24 22:54:18.575,35.1,12.20,3.097,41047,123.51,72.54,1384,1710,1710,5142,ON
842,2026-05-24 22:54:19.075,35.1,12.20,3.090,41076,123.41,72.63,1386,1712,1712,5174,ON
843,2026-05-24 22:54:19.575,35.1,12.20,3.097,41102,123.33,72.72,1389,1717,1716,5190,ON
844,2026-05-24 22:54:20.075,35.1,12.19,3.101,41118,123.25,72.80,1388,1716,1716,5155,ON
845,2026-05-24 22:54:20.575,35.1,12.17,3.094,41157,123.16,72.88,1388,1718,1717,5145,ON
846,2026-05-24 22:54:21.075,35.1,12.17,3.093,41200,123.07,72.97,1388,1719,1718,5139,ON
847,2026-05-24 22:54:21.575,35.1,12.17,3.091,41245,122.99,73.06,1387,1719,1717,5172,ON
848,2026-05-24 22:54:22.075,35.1,12.18,3.070,41291,122.90,73.15,1387,1720,1719,5204,ON
849,2026-05-24 22:54:22.575,35.1,12.19,3.086,41357,122.82,73.23,1388,1724,1721,5226,ON
850,2026-05-24 22:54:23.075,35.1,12.19,3.081,41406,122.71,73.33,1389,1727,1719,5189,ON
851,2026-05-24 22:54:23.575,35.1,12.18,3.093,41435,122.63,73.42,1390,1729,1718,5241,ON
852,2026-05-24 22:54:24.075,35.1,12.17,3.091,41473,122.53,73.51,1390,1729,1714,5137,ON
853,2026-05-24 22:54:24.575,35.1,12.17,3.098,41499,122.45,73.59,1389,1724,1710,5185,ON
854,2026-05-24 22:54:25.075,35.1,12.17,3.079,41541,122.36,73.68,1389,1723,1706,5205,ON
855,2026-05-24 22:54:25.575,35.1,12.18,3.089,41594,122.28,73.76,1388,1724,1711,5242,ON
856,2026-05-24 22:54:26.075,35.0,12.18,3.096,41630,122.20,73.85,1390,1728,1714,5152,ON
857,2026-05-24 22:54:26.575,35.0,12.16,3.103,41668,122.11,73.94,1391,1730,1712,5234,ON
858,2026-05-24 22:54:27.075,35.0,12.14,3.092,41697,122.02,74.03,1393,1735,1713,5210,ON
859,2026-05-24 22:54:27.575,35.0,12.14,3.084,41715,121.94,74.11,1394,1738,1715,5213,ON
860,2026-05-24 22:54:28.075,35.0,12.15,3.078,41733,121.85,74.20,1396,1744,1719,5193,ON
861,2026-05-24 22:54:28.575,35.0,12.15,3.096,41764,121.76,74.28,1393,1742,1714,5297,ON
862,2026-05-24 22:54:29.075,35.0,12.15,3.088,41805,121.68,74.37,1396,1749,1718,5266,ON
863,2026-05-24 22:54:29.575,35.0,12.15,3.091,41858,121.59,74.46,1401,1758,1725,5212,ON
864,2026-05-24 22:54:30.075,35.0,12.15,3.095,41910,121.51,74.54,1398,1756,1720,5181,ON
865,2026-05-24 22:54:30.575,35.1,12.15,3.085,41972,121.42,74.62,1397,1756,1719,5229,ON
866,2026-05-24 22:54:31.075,35.0,12.16,3.087,42018,121.34,74.70,1395,1756,1718,5259,ON
867,2026-05-24 22:54:31.575,35.0,12.18,3.094,42053,121.25,74.80,1397,1761,1720,5287,ON
868,2026-05-24 22:54:32.075,35.0,12.19,3.083,42080,121.16,74.89,1398,1764,1722,5262,ON
869,2026-05-24 22:54:32.575,35.0,12.20,3.090,42103,121.07,74.97,1400,1769,1724,5270,ON
870,2026-05-24 22:54:33.075,35.0,12.19,3.087,42144,120.99,75.06,1402,1775,1728,5292,ON
871,2026-05-24 22:54:33.575,35.0,12.20,3.085,42197,120.90,75.15,1405,1781,1733,5261,ON
872,2026-05-24 22:54:34.075,35.0,12.20,3.093,42250,120.82,75.23,1403,1779,1728,5285,ON
873,2026-05-24 22:54:34.575,35.0,12.21,3.085,42285,120.73,75.32,1401,1776,1723,5264,ON
874,2026-05-24 22:54:35.075,35.0,12.21,3.083,42337,120.64,75.40,1400,1777,1723,5251,ON
875,2026-05-24 22:54:35.575,35.0,12.21,3.086,42378,120.56,75.49,1399,1777,1721,5241,ON
876,2026-05-24 22:54:36.075,35.0,12.21,3.075,42422,120.47,75.57,1401,1781,1723,5276,ON
877,2026-05-24 22:54:36.575,35.0,12.24,3.083,42449,120.39,75.66,1402,1785,1724,5298,ON
878,2026-05-24 22:54:37.075,35.0,12.24,3.077,42466,120.30,75.75,1404,1789,1727,5333,ON
879,2026-05-24 22:54:37.575,35.0,12.23,3.088,42495,120.21,75.83,1403,1789,1726,5279,ON
880,2026-05-24 22:54:38.075,35.0,12.21,3.081,42525,120.13,75.91,1402,1790,1725,5256,ON
881,2026-05-24 22:54:38.575,35.0,12.21,3.083,42562,120.04,76.01,1401,1791,1724,5260,ON
882,2026-05-24 22:54:39.075,35.0,12.21,3.085,42627,119.96,76.09,1405,1798,1728,5311,ON
883,2026-05-24 22:54:39.575,35.0,12.21,3.095,42677,119.87,76.17,1405,1801,1730,5358,ON
884,2026-05-24 22:54:40.075,35.0,12.20,3.091,42728,119.78,76.27,1406,1804,1731,5320,ON
885,2026-05-24 22:54:40.575,35.0,12.21,3.086,42768,119.70,76.34,1404,1803,1728,5308,ON
886,2026-05-24 22:54:41.075,35.0,12.21,3.086,42803,119.62,76.43,1405,1805,1728,5283,ON
887,2026-05-24 22:54:41.575,35.0,12.21,3.080,42854,119.53,76.52,1406,1809,1730,5320,ON
888,2026-05-24 22:54:42.075,35.0,12.22,3.072,42896,119.44,76.61,1406,1811,1732,5331,ON
889,2026-05-24 22:54:42.575,35.0,12.22,3.096,42942,119.35,76.69,1407,1814,1734,5341,ON
890,2026-05-24 22:54:43.075,35.0,12.20,3.091,42989,119.27,76.78,1408,1817,1734,5335,ON
891,2026-05-24 22:54:43.575,35.0,12.20,3.070,43039,119.19,76.86,1409,1819,1735,5316,ON
892,2026-05-24 22:54:44.075,35.0,12.22,3.076,43078,119.09,76.95,1409,1821,1735,5322,ON
893,2026-05-24 22:54:44.575,35.0,12.23,3.079,43102,119.01,77.04,1410,1825,1735,5387,ON
894,2026-05-24 22:54:45.075,35.0,12.23,3.085,43117,118.92,77.12,1414,1832,1739,5389,ON
895,2026-05-24 22:54:45.575,35.0,12.23,3.080,43146,118.83,77.21,1415,1835,1741,5389,ON
896,2026-05-24 22:54:46.075,35.0,12.23,3.096,43163,118.73,77.31,1416,1839,1743,5304,ON
897,2026-05-24 22:54:46.575,35.0,12.22,3.076,43188,118.64,77.40,1411,1833,1737,5281,ON
898,2026-05-24 22:54:47.075,35.0,12.22,3.079,43221,118.56,77.49,1412,1836,1737,5351,ON
899,2026-05-24 22:54:47.575,35.0,12.24,3.077,43257,118.47,77.58,1412,1836,1736,5361,ON
900,2026-05-24 22:54:48.075,35.0,12.25,3.085,43310,118.39,77.66,1411,1837,1735,5398,ON
901,2026-05-24 22:54:48.575,35.0,12.23,3.093,43359,118.30,77.75,1413,1841,1737,5340,ON
902,2026-05-24 22:54:49.075,35.0,12.22,3.087,43402,118.21,77.84,1412,1841,1736,5356,ON
903,2026-05-24 22:54:49.575,34.9,12.21,3.079,43428,118.13,77.92,1415,1848,1740,5385,ON
904,2026-05-24 22:54:50.075,34.9,12.22,3.083,43452,118.04,78.01,1416,1850,1740,5437,ON
905,2026-05-24 22:54:50.575,34.9,12.22,3.081,43472,117.96,78.09,1419,1856,1744,5420,ON
906,2026-05-24 22:54:51.075,34.9,12.23,3.079,43484,117.86,78.19,1417,1857,1745,5410,ON
907,2026-05-24 22:54:51.575,34.9,12.24,3.076,43524,117.77,78.27,1418,1861,1746,5384,ON
908,2026-05-24 22:54:52.075,35.0,12.24,3.081,43569,117.69,78.35,1420,1864,1748,5415,ON
909,2026-05-24 22:54:52.575,35.0,12.22,3.066,43605,117.61,78.44,1420,1866,1748,5426,ON
910,2026-05-24 22:54:53.075,35.0,12.23,3.079,43648,117.53,78.52,1420,1868,1749,5431,ON
911,2026-05-24 22:54:53.575,34.9,12.23,3.086,43674,117.43,78.61,1419,1870,1748,5413,ON
912,2026-05-24 22:54:54.075,34.9,12.22,3.086,43689,117.35,78.70,1418,1866,1744,5368,ON
913,2026-05-24 22:54:54.575,34.9,12.23,3.099,43699,117.27,78.78,1422,1868,1744,5431,ON
914,2026-05-24 22:54:55.075,34.9,12.22,3.089,43712,117.18,78.86,1424,1873,1747,5474,ON
915,2026-05-24 22:54:55.575,34.9,12.23,3.076,43728,117.09,78.95,1425,1881,1751,5444,ON
916,2026-05-24 22:54:56.075,34.9,12.25,3.074,43755,117.00,79.04,1424,1883,1753,5469,ON
917,2026-05-24 22:54:56.575,34.9,12.25,3.081,43792,116.92,79.13,1426,1887,1754,5478,ON
918,2026-05-24 22:54:57.075,34.9,12.24,3.087,43836,116.83,79.21,1426,1890,1754,5428,ON
919,2026-05-24 22:54:57.575,34.9,12.23,3.075,43871,116.74,79.30,1424,1889,1752,5421,ON
920,2026-05-24 22:54:58.075,34.9,12.23,3.082,43893,116.66,79.39,1426,1894,1755,5460,ON
921,2026-05-24 22:54:58.575,34.9,12.21,3.090,43927,116.58,79.47,1429,1899,1758,5512,ON
922,2026-05-24 22:54:59.075,34.9,12.21,3.082,43948,116.49,79.56,1431,1904,1761,5504,ON
923,2026-05-24 22:54:59.575,34.9,12.21,3.091,43961,116.41,79.64,1428,1902,1757,5485,ON
924,2026-05-24 22:55:00.075,34.9,12.20,3.084,43980,116.32,79.73,1430,1905,1759,5443,ON
925,2026-05-24 22:55:00.575,34.9,12.20,3.080,44022,116.24,79.81,1428,1904,1756,5426,ON
926,2026-05-24 22:55:01.075,34.9,12.21,3.078,44051,116.14,79.90,1427,1904,1754,5523,ON
927,2026-05-24 22:55:01.575,34.9,12.21,3.082,44090,116.06,79.99,1431,1910,1759,5538,ON
928,2026-05-24 22:55:02.075,34.9,12.20,3.093,44125,115.97,80.07,1431,1913,1760,5515,ON
929,2026-05-24 22:55:02.575,34.9,12.18,3.084,44167,115.88,80.16,1433,1918,1763,5475,ON
930,2026-05-24 22:55:03.075,34.9,12.20,3.084,44211,115.79,80.25,1432,1918,1762,5470,ON
931,2026-05-24 22:55:03.575,34.9,12.21,3.073,44247,115.72,80.33,1431,1918,1759,5483,ON
932,2026-05-24 22:55:04.075,34.9,12.23,3.085,44269,115.62,80.42,1430,1917,1756,5549,ON
933,2026-05-24 22:55:04.575,34.9,12.23,3.081,44303,115.54,80.50,1431,1920,1758,5525,ON
934,2026-05-24 22:55:05.075,34.9,12.22,3.085,44345,115.46,80.59,1434,1926,1761,5454,ON
935,2026-05-24 22:55:05.575,34.9,12.22,3.088,44370,115.36,80.68,1433,1927,1762,5495,ON
936,2026-05-24 22:55:06.075,34.9,12.23,3.079,44407,115.28,80.77,1432,1926,1760,5586,ON
937,2026-05-24 22:55:06.575,34.9,12.24,3.082,44430,115.20,80.85,1435,1934,1765,5556,ON
938,2026-05-24 22:55:07.075,34.9,12.22,3.086,44455,115.11,80.94,1435,1936,1765,5536,ON
939,2026-05-24 22:55:07.575,34.9,12.22,3.082,44492,115.02,81.03,1436,1938,1766,5487,ON
940,2026-05-24 22:55:08.075,34.9,12.23,3.077,44536,114.94,81.11,1434,1937,1764,5495,ON
941,2026-05-24 22:55:08.575,34.9,12.23,3.074,44584,114.85,81.19,1438,1944,1768,5567,ON
942,2026-05-24 22:55:09.075,34.9,12.23,3.083,44623,114.76,81.29,1440,1949,1771,5577,ON
943,2026-05-24 22:55:09.575,34.9,12.22,3.081,44680,114.68,81.37,1439,1949,1770,5536,ON
944,2026-05-24 22:55:10.075,34.9,12.22,3.077,44724,114.59,81.46,1437,1947,1767,5517,ON
945,2026-05-24 22:55:10.575,34.9,12.23,3.083,44772,114.50,81.54,1438,1950,1769,5562,ON
946,2026-05-24 22:55:11.075,34.9,12.22,3.087,44826,114.42,81.63,1441,1957,1773,5599,ON
947,2026-05-24 22:55:11.575,34.9,12.22,3.095,44878,114.33,81.72,1443,1960,1774,5580,ON
948,2026-05-24 22:55:12.075,34.9,12.21,3.081,44909,114.24,81.81,1440,1958,1771,5554,ON
949,2026-05-24 22:55:12.575,34.9,12.22,3.076,44928,114.15,81.90,1439,1957,1769,5518,ON
950,2026-05-24 22:55:13.075,34.9,12.22,3.084,44940,114.05,81.99,1438,1957,1767,5553,ON
951,2026-05-24 22:55:13.575,34.9,12.22,3.078,44947,113.97,82.08,1440,1961,1770,5616,ON
952,2026-05-24 22:55:14.075,34.9,12.23,3.079,44963,113.88,82.17,1444,1968,1774,5616,ON
953,2026-05-24 22:55:14.575,34.9,12.23,3.091,44995,113.80,82.25,1444,1969,1774,5613,ON
954,2026-05-24 22:55:15.075,34.9,12.23,3.079,45036,113.70,82.34,1441,1966,1770,5536,ON
955,2026-05-24 22:55:15.575,34.9,12.24,3.069,45071,113.62,82.42,1437,1961,1766,5531,ON
956,2026-05-24 22:55:16.075,34.9,12.25,3.090,45092,113.53,82.52,1439,1966,1768,5577,ON
957,2026-05-24 22:55:16.575,34.9,12.25,3.085,45120,113.45,82.60,1441,1971,1771,5609,ON
958,2026-05-24 22:55:17.075,34.9,12.23,3.083,45156,113.36,82.69,1443,1976,1774,5620,ON
959,2026-05-24 22:55:17.575,34.9,12.23,3.083,45187,113.27,82.78,1443,1977,1773,5591,ON
960,2026-05-24 22:55:18.075,34.9,12.23,3.078,45228,113.20,82.85,1442,1977,1772,5587,ON
961,2026-05-24 22:55:18.575,34.9,12.24,3.080,45275,113.10,82.95,1443,1979,1771,5633,ON
962,2026-05-24 22:55:19.075,34.9,12.23,3.089,45308,113.02,83.03,1445,1984,1775,5640,ON
963,2026-05-24 22:55:19.575,34.9,12.23,3.081,45358,112.93,83.11,1444,1985,1774,5626,ON
964,2026-05-24 22:55:20.075,34.9,12.23,3.082,45398,112.84,83.21,1446,1989,1776,5598,ON
965,2026-05-24 22:55:20.575,34.9,12.23,3.084,45422,112.75,83.29,1445,1988,1775,5561,ON
966,2026-05-24 22:55:21.075,34.9,12.23,3.084,45437,112.67,83.38,1448,1987,1772,5624,ON
967,2026-05-24 22:55:21.575,34.9,12.23,3.081,45446,112.59,83.46,1449,1990,1773,5590,ON
968,2026-05-24 22:55:22.075,34.9,12.23,3.087,45451,112.50,83.55,1445,1988,1770,5623,ON
969,2026-05-24 22:55:22.575,34.9,12.22,3.079,45455,112.42,83.63,1443,1989,1771,5611,ON
970,2026-05-24 22:55:23.075,34.9,12.23,3.083,45469,112.33,83.72,1441,1989,1772,5612,ON
971,2026-05-24 22:55:23.575,34.9,12.23,3.085,45510,112.24,83.81,1441,1996,1775,5610,ON
972,2026-05-24 22:55:24.075,34.9,12.23,3.085,45579,112.15,83.89,1446,2001,1777,5650,ON
973,2026-05-24 22:55:24.575,34.9,12.22,3.085,45643,112.08,83.97,1449,2005,1780,5657,ON
974,2026-05-24 22:55:25.075,34.9,12.22,3.094,45689,111.98,84.06,1449,2007,1780,5656,ON
975,2026-05-24 22:55:25.575,34.9,12.21,3.086,45732,111.90,84.15,1451,2011,1781,5600,ON
976,2026-05-24 22:55:26.075,34.9,12.22,3.073,45766,111.81,84.24,1448,2008,1778,5609,ON
977,2026-05-24 22:55:26.575,34.9,12.24,3.071,45795,111.72,84.33,1450,2013,1780,5647,ON
978,2026-05-24 22:55:27.075,34.9,12.25,3.068,45819,111.64,84.41,1449,2013,1778,5684,ON
979,2026-05-24 22:55:27.575,34.9,12.25,3.080,45846,111.56,84.49,1450,2016,1780,5700,ON
980,2026-05-24 22:55:28.075,34.9,12.25,3.075,45872,111.47,84.58,1451,2019,1782,5674,ON
981,2026-05-24 22:55:28.575,34.9,12.24,3.085,45896,111.37,84.67,1452,2021,1783,5632,ON
982,2026-05-24 22:55:29.075,34.9,12.23,3.089,45919,111.30,84.75,1453,2025,1784,5664,ON
983,2026-05-24 22:55:29.575,34.9,12.22,3.072,45962,111.21,84.84,1453,2025,1782,5680,ON
984,2026-05-24 22:55:30.075,34.9,12.23,3.079,46010,111.13,84.92,1452,2024,1781,5666,ON
985,2026-05-24 22:55:30.575,34.9,12.24,3.081,46040,111.03,85.01,1450,2023,1778,5626,ON
986,2026-05-24 22:55:31.075,34.9,12.24,3.085,46065,110.94,85.10,1449,2023,1777,5663,ON
987,2026-05-24 22:55:31.575,34.9,12.24,3.080,46081,110.87,85.18,1450,2025,1778,5706,ON
988,2026-05-24 22:55:32.075,34.9,12.24,3.078,46103,110.78,85.27,1452,2030,1782,5713,ON
989,2026-05-24 22:55:32.575,34.9,12.25,3.073,46164,110.72,85.33,1453,2033,1783,5711,ON
990,2026-05-24 22:55:33.075,34.9,12.24,3.088,46224,110.59,85.46,1453,2035,1783,5669,ON
991,2026-05-24 22:55:33.575,34.9,12.23,3.083,46283,110.50,85.55,1452,2036,1783,5685,ON
