SampleIndex,Timestamp,Temp,pH,Volt,EC,Weight,Weightloss,R,G,B,C,RelayStatus
0,2026-05-21 15:40:31.972,29.4,5.05,4.178, 6,197.54,0.12,1566,2504,1896,6359,ON
1,2026-05-21 15:40:32.472,29.4,5.03,4.164, 6,197.46,0.20,1558,2493,1889,6424,ON
2,2026-05-21 15:40:32.972,29.4,5.10,4.131, 6,197.38,0.29,1552,2488,1885,6469,ON
3,2026-05-21 15:40:33.472,29.4,5.20,4.128, 6,197.29,0.38,1544,2479,1878,6304,ON
4,2026-05-21 15:40:33.972,29.4,5.28,4.132, 7,197.20,0.46,1547,2481,1880,6457,ON
5,2026-05-21 15:40:34.472,29.4,5.32,4.127,11,197.11,0.55,1547,2480,1880,6394,ON
6,2026-05-21 15:40:34.972,29.4,5.35,4.141,19,197.03,0.63,1544,2476,1876,6335,ON
7,2026-05-21 15:40:35.472,29.5,5.34,4.144,28,196.95,0.72,1547,2479,1879,6424,ON
8,2026-05-21 15:40:35.972,29.5,5.33,4.137,38,196.86,0.80,1548,2480,1879,6505,ON
9,2026-05-21 15:40:36.472,29.5,5.33,4.136,51,196.78,0.89,1554,2490,1887,6387,ON
10,2026-05-21 15:40:36.972,29.5,5.34,4.124,66,196.69,0.98,1557,2494,1890,6464,ON
11,2026-05-21 15:40:37.472,29.6,5.34,4.139,80,196.60,1.06,1557,2494,1891,6485,ON
12,2026-05-21 15:40:37.972,29.6,5.34,4.129,93,196.52,1.14,1552,2487,1884,6406,ON
13,2026-05-21 15:40:38.472,29.6,5.35,4.129,106,196.44,1.22,1549,2480,1881,6381,ON
14,2026-05-21 15:40:38.972,29.7,5.35,4.132,118,196.35,1.31,1542,2473,1875,6477,ON
15,2026-05-21 15:40:39.472,29.7,5.36,4.134,130,196.27,1.39,1550,2484,1882,6341,ON
16,2026-05-21 15:40:39.972,29.7,5.36,4.116,142,196.18,1.49,1554,2488,1885,6518,ON
17,2026-05-21 15:40:40.472,29.7,5.38,4.121,152,196.10,1.57,1565,2505,1898,6439,ON
18,2026-05-21 15:40:40.972,29.8,5.39,4.111,160,196.01,1.66,1567,2509,1901,6482,ON
19,2026-05-21 15:40:41.472,29.8,5.41,4.121,167,195.93,1.73,1566,2507,1899,6509,ON
20,2026-05-21 15:40:41.972,29.8,5.42,4.122,174,195.84,1.83,1567,2511,1902,6510,ON
21,2026-05-21 15:40:42.472,29.9,5.43,4.126,182,195.76,1.91,1567,2512,1904,6341,ON
22,2026-05-21 15:40:42.972,29.9,5.45,4.109,191,195.67,2.00,1565,2509,1901,6363,ON
23,2026-05-21 15:40:43.472,29.9,5.47,4.099,200,195.57,2.09,1565,2508,1900,6489,ON
24,2026-05-21 15:40:43.972,30.0,5.50,4.104,210,195.49,2.18,1565,2508,1899,6557,ON
25,2026-05-21 15:40:44.472,30.0,5.52,4.098,222,195.40,2.27,1563,2505,1897,6407,ON
26,2026-05-21 15:40:44.972,30.0,5.55,4.110,233,195.32,2.35,1558,2498,1894,6433,ON
27,2026-05-21 15:40:45.472,30.0,5.57,4.094,243,195.23,2.44,1554,2492,1890,6464,ON
28,2026-05-21 15:40:45.972,30.1,5.58,4.100,253,195.14,2.52,1553,2488,1887,6457,ON
29,2026-05-21 15:40:46.472,30.1,5.58,4.098,262,195.05,2.61,1556,2490,1888,6447,ON
30,2026-05-21 15:40:46.972,30.2,5.57,4.112,271,194.97,2.69,1557,2494,1891,6501,ON
31,2026-05-21 15:40:47.472,30.2,5.58,4.089,279,194.88,2.78,1551,2485,1885,6373,ON
32,2026-05-21 15:40:47.972,30.2,5.61,4.106,287,194.80,2.87,1546,2476,1878,6401,ON
33,2026-05-21 15:40:48.472,30.2,5.61,4.090,295,194.71,2.96,1547,2480,1881,6546,ON
34,2026-05-21 15:40:48.972,30.3,5.61,4.096,303,194.63,3.03,1547,2481,1882,6419,ON
35,2026-05-21 15:40:49.472,30.3,5.62,4.096,311,194.55,3.12,1546,2480,1882,6383,ON
36,2026-05-21 15:40:49.972,30.3,5.63,4.085,320,194.46,3.20,1552,2489,1887,6520,ON
37,2026-05-21 15:40:50.472,30.4,5.66,4.087,329,194.37,3.29,1555,2492,1889,6441,ON
38,2026-05-21 15:40:50.972,30.4,5.67,4.077,339,194.29,3.38,1555,2491,1888,6375,ON
39,2026-05-21 15:40:51.472,30.4,5.69,4.075,350,194.20,3.47,1554,2489,1887,6507,ON
40,2026-05-21 15:40:51.972,30.5,5.69,4.084,362,194.12,3.55,1551,2484,1884,6456,ON
41,2026-05-21 15:40:52.472,30.5,5.70,4.089,373,194.03,3.64,1552,2482,1883,6428,ON
42,2026-05-21 15:40:52.972,30.5,5.71,4.069,383,193.95,3.72,1565,2499,1895,6567,ON
43,2026-05-21 15:40:53.472,30.5,5.73,4.073,392,193.86,3.81,1574,2491,1889,6588,ON
44,2026-05-21 15:40:53.972,30.6,5.75,4.090,400,193.78,3.89,1563,2488,1887,6437,ON
45,2026-05-21 15:40:54.472,30.6,5.74,4.071,408,193.69,3.98,1557,2488,1888,6451,ON
46,2026-05-21 15:40:54.972,30.6,5.75,4.083,415,193.61,4.06,1557,2491,1889,6536,ON
47,2026-05-21 15:40:55.472,30.6,5.75,4.078,423,193.52,4.15,1559,2496,1894,6445,ON
48,2026-05-21 15:40:55.972,30.7,5.75,4.081,431,193.43,4.23,1557,2492,1891,6330,ON
49,2026-05-21 15:40:56.472,30.7,5.75,4.079,440,193.35,4.32,1557,2492,1891,6511,ON
50,2026-05-21 15:40:56.972,30.7,5.75,4.060,450,193.26,4.40,1560,2496,1893,6483,ON
51,2026-05-21 15:40:57.472,30.7,5.77,4.080,459,193.19,4.48,1563,2499,1895,6448,ON
52,2026-05-21 15:40:57.972,30.8,5.76,4.080,469,193.09,4.57,1559,2494,1892,6524,ON
53,2026-05-21 15:40:58.472,30.8,5.76,4.084,480,193.01,4.65,1561,2498,1894,6519,ON
54,2026-05-21 15:40:58.972,30.8,5.77,4.072,489,192.92,4.74,1567,2508,1901,6403,ON
55,2026-05-21 15:40:59.472,30.8,5.78,4.077,497,192.84,4.83,1566,2506,1900,6473,ON
56,2026-05-21 15:40:59.972,30.9,5.78,4.072,506,192.76,4.91,1561,2500,1895,6447,ON
57,2026-05-21 15:41:00.472,30.9,5.79,4.067,515,192.67,5.00,1557,2495,1892,6419,ON
58,2026-05-21 15:41:00.972,30.9,5.81,4.071,526,192.58,5.08,1565,2507,1900,6526,ON
59,2026-05-21 15:41:01.472,30.9,5.82,4.063,536,192.49,5.17,1567,2510,1903,6499,ON
60,2026-05-21 15:41:01.972,31.0,5.84,4.069,547,192.42,5.25,1563,2504,1898,6362,ON
61,2026-05-21 15:41:02.472,31.0,5.83,4.050,559,192.31,5.35,1557,2494,1891,6424,ON
62,2026-05-21 15:41:02.972,31.0,5.86,4.055,569,192.23,5.44,1554,2487,1886,6511,ON
63,2026-05-21 15:41:03.472,31.0,5.87,4.060,579,192.14,5.53,1548,2483,1883,6357,ON
64,2026-05-21 15:41:03.972,31.1,5.89,4.050,587,192.05,5.61,1546,2480,1881,6405,ON
65,2026-05-21 15:41:04.472,31.1,5.92,4.042,595,191.97,5.69,1544,2478,1879,6506,ON
66,2026-05-21 15:41:04.972,31.1,5.93,4.051,601,191.89,5.77,1545,2480,1882,6440,ON
67,2026-05-21 15:41:05.472,31.1,5.94,4.054,609,191.80,5.86,1548,2484,1885,6370,ON
68,2026-05-21 15:41:05.972,31.1,5.92,4.061,617,191.71,5.95,1550,2487,1884,6513,ON
69,2026-05-21 15:41:06.472,31.2,5.91,4.062,626,191.63,6.03,1550,2485,1880,6425,ON
70,2026-05-21 15:41:06.972,31.2,5.90,4.053,636,191.54,6.12,1549,2483,1886,6346,ON
71,2026-05-21 15:41:07.472,31.2,5.92,4.059,645,191.46,6.20,1551,2485,1892,6497,ON
72,2026-05-21 15:41:07.972,31.2,5.91,4.053,653,191.38,6.29,1551,2485,1889,6427,ON
73,2026-05-21 15:41:08.472,31.2,5.93,4.044,662,191.30,6.37,1554,2490,1886,6405,ON
74,2026-05-21 15:41:08.972,31.2,5.96,4.059,673,191.21,6.46,1561,2499,1891,6431,ON
75,2026-05-21 15:41:09.472,31.3,5.95,4.061,684,191.13,6.54,1556,2490,1888,6482,ON
76,2026-05-21 15:41:09.972,31.3,5.92,4.054,696,191.04,6.63,1555,2492,1890,6506,ON
77,2026-05-21 15:41:10.472,31.3,5.93,4.064,709,190.95,6.71,1561,2501,1898,6365,ON
78,2026-05-21 15:41:10.972,31.3,5.93,4.054,720,190.87,6.80,1561,2499,1896,6472,ON
79,2026-05-21 15:41:11.472,31.3,5.93,4.062,729,190.78,6.88,1557,2493,1892,6422,ON
80,2026-05-21 15:41:11.972,31.4,5.94,4.050,738,190.70,6.97,1554,2486,1887,6390,ON
81,2026-05-21 15:41:12.472,31.4,5.96,4.045,746,190.61,7.06,1556,2491,1890,6495,ON
82,2026-05-21 15:41:12.972,31.4,5.97,4.052,757,190.53,7.14,1558,2494,1892,6455,ON
83,2026-05-21 15:41:13.472,31.4,5.97,4.053,767,190.44,7.23,1556,2494,1891,6362,ON
84,2026-05-21 15:41:13.972,31.5,5.97,4.046,776,190.35,7.31,1557,2496,1893,6557,ON
85,2026-05-21 15:41:14.472,31.5,5.98,4.053,785,190.27,7.39,1559,2499,1896,6485,ON
86,2026-05-21 15:41:14.972,31.5,5.97,4.061,794,190.18,7.48,1561,2501,1897,6360,ON
87,2026-05-21 15:41:15.472,31.5,5.95,4.039,804,190.09,7.57,1562,2502,1897,6496,ON
88,2026-05-21 15:41:15.972,31.5,5.96,4.051,813,190.01,7.65,1563,2502,1899,6486,ON
89,2026-05-21 15:41:16.472,31.5,5.98,4.041,820,189.93,7.74,1560,2499,1898,6474,ON
90,2026-05-21 15:41:16.972,31.6,5.99,4.055,829,189.84,7.82,1561,2500,1897,6451,ON
91,2026-05-21 15:41:17.472,31.6,6.00,4.031,838,189.75,7.91,1565,2505,1900,6593,ON
92,2026-05-21 15:41:17.972,31.6,6.02,4.035,848,189.67,8.00,1564,2502,1897,6450,ON
93,2026-05-21 15:41:18.472,31.6,6.02,4.049,857,189.58,8.08,1560,2497,1894,6401,ON
94,2026-05-21 15:41:18.972,31.6,6.00,4.034,866,189.50,8.16,1564,2504,1899,6531,ON
95,2026-05-21 15:41:19.472,31.6,5.99,4.054,874,189.41,8.25,1569,2513,1906,6532,ON
96,2026-05-21 15:41:19.972,31.7,5.99,4.044,884,189.33,8.33,1562,2502,1898,6367,ON
97,2026-05-21 15:41:20.472,31.7,6.00,4.056,893,189.23,8.43,1563,2502,1898,6514,ON
98,2026-05-21 15:41:20.972,31.7,6.00,4.033,903,189.14,8.52,1566,2507,1902,6552,ON
99,2026-05-21 15:41:21.472,31.7,6.03,4.049,912,189.06,8.61,1572,2515,1907,6464,ON
100,2026-05-21 15:41:21.972,31.7,6.03,4.043,921,188.97,8.69,1568,2509,1904,6476,ON
101,2026-05-21 15:41:22.472,31.8,6.04,4.040,930,188.89,8.78,1565,2504,1900,6473,ON
102,2026-05-21 15:41:22.972,31.8,6.05,4.036,940,188.81,8.86,1560,2498,1896,6423,ON
103,2026-05-21 15:41:23.472,31.8,6.05,4.034,950,188.72,8.95,1563,2502,1899,6515,ON
104,2026-05-21 15:41:23.972,31.8,6.04,4.042,961,188.64,9.03,1567,2509,1904,6549,ON
105,2026-05-21 15:41:24.472,31.8,6.04,4.043,974,188.55,9.12,1558,2495,1894,6414,ON
106,2026-05-21 15:41:24.972,31.8,6.05,4.044,988,188.46,9.21,1557,2495,1894,6484,ON
107,2026-05-21 15:41:25.472,31.9,6.05,4.035,1001,188.38,9.29,1560,2499,1897,6583,ON
108,2026-05-21 15:41:25.972,31.9,6.05,4.036,1011,188.30,9.37,1557,2494,1893,6406,ON
109,2026-05-21 15:41:26.472,31.9,6.05,4.038,1020,188.21,9.46,1556,2493,1892,6460,ON
110,2026-05-21 15:41:26.972,31.9,6.05,4.045,1029,188.13,9.54,1556,2495,1893,6539,ON
111,2026-05-21 15:41:27.472,31.9,6.04,4.045,1038,188.04,9.63,1567,2484,1886,6379,ON
112,2026-05-21 15:41:27.972,31.9,6.03,4.047,1048,187.95,9.72,1562,2481,1880,6432,ON
113,2026-05-21 15:41:28.472,31.9,6.03,4.035,1058,187.86,9.80,1559,2487,1885,6522,ON
114,2026-05-21 15:41:28.972,32.0,6.05,4.033,1068,187.79,9.88,1560,2483,1884,6466,ON
115,2026-05-21 15:41:29.472,32.0,6.07,4.037,1076,187.70,9.97,1563,2490,1890,6413,ON
116,2026-05-21 15:41:29.972,32.0,6.07,4.036,1083,187.61,10.05,1567,2503,1898,6528,ON
117,2026-05-21 15:41:30.472,32.0,6.06,4.046,1090,187.53,10.14,1570,2511,1905,6538,ON
118,2026-05-21 15:41:30.972,32.0,6.05,4.042,1098,187.45,10.22,1563,2502,1899,6471,ON
119,2026-05-21 15:41:31.472,32.0,6.06,4.033,1107,187.36,10.31,1561,2500,1898,6441,ON
120,2026-05-21 15:41:31.972,32.1,6.08,4.026,1118,187.27,10.39,1557,2494,1893,6520,ON
121,2026-05-21 15:41:32.472,32.1,6.09,4.032,1129,187.19,10.48,1558,2496,1894,6399,ON
122,2026-05-21 15:41:32.972,32.1,6.09,4.034,1140,187.11,10.56,1561,2501,1898,6499,ON
123,2026-05-21 15:41:33.472,32.1,6.08,4.047,1152,187.01,10.65,1564,2505,1901,6578,ON
124,2026-05-21 15:41:33.972,32.1,6.09,4.027,1163,186.93,10.73,1560,2500,1897,6475,ON
125,2026-05-21 15:41:34.472,32.1,6.11,4.040,1173,186.85,10.81,1564,2506,1902,6526,ON
126,2026-05-21 15:41:34.972,32.2,6.11,4.035,1183,186.76,10.90,1569,2512,1907,6562,ON
127,2026-05-21 15:41:35.472,32.2,6.10,4.033,1193,186.68,10.99,1575,2522,1915,6451,ON
128,2026-05-21 15:41:35.972,32.2,6.10,4.038,1201,186.59,11.07,1571,2516,1910,6466,ON
129,2026-05-21 15:41:36.472,32.2,6.10,4.029,1209,186.51,11.16,1565,2505,1903,6557,ON
130,2026-05-21 15:41:36.972,32.2,6.09,4.041,1218,186.42,11.24,1570,2513,1908,6538,ON
131,2026-05-21 15:41:37.472,32.2,6.09,4.030,1228,186.34,11.33,1574,2521,1913,6551,ON
132,2026-05-21 15:41:37.972,32.2,6.10,4.024,1238,186.25,11.42,1577,2526,1917,6554,ON
133,2026-05-21 15:41:38.472,32.3,6.12,4.030,1249,186.16,11.50,1569,2512,1907,6481,ON
134,2026-05-21 15:41:38.972,32.3,6.13,4.038,1261,186.08,11.59,1568,2512,1908,6530,ON
135,2026-05-21 15:41:39.472,32.3,6.13,4.027,1272,185.99,11.67,1571,2516,1910,6570,ON
136,2026-05-21 15:41:39.972,32.3,6.12,4.032,1281,185.90,11.76,1570,2515,1910,6442,ON
137,2026-05-21 15:41:40.472,32.3,6.12,4.032,1290,185.81,11.86,1565,2507,1904,6449,ON
138,2026-05-21 15:41:40.972,32.3,6.12,4.035,1298,185.72,11.94,1571,2517,1909,6500,ON
139,2026-05-21 15:41:41.472,32.4,6.14,4.020,1307,185.64,12.03,1572,2517,1910,6662,ON
140,2026-05-21 15:41:41.972,32.4,6.15,4.024,1317,185.56,12.11,1573,2517,1910,6491,ON
141,2026-05-21 15:41:42.472,32.4,6.15,4.018,1327,185.46,12.20,1573,2517,1911,6520,ON
142,2026-05-21 15:41:42.972,32.4,6.17,4.035,1338,185.38,12.29,1573,2517,1910,6519,ON
143,2026-05-21 15:41:43.472,32.5,6.17,4.014,1348,185.30,12.37,1575,2520,1912,6548,ON
144,2026-05-21 15:41:43.972,32.4,6.18,4.022,1357,185.21,12.46,1577,2523,1916,6542,ON
145,2026-05-21 15:41:44.472,32.5,6.18,4.019,1366,185.12,12.54,1578,2525,1916,6528,ON
146,2026-05-21 15:41:44.972,32.5,6.19,4.021,1374,185.04,12.63,1575,2520,1912,6482,ON
147,2026-05-21 15:41:45.472,32.5,6.20,4.015,1385,184.96,12.71,1571,2513,1907,6476,ON
148,2026-05-21 15:41:45.972,32.5,6.20,4.022,1396,184.86,12.80,1577,2522,1914,6622,ON
149,2026-05-21 15:41:46.472,32.5,6.19,4.012,1408,184.78,12.88,1578,2525,1916,6540,ON
150,2026-05-21 15:41:46.972,32.5,6.19,4.023,1418,184.70,12.96,1578,2525,1916,6494,ON
151,2026-05-21 15:41:47.472,32.6,6.18,4.030,1429,184.61,13.06,1574,2520,1913,6639,ON
152,2026-05-21 15:41:47.972,32.6,6.17,4.028,1439,184.53,13.13,1575,2522,1914,6551,ON
153,2026-05-21 15:41:48.472,32.6,6.16,4.031,1450,184.45,13.22,1578,2526,1917,6424,ON
154,2026-05-21 15:41:48.972,32.6,6.16,4.026,1460,184.36,13.31,1576,2524,1915,6569,ON
155,2026-05-21 15:41:49.472,32.6,6.15,4.029,1471,184.28,13.39,1578,2527,1917,6577,ON
156,2026-05-21 15:41:49.972,32.6,6.14,4.019,1483,184.19,13.48,1581,2533,1922,6485,ON
157,2026-05-21 15:41:50.472,32.6,6.14,4.033,1494,184.10,13.57,1576,2523,1915,6586,ON
158,2026-05-21 15:41:50.972,32.7,6.14,4.025,1503,184.02,13.65,1574,2520,1913,6522,ON
159,2026-05-21 15:41:51.472,32.7,6.15,4.032,1512,183.93,13.74,1573,2519,1912,6478,ON
160,2026-05-21 15:41:51.972,32.7,6.14,4.028,1521,183.84,13.82,1571,2516,1910,6561,ON
161,2026-05-21 15:41:52.472,32.7,6.14,4.016,1531,183.76,13.91,1569,2512,1907,6483,ON
162,2026-05-21 15:41:52.972,32.7,6.15,4.023,1541,183.68,13.99,1566,2508,1903,6443,ON
163,2026-05-21 15:41:53.472,32.7,6.17,4.019,1550,183.59,14.08,1573,2518,1902,6555,ON
164,2026-05-21 15:41:53.972,32.8,6.18,4.027,1561,183.50,14.16,1578,2525,1908,6560,ON
165,2026-05-21 15:41:54.472,32.8,6.18,4.028,1571,183.42,14.24,1579,2530,1914,6553,ON
166,2026-05-21 15:41:54.972,32.8,6.17,4.022,1582,183.33,14.33,1580,2531,1917,6402,ON
167,2026-05-21 15:41:55.472,32.8,6.18,4.021,1593,183.25,14.41,1575,2522,1912,6575,ON
168,2026-05-21 15:41:55.972,32.8,6.18,4.019,1602,183.16,14.50,1576,2525,1915,6571,ON
169,2026-05-21 15:41:56.472,32.8,6.19,4.010,1611,183.08,14.58,1579,2528,1917,6405,ON
170,2026-05-21 15:41:56.972,32.9,6.19,4.023,1622,182.99,14.67,1579,2528,1918,6537,ON
171,2026-05-21 15:41:57.472,32.9,6.19,4.026,1622,182.91,14.76,1578,2527,1917,6573,ON
172,2026-05-21 15:41:57.972,32.9,6.18,4.018,1622,182.82,14.84,1581,2532,1922,6456,ON
173,2026-05-21 15:41:58.472,32.9,6.20,4.013,1622,182.74,14.93,1583,2537,1925,6626,ON
174,2026-05-21 15:41:58.972,32.9,6.21,4.021,1691,182.65,15.02,1581,2534,1923,6534,ON
175,2026-05-21 15:41:59.472,32.9,6.20,4.021,1732,182.57,15.10,1573,2521,1914,6486,ON
176,2026-05-21 15:41:59.972,32.9,6.21,4.021,1732,182.47,15.20,1571,2517,1910,6512,ON
177,2026-05-21 15:42:00.472,33.0,6.24,4.008,1729,182.38,15.28,1571,2515,1910,6510,ON
178,2026-05-21 15:42:00.972,33.0,6.25,4.014,1727,182.30,15.37,1571,2513,1909,6415,ON
179,2026-05-21 15:42:01.472,33.0,6.24,4.004,1728,182.21,15.46,1577,2524,1917,6567,ON
180,2026-05-21 15:42:01.972,33.0,6.24,4.020,1732,182.12,15.54,1580,2529,1921,6595,ON
181,2026-05-21 15:42:02.472,33.0,6.22,4.013,1738,182.03,15.63,1582,2531,1922,6517,ON
182,2026-05-21 15:42:02.972,33.0,6.22,4.025,1743,181.95,15.71,1584,2536,1925,6589,ON
183,2026-05-21 15:42:03.472,33.1,6.21,4.017,1750,181.86,15.81,1587,2541,1929,6626,ON
184,2026-05-21 15:42:03.972,33.1,6.21,4.014,1757,181.78,15.89,1580,2531,1922,6465,ON
185,2026-05-21 15:42:04.472,33.1,6.22,4.020,1765,181.70,15.97,1581,2531,1922,6575,ON
186,2026-05-21 15:42:04.972,33.1,6.23,4.012,1773,181.61,16.06,1581,2533,1923,6542,ON
187,2026-05-21 15:42:05.472,33.1,6.23,4.027,1782,181.52,16.14,1580,2530,1921,6468,ON
188,2026-05-21 15:42:05.972,33.1,6.22,4.018,1790,181.44,16.22,1585,2536,1925,6575,ON
189,2026-05-21 15:42:06.472,33.1,6.23,4.012,1799,181.36,16.31,1588,2537,1926,6668,ON
190,2026-05-21 15:42:06.972,33.1,6.24,4.014,1807,181.27,16.40,1592,2548,1934,6521,ON
191,2026-05-21 15:42:07.472,33.1,6.23,4.023,1817,181.18,16.48,1593,2549,1934,6599,ON
192,2026-05-21 15:42:07.972,33.2,6.25,4.003,1827,181.11,16.56,1594,2548,1934,6640,ON
193,2026-05-21 15:42:08.472,33.2,6.26,4.011,1837,181.01,16.65,1593,2549,1935,6583,ON
194,2026-05-21 15:42:08.972,33.2,6.26,4.011,1848,180.92,16.74,1592,2545,1932,6508,ON
195,2026-05-21 15:42:09.472,33.2,6.26,4.009,1859,180.84,16.82,1591,2545,1931,6590,ON
196,2026-05-21 15:42:09.972,33.2,6.27,4.006,1872,180.76,16.91,1589,2541,1928,6544,ON
197,2026-05-21 15:42:10.472,33.2,6.29,4.012,1885,180.67,16.99,1585,2535,1924,6481,ON
198,2026-05-21 15:42:10.972,33.2,6.28,4.018,1897,180.59,17.08,1589,2543,1930,6592,ON
199,2026-05-21 15:42:11.472,33.3,6.28,3.996,1908,180.50,17.16,1590,2544,1932,6601,ON
200,2026-05-21 15:42:11.972,33.3,6.28,4.011,1920,180.42,17.25,1587,2539,1927,6545,ON
201,2026-05-21 15:42:12.472,33.3,6.27,4.020,1932,180.34,17.33,1587,2538,1927,6582,ON
202,2026-05-21 15:42:12.972,33.3,6.26,4.014,1944,180.25,17.42,1587,2540,1928,6619,ON
203,2026-05-21 15:42:13.472,33.3,6.27,4.005,1954,180.16,17.50,1592,2546,1932,6531,ON
204,2026-05-21 15:42:13.972,33.3,6.27,4.017,1964,180.08,17.59,1591,2544,1931,6570,ON
205,2026-05-21 15:42:14.472,33.4,6.25,4.007,1975,179.99,17.68,1587,2541,1928,6620,ON
206,2026-05-21 15:42:14.972,33.4,6.26,4.005,1987,179.90,17.76,1592,2547,1933,6528,ON
207,2026-05-21 15:42:15.472,33.4,6.27,4.004,1998,179.82,17.84,1596,2551,1936,6624,ON
208,2026-05-21 15:42:15.972,33.4,6.29,4.008,2009,179.73,17.93,1598,2554,1938,6683,ON
209,2026-05-21 15:42:16.472,33.4,6.29,4.012,2020,179.65,18.02,1587,2537,1926,6497,ON
210,2026-05-21 15:42:16.972,33.4,6.28,4.000,2031,179.56,18.10,1586,2535,1920,6589,ON
211,2026-05-21 15:42:17.472,33.5,6.30,4.001,2041,179.48,18.19,1587,2538,1923,6596,ON
212,2026-05-21 15:42:17.972,33.5,6.32,4.001,2054,179.39,18.27,1583,2541,1927,6485,ON
213,2026-05-21 15:42:18.472,33.5,6.31,4.003,2068,179.29,18.38,1580,2549,1933,6550,ON
214,2026-05-21 15:42:18.972,33.5,6.31,4.006,2081,179.20,18.46,1586,2547,1933,6662,ON
215,2026-05-21 15:42:19.472,33.5,6.31,4.014,2091,179.12,18.54,1586,2541,1929,6572,ON
216,2026-05-21 15:42:19.972,33.5,6.31,4.011,2100,179.04,18.63,1586,2539,1928,6618,ON
217,2026-05-21 15:42:20.472,33.5,6.31,4.001,2108,178.95,18.71,1591,2544,1932,6639,ON
218,2026-05-21 15:42:20.972,33.5,6.31,4.000,2116,178.86,18.80,1598,2552,1937,6712,ON
219,2026-05-21 15:42:21.472,33.6,6.33,4.003,2126,178.78,18.88,1598,2552,1937,6562,ON
220,2026-05-21 15:42:21.972,33.6,6.33,4.013,2136,178.70,18.97,1600,2554,1938,6638,ON
221,2026-05-21 15:42:22.472,33.6,6.33,3.997,2146,178.61,19.06,1602,2557,1940,6612,ON
222,2026-05-21 15:42:22.972,33.6,6.33,4.004,2155,178.53,19.14,1600,2557,1940,6557,ON
223,2026-05-21 15:42:23.472,33.6,6.33,4.003,2166,178.44,19.23,1602,2561,1943,6647,ON
224,2026-05-21 15:42:23.972,33.6,6.34,3.997,2178,178.36,19.30,1603,2564,1946,6742,ON
225,2026-05-21 15:42:24.472,33.7,6.35,4.000,2189,178.27,19.39,1599,2555,1939,6609,ON
226,2026-05-21 15:42:24.972,33.7,6.35,4.017,2201,178.18,19.48,1601,2556,1940,6644,ON
227,2026-05-21 15:42:25.472,33.7,6.33,4.009,2212,178.10,19.56,1603,2560,1943,6713,ON
228,2026-05-21 15:42:25.972,33.7,6.33,4.002,2223,178.02,19.65,1606,2567,1949,6619,ON
229,2026-05-21 15:42:26.472,33.7,6.35,3.991,2233,177.93,19.74,1606,2568,1950,6643,ON
230,2026-05-21 15:42:26.972,33.7,6.38,4.010,2242,177.84,19.82,1610,2571,1953,6710,ON
231,2026-05-21 15:42:27.472,33.7,6.38,3.988,2251,177.76,19.90,1610,2573,1954,6673,ON
232,2026-05-21 15:42:27.972,33.7,6.38,3.996,2259,177.68,19.98,1612,2576,1955,6703,ON
233,2026-05-21 15:42:28.472,33.8,6.36,4.005,2267,177.59,20.08,1614,2581,1958,6754,ON
234,2026-05-21 15:42:28.972,33.8,6.35,4.001,2276,177.50,20.17,1611,2574,1954,6691,ON
235,2026-05-21 15:42:29.472,33.8,6.34,3.998,2287,177.42,20.24,1615,2577,1957,6595,ON
236,2026-05-21 15:42:29.972,33.8,6.35,4.000,2299,177.33,20.33,1616,2580,1959,6676,ON
237,2026-05-21 15:42:30.472,33.8,6.35,4.001,2312,177.25,20.42,1611,2572,1954,6628,ON
238,2026-05-21 15:42:30.972,33.8,6.35,4.002,2325,177.16,20.51,1606,2565,1949,6602,ON
239,2026-05-21 15:42:31.472,33.9,6.34,3.992,2335,177.07,20.59,1612,2574,1955,6704,ON
240,2026-05-21 15:42:31.972,33.9,6.34,3.998,2344,176.99,20.68,1614,2581,1959,6743,ON
241,2026-05-21 15:42:32.472,33.9,6.34,4.001,2354,176.91,20.76,1613,2577,1957,6624,ON
242,2026-05-21 15:42:32.972,33.9,6.34,3.997,2365,176.82,20.85,1612,2567,1949,6699,ON
243,2026-05-21 15:42:33.472,33.9,6.35,4.000,2376,176.73,20.93,1616,2564,1947,6648,ON
244,2026-05-21 15:42:33.972,33.9,6.38,3.993,2386,176.65,21.01,1611,2563,1948,6743,ON
245,2026-05-21 15:42:34.472,33.9,6.38,3.996,2397,176.56,21.10,1610,2568,1951,6643,ON
246,2026-05-21 15:42:34.972,33.9,6.39,3.991,2408,176.48,21.18,1608,2568,1951,6555,ON
247,2026-05-21 15:42:35.472,34.0,6.40,3.995,2418,176.39,21.27,1607,2567,1949,6695,ON
248,2026-05-21 15:42:35.972,34.0,6.39,3.997,2426,176.30,21.36,1609,2569,1950,6663,ON
249,2026-05-21 15:42:36.472,34.0,6.38,3.990,2434,176.22,21.44,1611,2570,1951,6652,ON
250,2026-05-21 15:42:36.972,34.0,6.38,3.984,2445,176.12,21.54,1608,2569,1951,6729,ON
251,2026-05-21 15:42:37.472,34.0,6.38,3.996,2456,176.04,21.63,1608,2568,1951,6689,ON
252,2026-05-21 15:42:37.972,34.0,6.39,3.991,2469,175.95,21.71,1612,2574,1956,6625,ON
253,2026-05-21 15:42:38.472,34.0,6.40,3.989,2482,175.86,21.81,1613,2575,1957,6708,ON
254,2026-05-21 15:42:38.972,34.1,6.40,4.002,2493,175.78,21.89,1612,2574,1955,6656,ON
255,2026-05-21 15:42:39.472,34.1,6.39,3.985,2504,175.69,21.97,1611,2571,1952,6563,ON
256,2026-05-21 15:42:39.972,34.1,6.40,3.989,2514,175.60,22.06,1618,2583,1952,6708,ON
257,2026-05-21 15:42:40.472,34.1,6.41,3.992,2525,175.52,22.14,1620,2588,1960,6720,ON
258,2026-05-21 15:42:40.972,34.1,6.41,3.994,2536,175.44,22.23,1619,2592,1964,6733,ON
259,2026-05-21 15:42:41.472,34.1,6.41,3.998,2549,175.35,22.31,1623,2593,1966,6679,ON
260,2026-05-21 15:42:41.972,34.1,6.40,4.001,2560,175.26,22.40,1626,2595,1969,6745,ON
261,2026-05-21 15:42:42.472,34.1,6.40,3.995,2572,175.18,22.49,1629,2599,1973,6757,ON
262,2026-05-21 15:42:42.972,34.2,6.39,3.993,2583,175.09,22.58,1629,2600,1973,6623,ON
263,2026-05-21 15:42:43.472,34.2,6.40,3.991,2593,175.00,22.66,1624,2593,1968,6677,ON
264,2026-05-21 15:42:43.972,34.2,6.42,3.985,2603,174.92,22.75,1620,2585,1963,6765,ON
265,2026-05-21 15:42:44.472,34.2,6.44,3.987,2613,174.84,22.83,1622,2589,1966,6605,ON
266,2026-05-21 15:42:44.972,34.2,6.42,4.003,2623,174.75,22.92,1623,2590,1967,6719,ON
267,2026-05-21 15:42:45.472,34.2,6.39,4.002,2633,174.67,22.99,1624,2591,1967,6783,ON
268,2026-05-21 15:42:45.972,34.2,6.38,3.992,2643,174.59,23.08,1626,2593,1969,6672,ON
269,2026-05-21 15:42:46.472,34.3,6.39,3.987,2655,174.50,23.17,1629,2597,1972,6807,ON
270,2026-05-21 15:42:46.972,34.3,6.41,3.982,2666,174.41,23.25,1631,2599,1973,6741,ON
271,2026-05-21 15:42:47.472,34.3,6.44,3.990,2677,174.33,23.34,1631,2600,1973,6650,ON
272,2026-05-21 15:42:47.972,34.3,6.45,3.986,2688,174.24,23.42,1627,2595,1971,6675,ON
273,2026-05-21 15:42:48.472,34.3,6.47,3.979,2699,174.16,23.51,1620,2585,1964,6760,ON
274,2026-05-21 15:42:48.972,34.3,6.49,3.981,2714,174.07,23.60,1622,2589,1967,6726,ON
275,2026-05-21 15:42:49.472,34.3,6.49,3.977,2727,173.98,23.68,1624,2594,1971,6737,ON
276,2026-05-21 15:42:49.972,34.3,6.49,3.981,2738,173.90,23.77,1626,2598,1974,6823,ON
277,2026-05-21 15:42:50.472,34.4,6.49,3.985,2747,173.82,23.85,1624,2594,1971,6657,ON
278,2026-05-21 15:42:50.972,34.4,6.50,3.978,2757,173.73,23.94,1625,2595,1972,6732,ON
279,2026-05-21 15:42:51.472,34.4,6.49,3.990,2766,173.64,24.02,1626,2597,1973,6728,ON
280,2026-05-21 15:42:51.972,34.4,6.46,3.982,2777,173.56,24.10,1627,2595,1972,6641,ON
281,2026-05-21 15:42:52.472,34.4,6.47,3.968,2787,173.48,24.19,1626,2592,1970,6714,ON
282,2026-05-21 15:42:52.972,34.4,6.49,3.978,2797,173.39,24.27,1625,2591,1968,6856,ON
283,2026-05-21 15:42:53.472,34.5,6.49,3.984,2808,173.30,24.36,1619,2582,1962,6678,ON
284,2026-05-21 15:42:53.972,34.5,6.48,3.980,2819,173.21,24.45,1623,2587,1966,6753,ON
285,2026-05-21 15:42:54.472,34.5,6.47,3.985,2829,173.13,24.53,1630,2595,1971,6829,ON
286,2026-05-21 15:42:54.972,34.5,6.47,3.974,2840,173.05,24.62,1630,2595,1972,6733,ON
287,2026-05-21 15:42:55.472,34.5,6.49,3.977,2848,172.96,24.71,1631,2596,1972,6691,ON
288,2026-05-21 15:42:55.972,34.5,6.50,3.974,2857,172.88,24.79,1628,2595,1972,6760,ON
289,2026-05-21 15:42:56.472,34.5,6.51,3.981,2866,172.79,24.88,1630,2597,1974,6748,ON
290,2026-05-21 15:42:56.972,34.6,6.51,3.977,2876,172.71,24.96,1632,2601,1975,6714,ON
291,2026-05-21 15:42:57.472,34.6,6.51,3.977,2890,172.62,25.05,1632,2603,1977,6840,ON
292,2026-05-21 15:42:57.972,34.6,6.51,3.978,2904,172.54,25.13,1635,2606,1979,6774,ON
293,2026-05-21 15:42:58.472,34.6,6.51,3.984,2917,172.43,25.23,1635,2606,1981,6733,ON
294,2026-05-21 15:42:58.972,34.6,6.52,3.972,2928,172.35,25.32,1633,2602,1979,6788,ON
295,2026-05-21 15:42:59.472,34.6,6.53,3.985,2941,172.26,25.41,1634,2604,1979,6771,ON
296,2026-05-21 15:42:59.972,34.6,6.53,3.970,2952,172.18,25.49,1638,2610,1983,6818,ON
297,2026-05-21 15:43:00.472,34.6,6.55,3.969,2963,172.09,25.58,1638,2609,1983,6678,ON
298,2026-05-21 15:43:00.972,34.6,6.56,3.968,2974,172.01,25.66,1637,2606,1981,6742,ON
299,2026-05-21 15:43:01.472,34.7,6.57,3.973,2985,171.92,25.75,1635,2604,1978,6818,ON
300,2026-05-21 15:43:01.972,34.7,6.56,3.979,2997,171.84,25.83,1638,2607,1980,6792,ON
301,2026-05-21 15:43:02.472,34.7,6.54,3.971,3008,171.75,25.91,1643,2618,1989,6832,ON
302,2026-05-21 15:43:02.972,34.7,6.54,3.974,3019,171.67,26.00,1648,2625,1996,6856,ON
303,2026-05-21 15:43:03.472,34.7,6.56,3.966,3031,171.58,26.09,1644,2618,1988,6788,ON
304,2026-05-21 15:43:03.972,34.7,6.56,3.981,3043,171.49,26.18,1645,2618,1989,6742,ON
305,2026-05-21 15:43:04.472,34.7,6.57,3.970,3055,171.41,26.26,1644,2616,1988,6713,ON
306,2026-05-21 15:43:04.972,34.7,6.58,3.967,3065,171.32,26.34,1634,2603,1977,6763,ON
307,2026-05-21 15:43:05.472,34.7,6.60,3.964,3077,171.24,26.42,1636,2607,1979,6676,ON
308,2026-05-21 15:43:05.972,34.8,6.60,3.971,3089,171.15,26.52,1638,2610,1983,6763,ON
309,2026-05-21 15:43:06.472,34.8,6.59,3.979,3101,171.06,26.60,1637,2609,1983,6876,ON
310,2026-05-21 15:43:06.972,34.8,6.56,3.967,3110,170.98,26.69,1635,2605,1979,6768,ON
311,2026-05-21 15:43:07.472,34.8,6.57,3.962,3119,170.90,26.77,1637,2608,1982,6770,ON
312,2026-05-21 15:43:07.972,34.8,6.60,3.959,3129,170.80,26.87,1638,2610,1983,6823,ON
313,2026-05-21 15:43:08.472,34.8,6.61,3.973,3139,170.72,26.94,1642,2617,1991,6797,ON
314,2026-05-21 15:43:08.972,34.9,6.61,3.947,3151,170.64,27.03,1644,2619,1993,6673,ON
315,2026-05-21 15:43:09.472,34.9,6.64,3.970,3165,170.55,27.11,1643,2615,1989,6806,ON
316,2026-05-21 15:43:09.972,34.9,6.66,3.955,3179,170.46,27.20,1645,2618,1991,6820,ON
317,2026-05-21 15:43:10.472,34.9,6.67,3.967,3191,170.39,27.27,1644,2615,1987,6765,ON
318,2026-05-21 15:43:10.972,34.9,6.66,3.948,3200,170.30,27.36,1642,2612,1986,6837,ON
319,2026-05-21 15:43:11.472,34.9,6.67,3.956,3209,170.21,27.45,1639,2609,1985,6775,ON
320,2026-05-21 15:43:11.972,34.9,6.66,3.958,3220,170.13,27.54,1638,2602,1979,6708,ON
321,2026-05-21 15:43:12.472,34.9,6.64,3.970,3232,170.04,27.62,1641,2596,1975,6799,ON
322,2026-05-21 15:43:12.972,35.0,6.64,3.954,3242,169.96,27.71,1644,2614,1992,6794,ON
323,2026-05-21 15:43:13.472,35.0,6.66,3.951,3252,169.88,27.78,1648,2612,1992,6737,ON
324,2026-05-21 15:43:13.972,35.0,6.67,3.960,3263,169.79,27.88,1656,2605,1985,6876,ON
325,2026-05-21 15:43:14.472,35.0,6.66,3.965,3275,169.71,27.96,1657,2618,1993,6825,ON
326,2026-05-21 15:43:14.972,35.0,6.65,3.963,3283,169.62,28.04,1653,2621,1996,6785,ON
327,2026-05-21 15:43:15.472,35.0,6.65,3.960,3292,169.53,28.13,1650,2621,1993,6831,ON
328,2026-05-21 15:43:15.972,35.0,6.66,3.957,3299,169.45,28.22,1650,2624,1991,6824,ON
329,2026-05-21 15:43:16.472,35.0,6.68,3.951,3309,169.36,28.30,1649,2626,1994,6833,ON
330,2026-05-21 15:43:16.972,35.1,6.69,3.954,3321,169.28,28.38,1652,2631,1997,6694,ON
331,2026-05-21 15:43:17.472,35.1,6.70,3.953,3335,169.20,28.47,1651,2629,1997,6803,ON
332,2026-05-21 15:43:17.972,35.1,6.70,3.952,3349,169.11,28.56,1648,2626,1996,6830,ON
333,2026-05-21 15:43:18.472,35.1,6.71,3.941,3364,169.03,28.64,1649,2624,1994,6800,ON
334,2026-05-21 15:43:18.972,35.1,6.73,3.953,3378,168.94,28.73,1651,2626,1996,6842,ON
335,2026-05-21 15:43:19.472,35.1,6.72,3.956,3391,168.85,28.81,1649,2632,1999,6772,ON
336,2026-05-21 15:43:19.972,35.1,6.71,3.951,3403,168.77,28.90,1643,2621,1991,6725,ON
337,2026-05-21 15:43:20.472,35.1,6.71,3.949,3415,168.67,29.00,1645,2621,1990,6812,ON
338,2026-05-21 15:43:20.972,35.2,6.72,3.947,3425,168.58,29.08,1653,2631,1999,6848,ON
339,2026-05-21 15:43:21.472,35.2,6.73,3.949,3437,168.50,29.17,1655,2632,2001,6726,ON
340,2026-05-21 15:43:21.972,35.2,6.73,3.949,3448,168.41,29.26,1650,2624,1996,6764,ON
341,2026-05-21 15:43:22.472,35.2,6.74,3.950,3459,168.33,29.34,1645,2617,1991,6895,ON
342,2026-05-21 15:43:22.972,35.2,6.73,3.950,3468,168.24,29.42,1651,2627,1998,6849,ON
343,2026-05-21 15:43:23.472,35.2,6.74,3.935,3476,168.15,29.51,1654,2632,2001,6855,ON
344,2026-05-21 15:43:23.972,35.2,6.74,3.950,3486,168.07,29.59,1657,2636,2003,6865,ON
345,2026-05-21 15:43:24.472,35.2,6.75,3.942,3496,167.98,29.69,1648,2623,1994,6773,ON
346,2026-05-21 15:43:24.972,35.3,6.76,3.935,3507,167.90,29.77,1644,2617,1989,6746,ON
347,2026-05-21 15:43:25.472,35.3,6.79,3.943,3521,167.81,29.86,1646,2618,1992,6829,ON
348,2026-05-21 15:43:25.972,35.3,6.79,3.943,3535,167.72,29.94,1649,2624,1997,6729,ON
349,2026-05-21 15:43:26.472,35.3,6.79,3.940,3549,167.64,30.03,1645,2617,1993,6744,ON
350,2026-05-21 15:43:26.972,35.3,6.80,3.930,3560,167.55,30.11,1639,2607,1986,6889,ON
351,2026-05-21 15:43:27.472,35.3,6.80,3.942,3570,167.47,30.20,1646,2620,1994,6874,ON
352,2026-05-21 15:43:27.972,35.3,6.79,3.947,3578,167.38,30.28,1653,2629,2000,6780,ON
353,2026-05-21 15:43:28.472,35.3,6.80,3.935,3588,167.30,30.37,1655,2632,2003,6905,ON
354,2026-05-21 15:43:28.972,35.3,6.81,3.947,3598,167.22,30.45,1654,2629,2003,6794,ON
355,2026-05-21 15:43:29.472,35.4,6.81,3.931,3608,167.13,30.54,1651,2625,1999,6750,ON
356,2026-05-21 15:43:29.972,35.4,6.82,3.934,3618,167.04,30.63,1649,2622,1996,6767,ON
357,2026-05-21 15:43:30.472,35.4,6.83,3.930,3627,166.95,30.71,1645,2616,1992,6726,ON
358,2026-05-21 15:43:30.972,35.4,6.84,3.935,3637,166.87,30.79,1644,2615,1991,6780,ON
359,2026-05-21 15:43:31.472,35.4,6.85,3.922,3648,166.78,30.88,1646,2618,1992,6939,ON
360,2026-05-21 15:43:31.972,35.4,6.87,3.926,3658,166.70,30.97,1648,2620,1994,6806,ON
361,2026-05-21 15:43:32.472,35.4,6.89,3.920,3669,166.61,31.05,1650,2620,1996,6790,ON
362,2026-05-21 15:43:32.972,35.4,6.92,3.915,3683,166.52,31.14,1648,2618,1994,6923,ON
363,2026-05-21 15:43:33.472,35.4,6.92,3.930,3696,166.44,31.22,1650,2624,2001,6819,ON
364,2026-05-21 15:43:33.972,35.5,6.90,3.934,3707,166.36,31.31,1652,2626,2002,6804,ON
365,2026-05-21 15:43:34.472,35.5,6.92,3.912,3717,166.27,31.40,1654,2626,2000,6830,ON
366,2026-05-21 15:43:34.972,35.5,6.95,3.914,3729,166.19,31.48,1660,2637,2008,6857,ON
367,2026-05-21 15:43:35.472,35.5,6.96,3.919,3749,166.09,31.57,1660,2637,2007,6836,ON
368,2026-05-21 15:43:35.972,35.5,6.96,3.920,3777,166.02,31.65,1659,2634,2006,6796,ON
369,2026-05-21 15:43:36.472,35.5,6.96,3.913,3801,165.92,31.74,1656,2631,2005,6944,ON
370,2026-05-21 15:43:36.972,35.5,6.97,3.916,3822,165.84,31.82,1661,2637,2009,6892,ON
371,2026-05-21 15:43:37.472,35.6,6.97,3.915,3840,165.75,31.91,1661,2636,2010,6828,ON
372,2026-05-21 15:43:37.972,35.6,6.97,3.919,3851,165.67,31.99,1665,2640,2014,6901,ON
373,2026-05-21 15:43:38.472,35.6,6.98,3.910,3860,165.59,32.08,1665,2640,2014,6820,ON
374,2026-05-21 15:43:38.972,35.6,6.99,3.905,3867,165.50,32.17,1661,2634,2009,6754,ON
375,2026-05-21 15:43:39.472,35.6,7.00,3.894,3874,165.41,32.26,1661,2633,2008,6848,ON
376,2026-05-21 15:43:39.972,35.6,7.01,3.904,3884,165.33,32.33,1661,2633,2008,6844,ON
377,2026-05-21 15:43:40.472,35.6,7.02,3.900,3893,165.24,32.42,1664,2638,2012,6883,ON
378,2026-05-21 15:43:40.972,35.6,7.03,3.899,3900,165.15,32.51,1667,2644,2015,6939,ON
379,2026-05-21 15:43:41.472,35.6,7.05,3.891,3907,165.06,32.60,1665,2640,2013,6882,ON
380,2026-05-21 15:43:41.972,35.7,7.08,3.902,3916,164.98,32.69,1660,2633,2008,6790,ON
381,2026-05-21 15:43:42.472,35.7,7.08,3.896,3926,164.89,32.78,1662,2637,2010,6908,ON
382,2026-05-21 15:43:42.972,35.7,7.08,3.899,3937,164.80,32.87,1663,2640,2013,6779,ON
383,2026-05-21 15:43:43.472,35.7,7.08,3.902,3948,164.71,32.95,1658,2632,2005,6743,ON
384,2026-05-21 15:43:43.972,35.7,7.08,3.887,3962,164.62,33.04,1664,2639,2012,6874,ON
385,2026-05-21 15:43:44.472,35.7,7.10,3.901,3978,164.55,33.12,1667,2640,2015,6866,ON
386,2026-05-21 15:43:44.972,35.7,7.10,3.894,3996,164.46,33.20,1668,2639,2017,6869,ON
387,2026-05-21 15:43:45.472,35.7,7.11,3.888,4011,164.38,33.29,1668,2639,2017,6936,ON
388,2026-05-21 15:43:45.972,35.7,7.12,3.888,4022,164.29,33.38,1666,2636,2014,6882,ON
389,2026-05-21 15:43:46.472,35.7,7.13,3.883,4031,164.20,33.47,1665,2637,2014,6773,ON
390,2026-05-21 15:43:46.972,35.7,7.15,3.872,4039,164.11,33.55,1667,2637,2017,6894,ON
391,2026-05-21 15:43:47.472,35.8,7.18,3.880,4049,164.03,33.64,1664,2631,2013,6799,ON
392,2026-05-21 15:43:47.972,35.8,7.18,3.881,4059,163.94,33.73,1658,2622,2005,6763,ON
393,2026-05-21 15:43:48.472,35.8,7.19,3.877,4072,163.86,33.81,1669,2640,2016,6902,ON
394,2026-05-21 15:43:48.972,35.8,7.20,3.869,4083,163.77,33.90,1672,2647,2021,6903,ON
395,2026-05-21 15:43:49.472,35.8,7.22,3.867,4093,163.68,33.98,1669,2642,2019,6867,ON
396,2026-05-21 15:43:49.972,35.8,7.24,3.870,4103,163.60,34.06,1669,2643,2019,6936,ON
397,2026-05-21 15:43:50.472,35.9,7.24,3.874,4114,163.52,34.15,1674,2652,2024,7033,ON
398,2026-05-21 15:43:50.972,35.9,7.24,3.863,4123,163.43,34.24,1664,2646,2032,6841,ON
399,2026-05-21 15:43:51.472,35.9,7.25,3.865,4133,163.34,34.32,1663,2637,2022,6869,ON
400,2026-05-21 15:43:51.972,35.9,7.27,3.860,4144,163.26,34.41,1666,2640,2019,6828,ON
401,2026-05-21 15:43:52.472,35.9,7.30,3.860,4156,163.17,34.49,1663,2632,2014,6846,ON
402,2026-05-21 15:43:52.972,35.9,7.31,3.854,4167,163.09,34.58,1665,2629,2015,6727,ON
403,2026-05-21 15:43:53.472,35.9,7.33,3.849,4181,163.00,34.66,1666,2625,2015,6800,ON
404,2026-05-21 15:43:53.972,35.9,7.35,3.849,4196,162.92,34.75,1661,2615,2009,6929,ON
405,2026-05-21 15:43:54.472,35.9,7.37,3.848,4209,162.83,34.84,1663,2614,2012,6849,ON
406,2026-05-21 15:43:54.972,35.9,7.38,3.853,4220,162.75,34.92,1669,2623,2018,6887,ON
407,2026-05-21 15:43:55.472,36.0,7.41,3.832,4230,162.65,35.01,1675,2631,2023,6921,ON
408,2026-05-21 15:43:55.972,36.0,7.42,3.843,4243,162.57,35.09,1665,2617,2014,6831,ON
409,2026-05-21 15:43:56.472,36.0,7.44,3.832,4255,162.49,35.18,1665,2617,2013,6802,ON
410,2026-05-21 15:43:56.972,36.0,7.47,3.830,4269,162.40,35.27,1668,2625,2018,6919,ON
411,2026-05-21 15:43:57.472,36.0,7.51,3.809,4283,162.32,35.35,1669,2628,2019,6806,ON
412,2026-05-21 15:43:57.972,36.0,7.54,3.815,4297,162.23,35.44,1666,2621,2015,6768,ON
413,2026-05-21 15:43:58.472,36.0,7.58,3.806,4309,162.15,35.52,1663,2613,2012,6923,ON
414,2026-05-21 15:43:58.972,36.1,7.62,3.796,4319,162.06,35.61,1664,2614,2014,6850,ON
415,2026-05-21 15:43:59.472,36.1,7.67,3.781,4326,161.97,35.69,1661,2604,2010,6769,ON
416,2026-05-21 15:43:59.972,36.1,7.73,3.778,4334,161.89,35.78,1658,2593,2008,6807,ON
417,2026-05-21 15:44:00.472,36.1,7.78,3.763,4344,161.81,35.86,1650,2571,2000,6691,ON
418,2026-05-21 15:44:00.972,36.1,7.85,3.751,4354,161.71,35.95,1646,2555,1998,6631,ON
419,2026-05-21 15:44:01.472,36.1,7.89,3.763,4363,161.62,36.05,1646,2535,1996,6561,ON
420,2026-05-21 15:44:01.972,36.1,7.92,3.737,4373,161.54,36.13,1632,2478,1983,6436,ON
421,2026-05-21 15:44:02.472,36.1,7.99,3.655,4381,161.45,36.21,1617,2423,1972,6167,ON
422,2026-05-21 15:44:02.972,36.1,8.60,3.537,4389,161.36,36.30,1582,2313,1942,6024,ON
423,2026-05-21 15:44:03.472,36.2,9.48,3.458,4398,161.27,36.39,1549,2196,1913,5785,ON
424,2026-05-21 15:44:03.972,36.2,9.89,3.368,4407,161.19,36.47,1510,2071,1877,5361,ON
425,2026-05-21 15:44:04.472,36.2,10.33,3.322,4417,161.10,36.56,1458,1914,1827,5175,ON
426,2026-05-21 15:44:04.972,36.2,10.66,3.278,4424,161.02,36.64,1413,1774,1787,4963,ON
427,2026-05-21 15:44:05.472,36.2,10.94,3.245,4429,160.94,36.73,1381,1659,1757,4895,ON
428,2026-05-21 15:44:05.972,36.2,11.15,3.225,4433,160.85,36.81,1360,1587,1737,4688,ON
429,2026-05-21 15:44:06.472,36.2,11.28,3.197,4441,160.76,36.90,1337,1524,1715,4696,ON
430,2026-05-21 15:44:06.972,36.2,11.45,3.193,4453,160.68,36.98,1321,1482,1700,4728,ON
431,2026-05-21 15:44:07.472,36.2,11.53,3.169,4466,160.59,37.08,1312,1455,1692,4681,ON
432,2026-05-21 15:44:07.972,36.2,11.65,3.164,4479,160.50,37.17,1307,1438,1688,4659,ON
433,2026-05-21 15:44:08.472,36.2,11.72,3.157,4497,160.43,37.24,1304,1425,1683,4712,ON
434,2026-05-21 15:44:08.972,36.2,11.75,3.150,4519,160.33,37.33,1294,1407,1672,4595,ON
435,2026-05-21 15:44:09.472,36.2,11.80,3.139,4542,160.25,37.42,1289,1398,1666,4567,ON
436,2026-05-21 15:44:09.972,36.2,11.84,3.134,4563,160.16,37.50,1290,1397,1669,4636,ON
437,2026-05-21 15:44:10.472,36.2,11.91,3.126,4585,160.07,37.59,1293,1396,1670,4611,ON
438,2026-05-21 15:44:10.972,36.2,11.93,3.124,4609,159.99,37.67,1293,1393,1670,4529,ON
439,2026-05-21 15:44:11.472,36.3,11.95,3.111,4634,159.91,37.76,1291,1390,1667,4606,ON
440,2026-05-21 15:44:11.972,36.3,11.98,3.114,4659,159.82,37.85,1287,1385,1664,4570,ON
441,2026-05-21 15:44:12.472,36.3,12.00,3.113,4683,159.73,37.93,1287,1384,1664,4608,ON
442,2026-05-21 15:44:12.972,36.3,12.02,3.107,4709,159.65,38.02,1289,1385,1667,4669,ON
443,2026-05-21 15:44:13.472,36.3,12.05,3.097,4739,159.56,38.11,1287,1383,1665,4596,ON
444,2026-05-21 15:44:13.972,36.3,12.08,3.093,4777,159.48,38.19,1286,1380,1664,4593,ON
445,2026-05-21 15:44:14.472,36.3,12.11,3.099,4815,159.39,38.28,1287,1381,1664,4602,ON
446,2026-05-21 15:44:14.972,36.3,12.15,3.088,4856,159.30,38.36,1288,1382,1666,4568,ON
447,2026-05-21 15:44:15.472,36.3,12.17,3.086,4895,159.22,38.45,1287,1379,1663,4532,ON
448,2026-05-21 15:44:15.972,36.3,12.18,3.087,4932,159.13,38.53,1287,1378,1662,4557,ON
449,2026-05-21 15:44:16.472,36.3,12.19,3.085,4965,159.05,38.62,1283,1374,1658,4584,ON
450,2026-05-21 15:44:16.972,36.3,12.20,3.068,4991,158.95,38.71,1286,1377,1662,4600,ON
451,2026-05-21 15:44:17.472,36.3,12.23,3.077,5012,158.87,38.79,1289,1379,1666,4669,ON
452,2026-05-21 15:44:17.972,36.3,12.25,3.073,5032,158.79,38.88,1289,1379,1665,4605,ON
453,2026-05-21 15:44:18.472,36.3,12.29,3.062,5050,158.70,38.96,1290,1378,1665,4563,ON
454,2026-05-21 15:44:18.972,36.3,12.31,3.072,5068,158.61,39.05,1288,1375,1663,4605,ON
455,2026-05-21 15:44:19.472,36.3,12.31,3.070,5084,158.53,39.13,1286,1374,1662,4573,ON
456,2026-05-21 15:44:19.972,36.4,12.32,3.060,5103,158.44,39.22,1285,1374,1661,4571,ON
457,2026-05-21 15:44:20.472,36.4,12.34,3.056,5125,158.36,39.31,1290,1377,1666,4595,ON
458,2026-05-21 15:44:20.972,36.4,12.35,3.052,5148,158.27,39.39,1289,1376,1665,4572,ON
459,2026-05-21 15:44:21.472,36.4,12.36,3.061,5170,158.19,39.48,1286,1374,1664,4567,ON
460,2026-05-21 15:44:21.972,36.4,12.36,3.059,5192,158.09,39.58,1289,1376,1665,4626,ON
461,2026-05-21 15:44:22.472,36.4,12.39,3.048,5216,158.00,39.66,1293,1380,1669,4635,ON
462,2026-05-21 15:44:22.972,36.4,12.41,3.048,5238,157.92,39.75,1289,1375,1664,4582,ON
463,2026-05-21 15:44:23.472,36.4,12.42,3.050,5259,157.83,39.84,1287,1374,1662,4629,ON
464,2026-05-21 15:44:23.972,36.4,12.43,3.050,5281,157.74,39.93,1287,1373,1662,4578,ON
465,2026-05-21 15:44:24.472,36.4,12.43,3.041,5306,157.65,40.01,1287,1372,1663,4490,ON
466,2026-05-21 15:44:24.972,36.4,12.45,3.047,5330,157.57,40.10,1288,1374,1663,4563,ON
467,2026-05-21 15:44:25.472,36.4,12.46,3.038,5352,157.48,40.18,1285,1371,1661,4574,ON
468,2026-05-21 15:44:25.972,36.4,12.50,3.015,5374,157.40,40.26,1287,1371,1661,4558,ON
469,2026-05-21 15:44:26.472,36.4,12.56,3.020,5396,157.32,40.34,1288,1374,1664,4653,ON
470,2026-05-21 15:44:26.972,36.4,12.59,3.022,5417,157.23,40.44,1294,1381,1672,4651,ON
471,2026-05-21 15:44:27.472,36.4,12.61,3.013,5436,157.15,40.52,1287,1375,1665,4578,ON
472,2026-05-21 15:44:27.972,36.4,12.63,3.010,5456,157.05,40.61,1285,1374,1664,4568,ON
473,2026-05-21 15:44:28.472,36.4,12.65,3.007,5479,156.98,40.68,1290,1378,1668,4593,ON
474,2026-05-21 15:44:28.972,36.4,12.66,3.009,5502,156.89,40.78,1290,1377,1666,4582,ON
475,2026-05-21 15:44:29.472,36.4,12.68,3.013,5523,156.81,40.86,1289,1375,1665,4518,ON
476,2026-05-21 15:44:29.972,36.4,12.67,3.006,5545,156.72,40.94,1286,1373,1662,4542,ON
477,2026-05-21 15:44:30.472,36.4,12.69,3.015,5571,156.64,41.02,1285,1372,1661,4661,ON
478,2026-05-21 15:44:30.972,36.4,12.69,3.007,5600,156.55,41.12,1288,1375,1665,4617,ON
479,2026-05-21 15:44:31.472,36.4,12.70,3.003,5628,156.47,41.20,1291,1377,1668,4628,ON
480,2026-05-21 15:44:31.972,36.4,12.72,2.998,5655,156.38,41.28,1292,1380,1671,4648,ON
481,2026-05-21 15:44:32.472,36.4,12.73,3.004,5682,156.29,41.37,1290,1377,1667,4584,ON
482,2026-05-21 15:44:32.972,36.4,12.73,2.996,5709,156.21,41.45,1289,1375,1665,4512,ON
483,2026-05-21 15:44:33.472,36.4,12.74,2.999,5733,156.12,41.55,1292,1377,1667,4582,ON
484,2026-05-21 15:44:33.972,36.4,12.75,3.000,5756,156.03,41.63,1290,1375,1664,4557,ON
485,2026-05-21 15:44:34.472,36.4,12.76,2.992,5778,155.95,41.71,1288,1374,1663,4581,ON
486,2026-05-21 15:44:34.972,36.4,12.77,3.010,5795,155.86,41.80,1288,1373,1663,4665,ON
487,2026-05-21 15:44:35.472,36.4,12.76,2.995,5811,155.78,41.88,1293,1378,1669,4641,ON
488,2026-05-21 15:44:35.972,36.4,12.77,2.990,5828,155.69,41.97,1294,1378,1670,4592,ON
489,2026-05-21 15:44:36.472,36.4,12.78,3.002,5852,155.61,42.05,1292,1378,1668,4637,ON
490,2026-05-21 15:44:36.972,36.5,12.79,2.984,5880,155.52,42.14,1291,1377,1667,4598,ON
491,2026-05-21 15:44:37.472,36.5,12.81,2.991,5904,155.44,42.23,1292,1378,1668,4506,ON
492,2026-05-21 15:44:37.972,36.5,12.81,2.979,5921,155.35,42.32,1292,1376,1667,4554,ON
493,2026-05-21 15:44:38.472,36.5,12.81,2.984,5935,155.27,42.40,1288,1372,1662,4599,ON
494,2026-05-21 15:44:38.972,36.5,12.82,2.989,5949,155.18,42.48,1291,1375,1665,4592,ON
495,2026-05-21 15:44:39.472,36.4,12.82,2.994,5964,155.10,42.57,1298,1381,1672,4649,ON
496,2026-05-21 15:44:39.972,36.4,12.82,2.993,5987,155.01,42.65,1302,1387,1678,4669,ON
497,2026-05-21 15:44:40.472,36.4,12.81,2.983,6013,154.92,42.74,1295,1379,1669,4597,ON
498,2026-05-21 15:44:40.972,36.4,12.81,2.989,6041,154.84,42.83,1294,1379,1669,4598,ON
499,2026-05-21 15:44:41.472,36.5,12.81,2.984,6065,154.75,42.91,1294,1379,1668,4667,ON
500,2026-05-21 15:44:41.972,36.5,12.83,2.989,6088,154.67,43.00,1302,1389,1680,4564,ON
501,2026-05-21 15:44:42.472,36.5,12.84,2.976,6114,154.58,43.08,1299,1384,1676,4568,ON
502,2026-05-21 15:44:42.972,36.5,12.84,2.994,6139,154.49,43.17,1293,1379,1669,4659,ON
503,2026-05-21 15:44:43.472,36.5,12.84,2.985,6163,154.41,43.25,1298,1383,1672,4604,ON
504,2026-05-21 15:44:43.972,36.5,12.84,2.988,6185,154.32,43.35,1300,1386,1676,4636,ON
505,2026-05-21 15:44:44.472,36.5,12.84,2.975,6208,154.24,43.43,1300,1388,1679,4673,ON
506,2026-05-21 15:44:44.972,36.5,12.85,2.977,6227,154.15,43.51,1299,1385,1676,4624,ON
507,2026-05-21 15:44:45.472,36.5,12.86,2.980,6249,154.07,43.60,1298,1385,1677,4616,ON
508,2026-05-21 15:44:45.972,36.5,12.87,2.975,6274,153.98,43.68,1298,1384,1675,4658,ON
509,2026-05-21 15:44:46.472,36.5,12.88,2.987,6300,153.92,43.74,1294,1379,1669,4581,ON
510,2026-05-21 15:44:46.972,36.5,12.88,2.974,6321,153.79,43.87,1292,1376,1666,4538,ON
511,2026-05-21 15:44:47.472,36.5,12.89,2.989,6341,153.71,43.96,1298,1382,1672,4633,ON
512,2026-05-21 15:44:47.972,36.5,12.89,2.980,6361,153.62,44.04,1298,1383,1673,4613,ON
513,2026-05-21 15:44:48.472,36.5,12.88,2.977,6383,153.53,44.13,1297,1382,1673,4617,ON
514,2026-05-21 15:44:48.972,36.5,12.89,2.981,6406,153.45,44.22,1297,1383,1674,4699,ON
515,2026-05-21 15:44:49.472,36.5,12.89,2.989,6427,153.36,44.31,1301,1387,1678,4672,ON
516,2026-05-21 15:44:49.972,36.5,12.88,2.974,6448,153.28,44.39,1303,1388,1678,4595,ON
517,2026-05-21 15:44:50.472,36.5,12.88,2.975,6471,153.19,44.47,1306,1391,1682,4678,ON
518,2026-05-21 15:44:50.972,36.5,12.89,2.976,6493,153.11,44.56,1308,1392,1684,4635,ON
519,2026-05-21 15:44:51.472,36.5,12.90,2.972,6515,153.02,44.64,1308,1390,1682,4532,ON
520,2026-05-21 15:44:51.972,36.5,12.91,2.981,6535,152.94,44.73,1306,1389,1680,4602,ON
521,2026-05-21 15:44:52.472,36.6,12.92,2.971,6558,152.85,44.81,1301,1384,1674,4704,ON
522,2026-05-21 15:44:52.972,36.6,12.93,2.979,6581,152.77,44.89,1302,1385,1676,4640,ON
523,2026-05-21 15:44:53.472,36.6,12.93,2.973,6604,152.68,44.98,1303,1387,1678,4694,ON
524,2026-05-21 15:44:53.972,36.6,12.93,2.973,6628,152.59,45.07,1308,1393,1685,4715,ON
525,2026-05-21 15:44:54.472,36.6,12.93,2.968,6652,152.51,45.15,1307,1392,1685,4666,ON
526,2026-05-21 15:44:54.972,36.6,12.93,2.974,6675,152.43,45.24,1310,1395,1688,4601,ON
527,2026-05-21 15:44:55.472,36.6,12.92,2.969,6696,152.34,45.32,1312,1397,1691,4656,ON
528,2026-05-21 15:44:55.972,36.6,12.93,2.970,6720,152.26,45.41,1310,1395,1687,4593,ON
529,2026-05-21 15:44:56.472,36.6,12.93,2.970,6741,152.17,45.49,1307,1391,1683,4643,ON
530,2026-05-21 15:44:56.972,36.6,12.94,2.966,6762,152.08,45.58,1309,1393,1684,4650,ON
531,2026-05-21 15:44:57.472,36.6,12.94,2.972,6783,151.99,45.67,1313,1398,1690,4710,ON
532,2026-05-21 15:44:57.972,36.6,12.92,2.964,6805,151.91,45.75,1317,1403,1696,4706,ON
533,2026-05-21 15:44:58.472,36.6,12.93,2.965,6830,151.83,45.83,1312,1399,1690,4664,ON
534,2026-05-21 15:44:58.972,36.6,12.93,2.972,6855,151.74,45.92,1310,1396,1687,4673,ON
535,2026-05-21 15:44:59.472,36.6,12.93,2.970,6880,151.65,46.01,1310,1396,1688,4728,ON
536,2026-05-21 15:44:59.972,36.6,12.93,2.970,6906,151.57,46.09,1315,1402,1695,4643,ON
537,2026-05-21 15:45:00.472,36.6,12.93,2.977,6926,151.49,46.18,1314,1400,1693,4593,ON
538,2026-05-21 15:45:00.972,36.6,12.94,2.960,6951,151.40,46.26,1315,1401,1692,4688,ON
539,2026-05-21 15:45:01.472,36.6,12.96,2.964,6975,151.32,46.35,1315,1401,1692,4671,ON
540,2026-05-21 15:45:01.972,36.6,12.97,2.964,6998,151.23,46.44,1314,1401,1692,4646,ON
541,2026-05-21 15:45:02.472,36.6,12.98,2.956,7021,151.14,46.53,1316,1404,1695,4752,ON
542,2026-05-21 15:45:02.972,36.6,12.99,2.962,7042,151.05,46.62,1320,1408,1700,4725,ON
543,2026-05-21 15:45:03.472,36.6,12.99,2.966,7067,150.97,46.69,1314,1401,1693,4664,ON
544,2026-05-21 15:45:03.972,36.6,12.99,2.965,7096,150.88,46.79,1314,1402,1693,4688,ON
545,2026-05-21 15:45:04.472,36.6,12.98,2.977,7126,150.80,46.87,1317,1404,1695,4708,ON
546,2026-05-21 15:45:04.972,36.6,12.99,2.949,7155,150.71,46.96,1316,1404,1695,4575,ON
547,2026-05-21 15:45:05.472,36.6,12.99,2.966,7181,150.62,47.04,1315,1402,1693,4658,ON
548,2026-05-21 15:45:05.972,36.6,12.99,2.960,7209,150.54,47.13,1313,1399,1690,4685,ON
549,2026-05-21 15:45:06.472,36.6,13.00,2.955,7234,150.45,47.21,1318,1402,1692,4643,ON
550,2026-05-21 15:45:06.972,36.6,13.00,2.965,7255,150.36,47.30,1318,1403,1692,4689,ON
551,2026-05-21 15:45:07.472,36.6,13.01,2.958,7271,150.26,47.40,1318,1404,1694,4730,ON
552,2026-05-21 15:45:07.972,36.6,13.01,2.953,7285,150.19,47.47,1312,1397,1687,4658,ON
553,2026-05-21 15:45:08.472,36.6,13.00,2.963,7301,150.10,47.57,1312,1397,1686,4660,ON
554,2026-05-21 15:45:08.972,36.6,12.99,2.963,7321,150.02,47.65,1312,1398,1686,4676,ON
555,2026-05-21 15:45:09.472,36.6,12.99,2.961,7343,149.92,47.74,1307,1394,1682,4639,ON
556,2026-05-21 15:45:09.972,36.6,12.99,2.967,7363,149.84,47.83,1309,1395,1681,4604,ON
557,2026-05-21 15:45:10.472,36.6,12.99,2.960,7386,149.75,47.92,1312,1401,1686,4614,ON
558,2026-05-21 15:45:10.972,36.6,12.99,2.963,7410,149.66,48.01,1316,1406,1694,4683,ON
559,2026-05-21 15:45:11.472,36.6,12.99,2.954,7434,149.58,48.09,1316,1406,1694,4670,ON
560,2026-05-21 15:45:11.972,36.6,13.00,2.957,7456,149.50,48.17,1316,1404,1693,4658,ON
561,2026-05-21 15:45:12.472,36.7,13.01,2.952,7478,149.41,48.25,1320,1408,1698,4757,ON
562,2026-05-21 15:45:12.972,36.7,13.02,2.958,7500,149.32,48.35,1325,1413,1702,4731,ON
563,2026-05-21 15:45:13.472,36.7,13.02,2.952,7520,149.23,48.44,1322,1410,1699,4677,ON
564,2026-05-21 15:45:13.972,36.7,13.03,2.955,7542,149.15,48.52,1317,1406,1695,4711,ON
565,2026-05-21 15:45:14.472,36.7,13.03,2.953,7565,149.06,48.61,1318,1406,1695,4705,ON
566,2026-05-21 15:45:14.972,36.7,13.03,2.952,7590,148.98,48.69,1321,1409,1699,4642,ON
567,2026-05-21 15:45:15.472,36.7,13.03,2.965,7619,148.89,48.77,1323,1411,1701,4690,ON
568,2026-05-21 15:45:15.972,36.7,13.02,2.959,7644,148.79,48.87,1322,1410,1699,4691,ON
569,2026-05-21 15:45:16.472,36.7,13.02,2.943,7663,148.71,48.95,1322,1409,1697,4627,ON
570,2026-05-21 15:45:16.972,36.7,13.02,2.964,7686,148.63,49.04,1320,1407,1696,4720,ON
571,2026-05-21 15:45:17.472,36.7,13.02,2.954,7711,148.54,49.12,1322,1410,1699,4744,ON
572,2026-05-21 15:45:17.972,36.7,13.03,2.951,7735,148.45,49.21,1315,1404,1691,4661,ON
573,2026-05-21 15:45:18.472,36.7,13.03,2.956,7754,148.36,49.30,1314,1403,1689,4699,ON
574,2026-05-21 15:45:18.972,36.7,13.04,2.947,7771,148.27,49.39,1315,1403,1690,4681,ON
575,2026-05-21 15:45:19.472,36.7,13.05,2.958,7786,148.19,49.47,1317,1404,1691,4589,ON
576,2026-05-21 15:45:19.972,36.7,13.04,2.953,7807,148.11,49.56,1315,1403,1690,4649,ON
577,2026-05-21 15:45:20.472,36.7,13.04,2.948,7835,148.02,49.64,1320,1409,1697,4701,ON
578,2026-05-21 15:45:20.972,36.7,13.05,2.951,7864,147.93,49.73,1322,1411,1700,4645,ON
579,2026-05-21 15:45:21.472,36.7,13.06,2.951,7894,147.85,49.82,1324,1414,1703,4715,ON
580,2026-05-21 15:45:21.972,36.7,13.06,2.948,7922,147.76,49.90,1325,1415,1704,4776,ON
581,2026-05-21 15:45:22.472,36.7,13.06,2.954,7952,147.68,49.99,1323,1413,1701,4718,ON
582,2026-05-21 15:45:22.972,36.7,13.05,2.953,7978,147.58,50.08,1324,1413,1702,4708,ON
583,2026-05-21 15:45:23.472,36.7,13.05,2.952,8002,147.50,50.17,1323,1413,1701,4698,ON
584,2026-05-21 15:45:23.972,36.7,13.06,2.945,8027,147.41,50.25,1318,1410,1697,4647,ON
585,2026-05-21 15:45:24.472,36.7,13.07,2.953,8052,147.33,50.34,1314,1405,1691,4616,ON
586,2026-05-21 15:45:24.972,36.7,13.07,2.949,8075,147.24,50.43,1317,1408,1695,4690,ON
587,2026-05-21 15:45:25.472,36.7,13.07,2.949,8095,147.16,50.51,1316,1407,1693,4671,ON
588,2026-05-21 15:45:25.972,36.7,13.07,2.953,8118,147.08,50.59,1314,1405,1691,4664,ON
589,2026-05-21 15:45:26.472,36.7,13.07,2.955,8141,146.98,50.68,1312,1403,1695,4750,ON
590,2026-05-21 15:45:26.972,36.7,13.06,2.959,8166,146.89,50.78,1319,1411,1701,4767,ON
591,2026-05-21 15:45:27.472,36.7,13.05,2.958,8190,146.80,50.87,1311,1403,1703,4656,ON
592,2026-05-21 15:45:27.972,36.7,13.05,2.950,8213,146.71,50.96,1312,1403,1697,4682,ON
593,2026-05-21 15:45:28.472,36.7,13.06,2.952,8235,146.62,51.04,1318,1407,1697,4705,ON
594,2026-05-21 15:45:28.972,36.7,13.05,2.952,8256,146.54,51.13,1320,1410,1699,4641,ON
595,2026-05-21 15:45:29.472,36.7,13.05,2.949,8278,146.46,51.20,1323,1415,1702,4627,ON
596,2026-05-21 15:45:29.972,36.7,13.05,2.941,8304,146.37,51.29,1319,1410,1697,4653,ON
597,2026-05-21 15:45:30.472,36.7,13.06,2.946,8331,146.28,51.39,1320,1411,1698,4705,ON
598,2026-05-21 15:45:30.972,36.7,13.05,2.955,8359,146.19,51.48,1320,1412,1698,4701,ON
599,2026-05-21 15:45:31.472,36.7,13.04,2.950,8390,146.10,51.56,1321,1412,1698,4697,ON
600,2026-05-21 15:45:31.972,36.7,13.04,2.954,8418,146.02,51.64,1320,1413,1697,4790,ON
601,2026-05-21 15:45:32.472,36.7,13.04,2.950,8443,145.93,51.73,1323,1417,1702,4754,ON
602,2026-05-21 15:45:32.972,36.7,13.04,2.954,8464,145.84,51.83,1321,1414,1698,4688,ON
603,2026-05-21 15:45:33.472,36.7,13.05,2.948,8482,145.75,51.91,1321,1415,1699,4741,ON
604,2026-05-21 15:45:33.972,36.7,13.06,2.939,8500,145.67,52.00,1322,1416,1700,4704,ON
605,2026-05-21 15:45:34.472,36.8,13.07,2.944,8521,145.58,52.08,1322,1416,1699,4624,ON
606,2026-05-21 15:45:34.972,36.8,13.08,2.950,8543,145.50,52.17,1320,1415,1698,4667,ON
607,2026-05-21 15:45:35.472,36.8,13.08,2.944,8567,145.41,52.26,1318,1413,1696,4729,ON
608,2026-05-21 15:45:35.972,36.8,13.09,2.947,8592,145.32,52.34,1320,1414,1698,4657,ON
609,2026-05-21 15:45:36.472,36.8,13.09,2.948,8617,145.24,52.43,1321,1416,1700,4718,ON
610,2026-05-21 15:45:36.972,36.8,13.08,2.945,8641,145.15,52.52,1322,1419,1702,4763,ON
611,2026-05-21 15:45:37.472,36.8,13.08,2.942,8663,145.07,52.60,1317,1412,1695,4703,ON
612,2026-05-21 15:45:37.972,36.8,13.08,2.949,8683,144.98,52.69,1319,1414,1696,4705,ON
613,2026-05-21 15:45:38.472,36.8,13.08,2.952,8707,144.89,52.78,1319,1414,1697,4735,ON
614,2026-05-21 15:45:38.972,36.8,13.07,2.960,8728,144.80,52.86,1318,1414,1696,4653,ON
615,2026-05-21 15:45:39.472,36.8,13.06,2.949,8755,144.72,52.95,1313,1409,1691,4614,ON
616,2026-05-21 15:45:39.972,36.8,13.07,2.949,8786,144.63,53.04,1317,1413,1695,4714,ON
617,2026-05-21 15:45:40.472,36.8,13.07,2.948,8815,144.54,53.12,1319,1414,1696,4700,ON
618,2026-05-21 15:45:40.972,36.8,13.07,2.947,8840,144.46,53.21,1319,1413,1697,4686,ON
619,2026-05-21 15:45:41.472,36.8,13.07,2.957,8860,144.37,53.29,1320,1414,1697,4780,ON
620,2026-05-21 15:45:41.972,36.8,13.06,2.959,8876,144.27,53.39,1325,1420,1702,4757,ON
621,2026-05-21 15:45:42.472,36.8,13.07,2.945,8895,144.20,53.47,1323,1417,1698,4664,ON
622,2026-05-21 15:45:42.972,36.8,13.08,2.945,8913,144.11,53.56,1323,1416,1698,4767,ON
623,2026-05-21 15:45:43.472,36.9,13.08,2.954,8935,144.02,53.64,1325,1420,1701,4741,ON
624,2026-05-21 15:45:43.972,36.9,13.08,2.937,8965,143.93,53.73,1327,1423,1704,4646,ON
625,2026-05-21 15:45:44.472,36.9,13.08,2.949,8987,143.85,53.81,1325,1421,1702,4694,ON
626,2026-05-21 15:45:44.972,36.9,13.08,2.940,9009,143.76,53.90,1324,1420,1701,4720,ON
627,2026-05-21 15:45:45.472,36.8,13.10,2.947,9033,143.68,53.99,1324,1421,1701,4644,ON
628,2026-05-21 15:45:45.972,36.9,13.10,2.947,9057,143.59,54.08,1326,1423,1704,4730,ON
629,2026-05-21 15:45:46.472,36.8,13.09,2.943,9082,143.51,54.16,1327,1424,1704,4790,ON
630,2026-05-21 15:45:46.972,36.8,13.09,2.950,9103,143.42,54.25,1324,1421,1701,4713,ON
631,2026-05-21 15:45:47.472,36.9,13.08,2.940,9127,143.31,54.35,1323,1420,1701,4752,ON
632,2026-05-21 15:45:47.972,36.9,13.09,2.938,9153,143.23,54.44,1322,1421,1701,4773,ON
633,2026-05-21 15:45:48.472,36.9,13.09,2.950,9180,143.14,54.53,1327,1427,1698,4674,ON
634,2026-05-21 15:45:48.972,36.8,13.09,2.943,9205,143.06,54.61,1326,1425,1695,4698,ON
635,2026-05-21 15:45:49.472,36.8,13.10,2.946,9228,142.97,54.69,1329,1427,1701,4782,ON
636,2026-05-21 15:45:49.972,36.9,13.10,2.942,9249,142.88,54.79,1328,1427,1702,4776,ON
637,2026-05-21 15:45:50.472,36.9,13.10,2.949,9270,142.79,54.88,1324,1422,1698,4728,ON
638,2026-05-21 15:45:50.972,36.9,13.11,2.942,9292,142.71,54.96,1327,1424,1701,4696,ON
639,2026-05-21 15:45:51.472,36.9,13.11,2.946,9310,142.62,55.05,1331,1430,1708,4773,ON
640,2026-05-21 15:45:51.972,36.9,13.11,2.943,9327,142.54,55.13,1331,1431,1709,4725,ON
641,2026-05-21 15:45:52.472,36.9,13.11,2.944,9348,142.45,55.22,1329,1429,1707,4681,ON
642,2026-05-21 15:45:52.972,36.9,13.11,2.936,9376,142.36,55.31,1336,1435,1713,4775,ON
643,2026-05-21 15:45:53.472,36.9,13.12,2.955,9406,142.28,55.39,1338,1438,1716,4781,ON
644,2026-05-21 15:45:53.972,36.9,13.10,2.935,9435,142.19,55.47,1337,1437,1715,4769,ON
645,2026-05-21 15:45:54.472,36.9,13.10,2.942,9463,142.10,55.56,1338,1439,1717,4832,ON
646,2026-05-21 15:45:54.972,36.9,13.11,2.935,9486,142.02,55.65,1342,1442,1720,4801,ON
647,2026-05-21 15:45:55.472,36.9,13.12,2.942,9506,141.93,55.74,1338,1438,1716,4713,ON
648,2026-05-21 15:45:55.972,36.9,13.12,2.932,9529,141.84,55.82,1337,1436,1713,4752,ON
649,2026-05-21 15:45:56.472,36.9,13.12,2.936,9556,141.75,55.91,1336,1437,1713,4780,ON
650,2026-05-21 15:45:56.972,36.9,13.13,2.937,9581,141.67,55.99,1339,1441,1716,4717,ON
651,2026-05-21 15:45:57.472,36.9,13.13,2.936,9605,141.58,56.09,1341,1442,1718,4770,ON
652,2026-05-21 15:45:57.972,36.9,13.14,2.932,9625,141.49,56.17,1340,1445,1722,4836,ON
653,2026-05-21 15:45:58.472,36.9,13.13,2.943,9645,141.41,56.26,1340,1443,1720,4808,ON
654,2026-05-21 15:45:58.972,36.9,13.13,2.939,9664,141.32,56.34,1340,1442,1719,4776,ON
655,2026-05-21 15:45:59.472,36.9,13.13,2.951,9690,141.24,56.43,1341,1443,1720,4792,ON
656,2026-05-21 15:45:59.972,36.9,13.11,2.953,9720,141.15,56.52,1343,1445,1721,4853,ON
657,2026-05-21 15:46:00.472,36.9,13.10,2.941,9747,141.05,56.61,1344,1447,1722,4812,ON
658,2026-05-21 15:46:00.972,36.9,13.10,2.939,9782,140.98,56.69,1347,1450,1726,4793,ON
659,2026-05-21 15:46:01.472,36.9,13.11,2.946,9826,140.89,56.78,1346,1449,1725,4824,ON
660,2026-05-21 15:46:01.972,36.9,13.11,2.936,9865,140.80,56.86,1345,1449,1723,4768,ON
661,2026-05-21 15:46:02.472,36.9,13.10,2.950,9898,140.71,56.95,1344,1446,1720,4730,ON
662,2026-05-21 15:46:02.972,36.9,13.10,2.942,9924,140.63,57.04,1348,1451,1726,4818,ON
663,2026-05-21 15:46:03.472,36.9,13.10,2.929,9954,140.54,57.12,1351,1454,1728,4823,ON
664,2026-05-21 15:46:03.972,36.9,13.12,2.934,9987,140.44,57.22,1352,1454,1729,4750,ON
665,2026-05-21 15:46:04.472,36.9,13.13,2.937,10018,140.36,57.31,1353,1456,1731,4853,ON
666,2026-05-21 15:46:04.972,36.9,13.13,2.933,10047,140.27,57.40,1355,1461,1735,4846,ON
667,2026-05-21 15:46:05.472,36.9,13.14,2.935,10076,140.19,57.48,1356,1463,1738,4732,ON
668,2026-05-21 15:46:05.972,36.9,13.14,2.943,10102,140.09,57.58,1354,1459,1733,4800,ON
669,2026-05-21 15:46:06.472,36.9,13.13,2.947,10130,140.00,57.66,1350,1455,1729,4873,ON
670,2026-05-21 15:46:06.972,36.9,13.12,2.943,10158,139.92,57.75,1352,1458,1730,4770,ON
671,2026-05-21 15:46:07.472,36.9,13.12,2.940,10188,139.83,57.83,1353,1460,1732,4829,ON
672,2026-05-21 15:46:07.972,36.9,13.12,2.939,10216,139.75,57.92,1353,1460,1733,4841,ON
673,2026-05-21 15:46:08.472,36.9,13.13,2.939,10244,139.66,58.00,1349,1454,1727,4757,ON
674,2026-05-21 15:46:08.972,37.0,13.14,2.936,10269,139.57,58.09,1348,1452,1725,4802,ON
675,2026-05-21 15:46:09.472,37.0,13.14,2.942,10290,139.48,58.18,1347,1454,1727,4832,ON
676,2026-05-21 15:46:09.972,37.0,13.14,2.946,10307,139.40,58.26,1347,1454,1725,4789,ON
677,2026-05-21 15:46:10.472,37.0,13.13,2.933,10326,139.32,58.35,1346,1452,1722,4763,ON
678,2026-05-21 15:46:10.972,37.0,13.13,2.938,10347,139.23,58.43,1341,1446,1716,4827,ON
679,2026-05-21 15:46:11.472,37.0,13.14,2.944,10369,139.14,58.53,1345,1450,1720,4826,ON
680,2026-05-21 15:46:11.972,37.0,13.14,2.939,10393,139.06,58.61,1345,1453,1722,4775,ON
681,2026-05-21 15:46:12.472,37.0,13.13,2.950,10412,138.96,58.71,1344,1455,1724,4835,ON
682,2026-05-21 15:46:12.972,37.0,13.12,2.939,10430,138.88,58.79,1348,1456,1725,4801,ON
683,2026-05-21 15:46:13.472,37.0,13.13,2.935,10452,138.80,58.87,1348,1455,1723,4812,ON
684,2026-05-21 15:46:13.972,37.0,13.14,2.931,10474,138.71,58.96,1346,1452,1720,4744,ON
685,2026-05-21 15:46:14.472,37.0,13.16,2.929,10496,138.63,59.04,1343,1449,1716,4768,ON
686,2026-05-21 15:46:14.972,37.0,13.15,2.940,10516,138.53,59.13,1342,1449,1716,4843,ON
687,2026-05-21 15:46:15.472,37.0,13.14,2.942,10538,138.45,59.22,1343,1451,1718,4804,ON
688,2026-05-21 15:46:15.972,37.0,13.12,2.942,10559,138.36,59.30,1345,1453,1721,4766,ON
689,2026-05-21 15:46:16.472,37.0,13.12,2.938,10579,138.27,59.39,1347,1456,1721,4820,ON
690,2026-05-21 15:46:16.972,37.0,13.13,2.930,10602,138.19,59.48,1348,1458,1724,4866,ON
691,2026-05-21 15:46:17.472,37.0,13.13,2.937,10624,138.09,59.57,1347,1456,1722,4788,ON
692,2026-05-21 15:46:17.972,37.0,13.14,2.945,10644,138.01,59.66,1345,1454,1720,4749,ON
693,2026-05-21 15:46:18.472,37.0,13.14,2.939,10666,137.92,59.74,1345,1453,1719,4801,ON
694,2026-05-21 15:46:18.972,37.0,13.13,2.942,10688,137.85,59.82,1345,1454,1719,4799,ON
695,2026-05-21 15:46:19.472,37.0,13.13,2.949,10715,137.76,59.91,1345,1454,1719,4707,ON
696,2026-05-21 15:46:19.972,37.0,13.13,2.935,10743,137.67,59.99,1344,1455,1718,4769,ON
697,2026-05-21 15:46:20.472,37.0,13.13,2.937,10769,137.58,60.09,1340,1451,1713,4793,ON
698,2026-05-21 15:46:20.972,37.0,13.13,2.945,10797,137.49,60.17,1340,1450,1712,4741,ON
699,2026-05-21 15:46:21.472,37.0,13.12,2.938,10828,137.40,60.26,1339,1450,1711,4772,ON
700,2026-05-21 15:46:21.972,37.0,13.12,2.940,10857,137.31,60.35,1337,1449,1711,4864,ON
701,2026-05-21 15:46:22.472,37.0,13.12,2.942,10884,137.23,60.44,1336,1448,1710,4785,ON
702,2026-05-21 15:46:22.972,37.0,13.12,2.947,10905,137.15,60.52,1338,1451,1712,4764,ON
703,2026-05-21 15:46:23.472,37.0,13.13,2.928,10925,137.06,60.61,1335,1449,1711,4815,ON
704,2026-05-21 15:46:23.972,37.0,13.14,2.936,10943,136.97,60.70,1338,1451,1713,4810,ON
705,2026-05-21 15:46:24.472,37.0,13.15,2.934,10964,136.89,60.78,1343,1456,1717,4738,ON
706,2026-05-21 15:46:24.972,37.0,13.16,2.927,10989,136.80,60.87,1343,1457,1717,4764,ON
707,2026-05-21 15:46:25.472,37.0,13.16,2.932,11018,136.70,60.97,1341,1455,1716,4826,ON
708,2026-05-21 15:46:25.972,37.0,13.17,2.937,11050,136.60,61.07,1342,1455,1716,4755,ON
709,2026-05-21 15:46:26.472,37.0,13.16,2.943,11078,136.52,61.14,1339,1453,1713,4766,ON
710,2026-05-21 15:46:26.972,37.0,13.16,2.935,11101,136.44,61.23,1341,1455,1715,4845,ON
711,2026-05-21 15:46:27.472,37.1,13.15,2.943,11126,136.35,61.31,1345,1460,1720,4841,ON
712,2026-05-21 15:46:27.972,37.1,13.14,2.943,11154,136.26,61.40,1343,1459,1717,4779,ON
713,2026-05-21 15:46:28.472,37.1,13.14,2.933,11183,136.17,61.49,1343,1458,1716,4814,ON
714,2026-05-21 15:46:28.972,37.1,13.14,2.931,11214,136.09,61.58,1345,1460,1717,4812,ON
715,2026-05-21 15:46:29.472,37.1,13.14,2.940,11244,136.00,61.66,1346,1462,1719,4752,ON
716,2026-05-21 15:46:29.972,37.1,13.13,2.932,11271,135.91,61.75,1348,1464,1722,4803,ON
717,2026-05-21 15:46:30.472,37.1,13.15,2.929,11297,135.83,61.84,1347,1464,1722,4842,ON
718,2026-05-21 15:46:30.972,37.0,13.17,2.928,11323,135.74,61.92,1350,1467,1724,4781,ON
719,2026-05-21 15:46:31.472,37.0,13.18,2.934,11346,135.65,62.01,1351,1468,1725,4826,ON
720,2026-05-21 15:46:31.972,37.0,13.17,2.922,11369,135.57,62.10,1352,1468,1725,4889,ON
721,2026-05-21 15:46:32.472,37.1,13.19,2.934,11396,135.48,62.18,1349,1465,1721,4822,ON
722,2026-05-21 15:46:32.972,37.1,13.19,2.937,11419,135.39,62.27,1349,1467,1721,4811,ON
723,2026-05-21 15:46:33.472,37.1,13.17,2.942,11441,135.31,62.35,1348,1466,1721,4854,ON
724,2026-05-21 15:46:33.972,37.1,13.16,2.934,11464,135.22,62.45,1347,1465,1721,4820,ON
725,2026-05-21 15:46:34.472,37.1,13.16,2.929,11488,135.14,62.53,1350,1469,1725,4847,ON
726,2026-05-21 15:46:34.972,37.1,13.16,2.938,11509,135.05,62.61,1353,1472,1728,4889,ON
727,2026-05-21 15:46:35.472,37.1,13.17,2.929,11528,134.96,62.70,1352,1472,1727,4847,ON
728,2026-05-21 15:46:35.972,37.1,13.18,2.931,11546,134.87,62.79,1355,1474,1729,4809,ON
729,2026-05-21 15:46:36.472,37.1,13.18,2.942,11568,134.79,62.88,1361,1481,1735,4876,ON
730,2026-05-21 15:46:36.972,37.1,13.18,2.931,11590,134.70,62.96,1360,1479,1733,4831,ON
731,2026-05-21 15:46:37.472,37.1,13.18,2.940,11618,134.62,63.05,1357,1476,1729,4798,ON
732,2026-05-21 15:46:37.972,37.1,13.18,2.923,11647,134.53,63.13,1361,1481,1735,4878,ON
733,2026-05-21 15:46:38.472,37.1,13.18,2.938,11672,134.44,63.22,1363,1483,1738,4909,ON
734,2026-05-21 15:46:38.972,37.1,13.17,2.934,11696,134.36,63.31,1362,1482,1736,4847,ON
735,2026-05-21 15:46:39.472,37.1,13.18,2.933,11724,134.27,63.40,1363,1484,1737,4885,ON
736,2026-05-21 15:46:39.972,37.1,13.17,2.937,11757,134.18,63.48,1364,1487,1740,4921,ON
737,2026-05-21 15:46:40.472,37.1,13.16,2.936,11786,134.09,63.57,1361,1481,1734,4802,ON
738,2026-05-21 15:46:40.972,37.1,13.16,2.924,11811,134.01,63.65,1358,1478,1731,4838,ON
739,2026-05-21 15:46:41.472,37.1,13.17,2.929,11836,133.93,63.74,1357,1479,1731,4858,ON
740,2026-05-21 15:46:41.972,37.1,13.18,2.928,11861,133.84,63.83,1359,1481,1732,4809,ON
741,2026-05-21 15:46:42.472,37.1,13.19,2.928,11887,133.75,63.92,1357,1479,1728,4812,ON
742,2026-05-21 15:46:42.972,37.1,13.19,2.930,11913,133.67,64.00,1366,1483,1730,4905,ON
743,2026-05-21 15:46:43.472,37.1,13.17,2.936,11932,133.57,64.09,1366,1482,1732,4844,ON
744,2026-05-21 15:46:43.972,37.1,13.17,2.933,11949,133.49,64.18,1362,1482,1730,4841,ON
745,2026-05-21 15:46:44.472,37.1,13.17,2.923,11971,133.40,64.27,1365,1484,1730,4933,ON
746,2026-05-21 15:46:44.972,37.1,13.18,2.920,12000,133.31,64.36,1366,1484,1731,4876,ON
747,2026-05-21 15:46:45.472,37.1,13.19,2.922,12024,133.23,64.44,1362,1483,1729,4860,ON
748,2026-05-21 15:46:45.972,37.1,13.20,2.930,12048,133.14,64.53,1361,1484,1730,4838,ON
749,2026-05-21 15:46:46.472,37.1,13.20,2.930,12069,133.05,64.61,1357,1481,1727,4889,ON
750,2026-05-21 15:46:46.972,37.1,13.20,2.930,12093,132.97,64.70,1355,1480,1726,4850,ON
751,2026-05-21 15:46:47.472,37.1,13.20,2.923,12123,132.88,64.78,1356,1481,1728,4874,ON
752,2026-05-21 15:46:47.972,37.1,13.20,2.925,12152,132.80,64.87,1351,1488,1734,4911,ON
753,2026-05-21 15:46:48.472,37.1,13.19,2.932,12177,132.70,64.96,1354,1489,1735,4899,ON
754,2026-05-21 15:46:48.972,37.1,13.19,2.930,12199,132.60,65.06,1355,1485,1732,4838,ON
755,2026-05-21 15:46:49.472,37.1,13.19,2.931,12222,132.51,65.16,1356,1483,1730,4852,ON
756,2026-05-21 15:46:49.972,37.1,13.19,2.927,12243,132.43,65.24,1358,1485,1731,4886,ON
757,2026-05-21 15:46:50.472,37.1,13.20,2.928,12265,132.34,65.32,1360,1488,1735,4822,ON
758,2026-05-21 15:46:50.972,37.1,13.20,2.927,12290,132.26,65.41,1357,1485,1730,4817,ON
759,2026-05-21 15:46:51.472,37.1,13.20,2.928,12321,132.18,65.49,1356,1483,1727,4896,ON
760,2026-05-21 15:46:51.972,37.1,13.20,2.929,12352,132.08,65.58,1358,1485,1729,4872,ON
761,2026-05-21 15:46:52.472,37.1,13.20,2.935,12375,132.00,65.66,1360,1488,1732,4855,ON
762,2026-05-21 15:46:52.972,37.2,13.18,2.938,12397,131.91,65.75,1358,1486,1730,4923,ON
763,2026-05-21 15:46:53.472,37.1,13.17,2.921,12424,131.83,65.84,1361,1489,1732,4890,ON
764,2026-05-21 15:46:53.972,37.1,13.18,2.921,12454,131.74,65.93,1362,1490,1733,4823,ON
765,2026-05-21 15:46:54.472,37.1,13.21,2.940,12482,131.64,66.02,1361,1489,1731,4858,ON
766,2026-05-21 15:46:54.972,37.2,13.20,2.931,12507,131.56,66.11,1359,1488,1730,4880,ON
767,2026-05-21 15:46:55.472,37.2,13.20,2.926,12532,131.48,66.19,1362,1491,1733,4813,ON
768,2026-05-21 15:46:55.972,37.1,13.21,2.927,12558,131.39,66.28,1366,1497,1739,4896,ON
769,2026-05-21 15:46:56.472,37.2,13.21,2.925,12580,131.30,66.36,1368,1498,1740,4903,ON
770,2026-05-21 15:46:56.972,37.2,13.21,2.934,12597,131.22,66.45,1365,1496,1737,4840,ON
771,2026-05-21 15:46:57.472,37.2,13.20,2.933,12616,131.13,66.54,1364,1495,1735,4910,ON
772,2026-05-21 15:46:57.972,37.2,13.19,2.938,12640,131.04,66.62,1366,1497,1738,4938,ON
773,2026-05-21 15:46:58.472,37.2,13.18,2.939,12668,130.96,66.71,1360,1491,1731,4853,ON
774,2026-05-21 15:46:58.972,37.2,13.17,2.933,12693,130.87,66.79,1358,1489,1729,4853,ON
775,2026-05-21 15:46:59.472,37.2,13.17,2.929,12717,130.79,66.88,1359,1492,1731,4922,ON
776,2026-05-21 15:46:59.972,37.2,13.17,2.930,12746,130.70,66.97,1360,1492,1731,4856,ON
777,2026-05-21 15:47:00.472,37.2,13.18,2.929,12777,130.61,67.06,1361,1495,1734,4895,ON
778,2026-05-21 15:47:00.972,37.2,13.19,2.922,12802,130.52,67.15,1364,1498,1737,4912,ON
779,2026-05-21 15:47:01.472,37.2,13.20,2.932,12828,130.44,67.23,1361,1493,1732,4871,ON
780,2026-05-21 15:47:01.972,37.2,13.19,2.923,12851,130.36,67.31,1361,1493,1731,4837,ON
781,2026-05-21 15:47:02.472,37.2,13.18,2.937,12874,130.26,67.41,1363,1496,1734,4910,ON
782,2026-05-21 15:47:02.972,37.2,13.17,2.928,12896,130.18,67.49,1366,1500,1737,4926,ON
783,2026-05-21 15:47:03.472,37.2,13.17,2.913,12917,130.09,67.58,1369,1504,1740,4847,ON
784,2026-05-21 15:47:03.972,37.2,13.17,2.932,12939,130.01,67.66,1369,1505,1741,4880,ON
785,2026-05-21 15:47:04.472,37.2,13.17,2.940,12960,129.92,67.75,1369,1505,1739,4940,ON
786,2026-05-21 15:47:04.972,37.2,13.16,2.935,12981,129.83,67.83,1367,1500,1743,4857,ON
787,2026-05-21 15:47:05.472,37.2,13.17,2.931,13004,129.74,67.92,1365,1499,1741,4892,ON
788,2026-05-21 15:47:05.972,37.2,13.18,2.919,13028,129.66,68.01,1364,1502,1741,4950,ON
789,2026-05-21 15:47:06.472,37.2,13.20,2.925,13053,129.58,68.09,1365,1502,1744,4892,ON
790,2026-05-21 15:47:06.972,37.2,13.21,2.921,13076,129.48,68.18,1364,1501,1739,4863,ON
791,2026-05-21 15:47:07.472,37.2,13.21,2.931,13101,129.40,68.27,1368,1499,1734,4949,ON
792,2026-05-21 15:47:07.972,37.2,13.20,2.930,13124,129.31,68.36,1375,1504,1738,4891,ON
793,2026-05-21 15:47:08.472,37.2,13.20,2.922,13149,129.22,68.44,1371,1507,1740,4910,ON
794,2026-05-21 15:47:08.972,37.2,13.21,2.921,13170,129.14,68.53,1371,1507,1740,4858,ON
795,2026-05-21 15:47:09.472,37.2,13.22,2.919,13198,129.05,68.61,1373,1510,1743,4938,ON
796,2026-05-21 15:47:09.972,37.2,13.22,2.928,13229,128.95,68.71,1375,1513,1744,4931,ON
797,2026-05-21 15:47:10.472,37.2,13.21,2.936,13258,128.86,68.80,1377,1514,1746,4885,ON
798,2026-05-21 15:47:10.972,37.2,13.21,2.926,13280,128.78,68.89,1378,1516,1748,4933,ON
799,2026-05-21 15:47:11.472,37.2,13.21,2.928,13303,128.68,68.98,1377,1516,1748,4985,ON
800,2026-05-21 15:47:11.972,37.2,13.21,2.928,13331,128.60,69.06,1376,1515,1745,4888,ON
801,2026-05-21 15:47:12.472,37.2,13.22,2.923,13355,128.51,69.15,1375,1514,1744,4920,ON
802,2026-05-21 15:47:12.972,37.2,13.22,2.924,13377,128.43,69.23,1374,1514,1742,4964,ON
803,2026-05-21 15:47:13.472,37.2,13.22,2.926,13403,128.34,69.33,1371,1512,1741,4893,ON
804,2026-05-21 15:47:13.972,37.2,13.22,2.940,13432,128.25,69.42,1369,1510,1739,4871,ON
805,2026-05-21 15:47:14.472,37.2,13.21,2.933,13460,128.16,69.50,1369,1509,1737,4996,ON
806,2026-05-21 15:47:14.972,37.2,13.21,2.929,13482,128.08,69.58,1372,1514,1742,4949,ON
807,2026-05-21 15:47:15.472,37.2,13.21,2.935,13505,127.99,69.67,1376,1518,1747,4869,ON
808,2026-05-21 15:47:15.972,37.2,13.20,2.919,13532,127.90,69.76,1378,1521,1748,4977,ON
809,2026-05-21 15:47:16.472,37.2,13.21,2.923,13557,127.82,69.85,1378,1521,1748,4936,ON
810,2026-05-21 15:47:16.972,37.2,13.22,2.931,13581,127.73,69.94,1376,1518,1744,4860,ON
811,2026-05-21 15:47:17.472,37.2,13.23,2.919,13599,127.64,70.02,1378,1521,1747,4965,ON
812,2026-05-21 15:47:17.972,37.2,13.24,2.929,13617,127.56,70.11,1381,1525,1751,4998,ON
813,2026-05-21 15:47:18.472,37.2,13.23,2.920,13641,127.47,70.19,1377,1521,1747,4895,ON
814,2026-05-21 15:47:18.972,37.2,13.24,2.925,13669,127.38,70.29,1373,1517,1743,4903,ON
815,2026-05-21 15:47:19.472,37.2,13.23,2.924,13695,127.30,70.37,1371,1516,1741,4970,ON
816,2026-05-21 15:47:19.972,37.2,13.22,2.927,13721,127.21,70.45,1372,1516,1741,4927,ON
817,2026-05-21 15:47:20.472,37.2,13.22,2.932,13751,127.12,70.55,1373,1518,1742,4914,ON
818,2026-05-21 15:47:20.972,37.2,13.20,2.917,13772,127.04,70.63,1377,1523,1747,4968,ON
819,2026-05-21 15:47:21.472,37.2,13.21,2.923,13797,126.95,70.71,1379,1526,1749,4953,ON
820,2026-05-21 15:47:21.972,37.3,13.21,2.935,13820,126.86,70.81,1379,1525,1748,4885,ON
821,2026-05-21 15:47:22.472,37.3,13.19,2.924,13848,126.77,70.90,1379,1526,1748,4949,ON
822,2026-05-21 15:47:22.972,37.3,13.19,2.940,13871,126.69,70.97,1379,1526,1748,4972,ON
823,2026-05-21 15:47:23.472,37.3,13.20,2.928,13896,126.60,71.06,1372,1519,1740,4907,ON
824,2026-05-21 15:47:23.972,37.3,13.20,2.924,13920,126.52,71.15,1371,1519,1740,4916,ON
825,2026-05-21 15:47:24.472,37.3,13.21,2.931,13944,126.43,71.23,1375,1523,1744,4985,ON
826,2026-05-21 15:47:24.972,37.3,13.20,2.925,13969,126.34,71.32,1378,1527,1747,4948,ON
827,2026-05-21 15:47:25.472,37.3,13.20,2.933,13996,126.26,71.41,1379,1529,1748,4975,ON
828,2026-05-21 15:47:25.972,37.3,13.20,2.927,14021,126.17,71.50,1382,1533,1752,4923,ON
829,2026-05-21 15:47:26.472,37.3,13.21,2.931,14045,126.08,71.58,1385,1536,1755,4985,ON
830,2026-05-21 15:47:26.972,37.3,13.22,2.926,14071,126.00,71.66,1386,1537,1756,4971,ON
831,2026-05-21 15:47:27.472,37.3,13.22,2.920,14100,125.91,71.75,1383,1533,1751,4905,ON
832,2026-05-21 15:47:27.972,37.3,13.23,2.923,14125,125.82,71.84,1383,1534,1751,4972,ON
833,2026-05-21 15:47:28.472,37.3,13.23,2.925,14149,125.74,71.93,1383,1535,1752,5020,ON
834,2026-05-21 15:47:28.972,37.3,13.22,2.936,14177,125.63,72.03,1384,1536,1754,4923,ON
835,2026-05-21 15:47:29.472,37.3,13.21,2.931,14202,125.55,72.12,1381,1533,1750,4934,ON
836,2026-05-21 15:47:29.972,37.3,13.20,2.924,14223,125.46,72.20,1377,1530,1745,4985,ON
837,2026-05-21 15:47:30.472,37.3,13.21,2.925,14240,125.37,72.29,1378,1531,1746,4949,ON
838,2026-05-21 15:47:30.972,37.3,13.22,2.919,14259,125.29,72.37,1377,1530,1746,4941,ON
839,2026-05-21 15:47:31.472,37.3,13.22,2.926,14275,125.20,72.47,1376,1529,1744,4994,ON
840,2026-05-21 15:47:31.972,37.3,13.21,2.927,14297,125.11,72.56,1377,1530,1746,4939,ON
841,2026-05-21 15:47:32.472,37.3,13.21,2.929,14328,125.03,72.63,1376,1530,1745,4916,ON
842,2026-05-21 15:47:32.972,37.3,13.20,2.917,14358,124.94,72.73,1382,1537,1753,5017,ON
843,2026-05-21 15:47:33.472,37.3,13.21,2.919,14383,124.85,72.81,1384,1539,1754,4972,ON
844,2026-05-21 15:47:33.972,37.3,13.23,2.934,14406,124.76,72.90,1383,1538,1751,4913,ON
845,2026-05-21 15:47:34.472,37.3,13.21,2.920,14425,124.68,72.99,1381,1536,1748,4940,ON
846,2026-05-21 15:47:34.972,37.3,13.23,2.921,14448,124.59,73.07,1378,1533,1744,4994,ON
847,2026-05-21 15:47:35.472,37.3,13.24,2.914,14472,124.51,73.16,1375,1530,1740,4940,ON
848,2026-05-21 15:47:35.972,37.3,13.24,2.921,14494,124.43,73.24,1375,1530,1740,4898,ON
849,2026-05-21 15:47:36.472,37.3,13.23,2.927,14519,124.34,73.33,1376,1531,1741,5004,ON
850,2026-05-21 15:47:36.972,37.3,13.22,2.927,14548,124.25,73.42,1380,1537,1747,4998,ON
851,2026-05-21 15:47:37.472,37.3,13.21,2.927,14582,124.16,73.51,1385,1543,1753,4930,ON
852,2026-05-21 15:47:37.972,37.3,13.22,2.933,14615,124.07,73.60,1387,1546,1755,4992,ON
853,2026-05-21 15:47:38.472,37.3,13.23,2.922,14645,123.98,73.68,1389,1547,1756,5024,ON
854,2026-05-21 15:47:38.972,37.3,13.23,2.922,14677,123.90,73.77,1382,1541,1750,4953,ON
855,2026-05-21 15:47:39.472,37.3,13.23,2.920,14703,123.81,73.86,1380,1539,1747,4923,ON
856,2026-05-21 15:47:39.972,37.3,13.24,2.909,14730,123.72,73.94,1379,1538,1744,4994,ON
857,2026-05-21 15:47:40.472,37.3,13.23,2.932,14756,123.64,74.03,1382,1541,1747,5013,ON
858,2026-05-21 15:47:40.972,37.3,13.21,2.922,14781,123.55,74.12,1387,1548,1755,4933,ON
859,2026-05-21 15:47:41.472,37.3,13.22,2.931,14810,123.46,74.20,1388,1549,1755,4979,ON
860,2026-05-21 15:47:41.972,37.4,13.22,2.930,14833,123.37,74.29,1386,1547,1753,4991,ON
861,2026-05-21 15:47:42.472,37.4,13.21,2.926,14857,123.29,74.37,1383,1544,1749,4918,ON
862,2026-05-21 15:47:42.972,37.3,13.21,2.923,14883,123.20,74.46,1382,1544,1748,4972,ON
863,2026-05-21 15:47:43.472,37.3,13.21,2.926,14908,123.11,74.55,1381,1544,1749,5018,ON
864,2026-05-21 15:47:43.972,37.3,13.22,2.924,14923,123.03,74.64,1384,1547,1751,4976,ON
865,2026-05-21 15:47:44.472,37.3,13.23,2.915,14940,122.94,74.72,1383,1547,1751,4928,ON
866,2026-05-21 15:47:44.972,37.3,13.24,2.931,14955,122.86,74.81,1384,1547,1752,4990,ON
867,2026-05-21 15:47:45.472,37.4,13.23,2.920,14974,122.77,74.90,1386,1550,1753,5001,ON
868,2026-05-21 15:47:45.972,37.4,13.23,2.927,14994,122.68,74.98,1385,1553,1755,5012,ON
869,2026-05-21 15:47:46.472,37.4,13.22,2.919,15019,122.59,75.07,1386,1552,1754,4936,ON
870,2026-05-21 15:47:46.972,37.4,13.23,2.916,15041,122.52,75.15,1386,1552,1753,4992,ON
871,2026-05-21 15:47:47.472,37.4,13.23,2.924,15067,122.42,75.25,1387,1552,1753,5021,ON
872,2026-05-21 15:47:47.972,37.4,13.25,2.914,15089,122.33,75.33,1383,1547,1748,4955,ON
873,2026-05-21 15:47:48.472,37.4,13.26,2.918,15115,122.25,75.41,1380,1544,1743,4938,ON
874,2026-05-21 15:47:48.972,37.4,13.25,2.922,15142,122.15,75.52,1387,1552,1752,5025,ON
875,2026-05-21 15:47:49.472,37.4,13.25,2.927,15169,122.06,75.60,1391,1557,1757,5052,ON
876,2026-05-21 15:47:49.972,37.4,13.25,2.919,15196,121.98,75.68,1390,1557,1756,4942,ON
877,2026-05-21 15:47:50.472,37.4,13.26,2.920,15220,121.89,75.77,1388,1555,1753,4982,ON
878,2026-05-21 15:47:50.972,37.4,13.26,2.919,15238,121.80,75.86,1386,1553,1750,5036,ON
879,2026-05-21 15:47:51.472,37.4,13.25,2.926,15254,121.71,75.95,1388,1555,1753,5028,ON
880,2026-05-21 15:47:51.972,37.4,13.24,2.923,15274,121.63,76.03,1391,1560,1758,4958,ON
881,2026-05-21 15:47:52.472,37.4,13.25,2.922,15304,121.54,76.12,1391,1560,1757,5013,ON
882,2026-05-21 15:47:52.972,37.4,13.24,2.924,15331,121.46,76.21,1391,1560,1757,5016,ON
883,2026-05-21 15:47:53.472,37.4,13.24,2.923,15356,121.37,76.29,1391,1561,1758,4982,ON
884,2026-05-21 15:47:53.972,37.4,13.24,2.922,15383,121.28,76.38,1391,1561,1757,5003,ON
885,2026-05-21 15:47:54.472,37.4,13.24,2.918,15412,121.20,76.47,1390,1560,1754,5042,ON
886,2026-05-21 15:47:54.972,37.4,13.24,2.926,15444,121.11,76.56,1385,1555,1749,4969,ON
887,2026-05-21 15:47:55.472,37.4,13.24,2.918,15468,121.02,76.64,1384,1554,1748,4988,ON
888,2026-05-21 15:47:55.972,37.4,13.25,2.914,15489,120.93,76.73,1391,1562,1758,5066,ON
889,2026-05-21 15:47:56.472,37.4,13.26,2.917,15508,120.85,76.82,1394,1566,1761,5031,ON
890,2026-05-21 15:47:56.972,37.4,13.26,2.920,15530,120.76,76.90,1394,1568,1761,4965,ON
891,2026-05-21 15:47:57.472,37.4,13.26,2.917,15545,120.68,76.99,1394,1567,1760,5033,ON
892,2026-05-21 15:47:57.972,37.4,13.26,2.915,15560,120.59,77.07,1394,1568,1760,5052,ON
893,2026-05-21 15:47:58.472,37.4,13.26,2.919,15579,120.50,77.17,1395,1570,1763,4984,ON
894,2026-05-21 15:47:58.972,37.4,13.26,2.917,15606,120.41,77.25,1395,1571,1762,5026,ON
895,2026-05-21 15:47:59.472,37.4,13.26,2.922,15633,120.33,77.34,1394,1570,1761,5050,ON
896,2026-05-21 15:47:59.972,37.4,13.26,2.912,15656,120.24,77.43,1393,1569,1760,4972,ON
897,2026-05-21 15:48:00.472,37.4,13.27,2.920,15685,120.15,77.52,1391,1567,1757,4999,ON
898,2026-05-21 15:48:00.972,37.4,13.27,2.919,15714,120.07,77.59,1389,1564,1752,5035,ON
899,2026-05-21 15:48:01.472,37.4,13.27,2.916,15741,119.98,77.69,1386,1562,1750,5012,ON
900,2026-05-21 15:48:01.972,37.4,13.26,2.926,15762,119.89,77.77,1387,1564,1752,4996,ON
901,2026-05-21 15:48:02.472,37.4,13.25,2.922,15786,119.80,77.86,1388,1566,1753,5056,ON
902,2026-05-21 15:48:02.972,37.4,13.25,2.920,15805,119.71,77.95,1391,1568,1756,5037,ON
903,2026-05-21 15:48:03.472,37.4,13.25,2.914,15821,119.63,78.04,1393,1571,1758,4980,ON
904,2026-05-21 15:48:03.972,37.4,13.25,2.924,15847,119.55,78.12,1395,1574,1761,5045,ON
905,2026-05-21 15:48:04.472,37.4,13.24,2.926,15883,119.45,78.21,1395,1575,1763,5076,ON
906,2026-05-21 15:48:04.972,37.4,13.23,2.932,15920,119.37,78.29,1398,1580,1767,4976,ON
907,2026-05-21 15:48:05.472,37.4,13.23,2.913,15953,119.28,78.38,1394,1575,1760,4999,ON
908,2026-05-21 15:48:05.972,37.4,13.24,2.919,15978,119.20,78.47,1389,1577,1756,5047,ON
909,2026-05-21 15:48:06.472,37.4,13.25,2.920,16004,119.11,78.55,1385,1572,1751,4973,ON
910,2026-05-21 15:48:06.972,37.4,13.25,2.921,16027,119.03,78.63,1384,1566,1746,5003,ON
911,2026-05-21 15:48:07.472,37.4,13.25,2.908,16046,118.94,78.73,1390,1571,1746,5062,ON
912,2026-05-21 15:48:07.972,37.4,13.27,2.908,16066,118.85,78.81,1391,1573,1749,5019,ON
913,2026-05-21 15:48:08.472,37.4,13.28,2.930,16091,118.76,78.90,1389,1572,1751,4983,ON
914,2026-05-21 15:48:08.972,37.4,13.25,2.930,16119,118.68,78.99,1392,1576,1752,5058,ON
915,2026-05-21 15:48:09.472,37.4,13.26,2.909,16148,118.59,79.07,1394,1578,1757,5062,ON
916,2026-05-21 15:48:09.972,37.4,13.27,2.918,16175,118.51,79.16,1395,1579,1759,5049,ON
917,2026-05-21 15:48:10.472,37.4,13.27,2.917,16199,118.41,79.25,1396,1580,1760,4976,ON
918,2026-05-21 15:48:10.972,37.4,13.27,2.913,16217,118.33,79.34,1397,1582,1761,5050,ON
919,2026-05-21 15:48:11.472,37.4,13.27,2.910,16230,118.23,79.43,1397,1582,1761,5072,ON
920,2026-05-21 15:48:11.972,37.4,13.26,2.926,16247,118.14,79.52,1395,1582,1759,4973,ON
921,2026-05-21 15:48:12.472,37.4,13.25,2.917,16269,118.05,79.61,1393,1580,1757,5025,ON
922,2026-05-21 15:48:12.972,37.4,13.25,2.913,16299,117.97,79.70,1392,1578,1754,5102,ON
923,2026-05-21 15:48:13.472,37.4,13.25,2.928,16335,117.89,79.78,1391,1578,1754,5002,ON
924,2026-05-21 15:48:13.972,37.4,13.26,2.900,16370,117.80,79.87,1391,1578,1754,5026,ON
925,2026-05-21 15:48:14.472,37.4,13.27,2.915,16400,117.71,79.95,1392,1579,1755,5098,ON
926,2026-05-21 15:48:14.972,37.4,13.27,2.917,16420,117.63,80.04,1393,1581,1758,5044,ON
927,2026-05-21 15:48:15.472,37.4,13.28,2.920,16435,117.53,80.13,1393,1583,1758,5002,ON
928,2026-05-21 15:48:15.972,37.4,13.27,2.927,16450,117.45,80.22,1395,1585,1760,5088,ON
929,2026-05-21 15:48:16.472,37.4,13.25,2.924,16466,117.37,80.30,1394,1584,1758,5031,ON
930,2026-05-21 15:48:16.972,37.4,13.24,2.926,16487,117.28,80.39,1392,1582,1755,5015,ON
931,2026-05-21 15:48:17.472,37.4,13.25,2.904,16512,117.19,80.48,1396,1587,1760,5095,ON
932,2026-05-21 15:48:17.972,37.4,13.26,2.920,16535,117.10,80.57,1399,1591,1764,5082,ON
933,2026-05-21 15:48:18.472,37.4,13.27,2.913,16559,117.02,80.65,1401,1593,1766,4996,ON
934,2026-05-21 15:48:18.972,37.5,13.27,2.921,16584,116.93,80.74,1404,1597,1769,5110,ON
935,2026-05-21 15:48:19.472,37.5,13.26,2.912,16613,116.84,80.82,1406,1600,1773,5101,ON
936,2026-05-21 15:48:19.972,37.5,13.27,2.913,16644,116.76,80.91,1403,1598,1770,5007,ON
937,2026-05-21 15:48:20.472,37.5,13.27,2.916,16665,116.67,80.99,1402,1597,1768,5076,ON
938,2026-05-21 15:48:20.972,37.5,13.26,2.917,16687,116.58,81.08,1401,1597,1768,5133,ON
939,2026-05-21 15:48:21.472,37.5,13.25,2.922,16714,116.49,81.17,1400,1596,1767,5080,ON
940,2026-05-21 15:48:21.972,37.5,13.25,2.920,16746,116.41,81.26,1401,1597,1769,5036,ON
941,2026-05-21 15:48:22.472,37.5,13.25,2.914,16779,116.32,81.35,1403,1601,1772,5095,ON
942,2026-05-21 15:48:22.972,37.5,13.26,2.916,16805,116.23,81.43,1404,1603,1772,5110,ON
943,2026-05-21 15:48:23.472,37.5,13.26,2.920,16829,116.15,81.52,1405,1605,1774,5015,ON
944,2026-05-21 15:48:23.972,37.5,13.25,2.923,16849,116.06,81.61,1404,1603,1772,5074,ON
945,2026-05-21 15:48:24.472,37.5,13.25,2.917,16870,115.97,81.69,1401,1601,1769,5137,ON
946,2026-05-21 15:48:24.972,37.5,13.25,2.918,16896,115.89,81.78,1400,1599,1767,5065,ON
947,2026-05-21 15:48:25.472,37.5,13.25,2.918,16917,115.80,81.86,1399,1597,1766,5029,ON
948,2026-05-21 15:48:25.972,37.5,13.25,2.915,16935,115.72,81.95,1401,1600,1766,5112,ON
949,2026-05-21 15:48:26.472,37.5,13.26,2.916,16955,115.63,82.04,1403,1603,1768,5103,ON
950,2026-05-21 15:48:26.972,37.5,13.27,2.924,16978,115.54,82.13,1405,1606,1771,5045,ON
951,2026-05-21 15:48:27.472,37.5,13.26,2.908,17003,115.45,82.21,1407,1610,1774,5106,ON
952,2026-05-21 15:48:27.972,37.5,13.29,2.907,17030,115.37,82.30,1406,1610,1775,5137,ON
953,2026-05-21 15:48:28.472,37.5,13.29,2.926,17062,115.28,82.39,1403,1606,1771,5058,ON
954,2026-05-21 15:48:28.972,37.5,13.28,2.912,17087,115.19,82.48,1403,1607,1771,5108,ON
955,2026-05-21 15:48:29.472,37.5,13.29,2.913,17102,115.10,82.57,1404,1610,1773,5124,ON
956,2026-05-21 15:48:29.972,37.5,13.28,2.924,17115,115.02,82.64,1400,1605,1767,5052,ON
957,2026-05-21 15:48:30.472,37.5,13.27,2.916,17128,114.93,82.74,1397,1602,1764,5067,ON
958,2026-05-21 15:48:30.972,37.5,13.27,2.917,17147,114.84,82.82,1396,1600,1762,5144,ON
959,2026-05-21 15:48:31.472,37.5,13.25,2.923,17167,114.75,82.91,1399,1605,1770,5113,ON
960,2026-05-21 15:48:31.972,37.5,13.25,2.921,17188,114.67,83.00,1396,1605,1767,5031,ON
961,2026-05-21 15:48:32.472,37.5,13.25,2.922,17212,114.57,83.10,1394,1606,1767,5106,ON
962,2026-05-21 15:48:32.972,37.5,13.24,2.927,17238,114.48,83.19,1396,1607,1766,5085,ON
963,2026-05-21 15:48:33.472,37.5,13.23,2.925,17270,114.39,83.27,1399,1608,1766,5033,ON
964,2026-05-21 15:48:33.972,37.5,13.25,2.913,17296,114.31,83.36,1402,1611,1768,5101,ON
965,2026-05-21 15:48:34.472,37.5,13.26,2.924,17323,114.22,83.45,1402,1612,1769,5121,ON
966,2026-05-21 15:48:34.972,37.5,13.25,2.924,17347,114.13,83.53,1405,1611,1768,5048,ON
967,2026-05-21 15:48:35.472,37.5,13.25,2.924,17377,114.04,83.62,1405,1616,1772,5093,ON
968,2026-05-21 15:48:35.972,37.5,13.26,2.921,17406,113.96,83.71,1406,1617,1773,5129,ON
969,2026-05-21 15:48:36.472,37.5,13.26,2.924,17432,113.88,83.79,1405,1617,1773,5120,ON
970,2026-05-21 15:48:36.972,37.5,13.26,2.908,17457,113.79,83.88,1404,1616,1771,5062,ON
971,2026-05-21 15:48:37.472,37.5,13.27,2.910,17478,113.70,83.96,1403,1615,1769,5092,ON
972,2026-05-21 15:48:37.972,37.5,13.28,2.904,17505,113.62,84.05,1401,1613,1767,5138,ON
973,2026-05-21 15:48:38.472,37.5,13.27,2.924,17532,113.53,84.14,1400,1614,1767,5062,ON
974,2026-05-21 15:48:38.972,37.5,13.27,2.918,17560,113.44,84.22,1397,1611,1764,5064,ON
975,2026-05-21 15:48:39.472,37.5,13.27,2.921,17581,113.36,84.31,1398,1611,1762,5148,ON
976,2026-05-21 15:48:39.972,37.5,13.27,2.918,17599,113.27,84.39,1396,1608,1759,5062,ON
977,2026-05-21 15:48:40.472,37.5,13.26,2.927,17621,113.19,84.48,1395,1607,1757,5073,ON
978,2026-05-21 15:48:40.972,37.6,13.25,2.908,17638,113.10,84.56,1395,1608,1758,5146,ON
979,2026-05-21 15:48:41.472,37.6,13.27,2.915,17651,113.01,84.66,1398,1612,1762,5114,ON
980,2026-05-21 15:48:41.972,37.6,13.27,2.919,17659,112.92,84.74,1402,1617,1766,5075,ON
981,2026-05-21 15:48:42.472,37.6,13.27,2.918,17673,112.84,84.83,1405,1620,1769,5157,ON
982,2026-05-21 15:48:42.972,37.6,13.27,2.923,17684,112.75,84.92,1409,1626,1774,5162,ON
983,2026-05-21 15:48:43.472,37.6,13.27,2.919,17699,112.66,85.00,1411,1630,1777,5085,ON
984,2026-05-21 15:48:43.972,37.6,13.27,2.914,17726,112.58,85.08,1412,1632,1779,5148,ON
985,2026-05-21 15:48:44.472,37.6,13.28,2.917,17758,112.49,85.17,1413,1633,1779,5155,ON
986,2026-05-21 15:48:44.972,37.6,13.28,2.907,17791,112.41,85.26,1411,1632,1777,5099,ON
987,2026-05-21 15:48:45.472,37.6,13.29,2.899,17823,112.32,85.35,1409,1630,1775,5121,ON
988,2026-05-21 15:48:45.972,37.6,13.30,2.916,17851,112.23,85.43,1408,1629,1776,5189,ON
989,2026-05-21 15:48:46.472,37.6,13.29,2.918,17880,112.14,85.52,1409,1630,1776,5138,ON
