SampleIndex,Timestamp,Temp,pH,Volt,EC,Weight,Weightloss,R,G,B,C,RelayStatus
0,2026-05-24 22:24:10.685,31.1,0.40,4.768,47223,193.42,0.12,1528,2442,1885,6418,ON
1,2026-05-24 22:24:11.185,31.1,0.43,4.770,47223,193.34,0.20,1535,2451,1893,6290,ON
2,2026-05-24 22:24:11.685,31.1,0.45,4.771,47223,193.25,0.29,1526,2435,1880,6368,ON
3,2026-05-24 22:24:12.185,31.1,0.47,4.767,47223,193.16,0.38,1530,2442,1886,6401,ON
4,2026-05-24 22:24:12.685,31.1,0.48,4.771,47223,193.08,0.46,1535,2451,1892,6409,ON
5,2026-05-24 22:24:13.185,31.1,0.49,4.770,47223,192.98,0.56,1541,2459,1898,6369,ON
6,2026-05-24 22:24:13.685,31.1,0.49,4.773,47223,192.91,0.63,1538,2455,1895,6215,ON
7,2026-05-24 22:24:14.185,31.1,0.49,4.770,47223,192.82,0.72,1540,2454,1895,6389,ON
8,2026-05-24 22:24:14.685,31.1,0.49,4.771,47223,192.73,0.81,1540,2452,1894,6492,ON
9,2026-05-24 22:24:15.185,31.1,0.50,4.775,47223,192.65,0.89,1546,2462,1901,6542,ON
10,2026-05-24 22:24:15.685,31.2,0.49,4.774,47223,192.55,0.99,1540,2456,1898,6391,ON
11,2026-05-24 22:24:16.185,31.2,0.48,4.772,47223,192.46,1.08,1532,2448,1890,6340,ON
12,2026-05-24 22:24:16.685,31.2,0.47,4.767,47223,192.37,1.17,1528,2443,1886,6355,ON
13,2026-05-24 22:24:17.185,31.2,0.47,4.774,47223,192.29,1.25,1535,2452,1893,6372,ON
14,2026-05-24 22:24:17.685,31.2,0.46,4.773,47223,192.20,1.34,1539,2458,1897,6395,ON
15,2026-05-24 22:24:18.185,31.2,0.46,4.771,47223,192.11,1.43,1539,2455,1896,6326,ON
16,2026-05-24 22:24:18.685,31.2,0.46,4.773,47223,192.03,1.51,1532,2445,1887,6378,ON
17,2026-05-24 22:24:19.185,31.2,0.46,4.774,47223,191.94,1.60,1535,2448,1889,6423,ON
18,2026-05-24 22:24:19.685,31.2,0.46,4.775,47223,191.86,1.68,1545,2461,1899,6467,ON
19,2026-05-24 22:24:20.185,31.2,0.46,4.774,47223,191.78,1.76,1551,2470,1907,6467,ON
20,2026-05-24 22:24:20.685,31.2,0.47,4.773,47223,191.69,1.85,1549,2468,1906,6447,ON
21,2026-05-24 22:24:21.185,31.2,0.48,4.777,47223,191.60,1.94,1550,2472,1909,6403,ON
22,2026-05-24 22:24:21.685,31.2,0.48,4.774,47223,191.51,2.03,1547,2465,1903,6445,ON
23,2026-05-24 22:24:22.185,31.2,0.48,4.774,47223,191.43,2.11,1548,2467,1906,6314,ON
24,2026-05-24 22:24:22.685,31.2,0.48,4.777,47223,191.34,2.20,1544,2460,1900,6354,ON
25,2026-05-24 22:24:23.185,31.3,0.48,4.773,47223,191.26,2.28,1545,2461,1902,6513,ON
26,2026-05-24 22:24:23.685,31.3,0.48,4.773,47223,191.17,2.37,1550,2464,1903,6448,ON
27,2026-05-24 22:24:24.185,31.3,0.48,4.753,47223,191.09,2.46,1553,2468,1905,6526,ON
28,2026-05-24 22:24:24.685,31.3,0.48,4.771,47223,191.00,2.54,1549,2464,1903,6349,ON
29,2026-05-24 22:24:25.185,31.3,0.48,4.752,47223,190.91,2.63,1545,2460,1900,6403,ON
30,2026-05-24 22:24:25.685,31.3,0.49,4.775,47223,190.83,2.71,1555,2473,1909,6513,ON
31,2026-05-24 22:24:26.185,31.3,0.48,4.770,47223,190.74,2.80,1559,2478,1912,6457,ON
32,2026-05-24 22:24:26.685,31.4,0.48,4.774,47223,190.66,2.88,1557,2477,1912,6444,ON
33,2026-05-24 22:24:27.185,31.4,0.48,4.774,47223,190.57,2.97,1555,2477,1912,6354,ON
34,2026-05-24 22:24:27.685,31.4,0.47,4.772,47223,190.49,3.05,1547,2466,1904,6343,ON
35,2026-05-24 22:24:28.185,31.4,0.47,4.773,47223,190.40,3.14,1548,2467,1906,6510,ON
36,2026-05-24 22:24:28.685,31.4,0.49,4.777,47223,190.32,3.22,1556,2476,1912,6532,ON
37,2026-05-24 22:24:29.185,31.4,0.49,4.776,47223,190.23,3.31,1551,2473,1910,6444,ON
38,2026-05-24 22:24:29.685,31.4,0.48,4.778,47223,190.14,3.40,1551,2474,1911,6434,ON
39,2026-05-24 22:24:30.185,31.4,0.47,4.774,47223,190.05,3.49,1559,2477,1912,6463,ON
40,2026-05-24 22:24:30.685,31.4,0.47,4.774,47223,189.97,3.57,1562,2482,1915,6454,ON
41,2026-05-24 22:24:31.185,31.5,0.46,4.775,47223,189.88,3.66,1564,2482,1916,6586,ON
42,2026-05-24 22:24:31.685,31.5,0.47,4.769,47223,189.79,3.75,1565,2488,1920,6505,ON
43,2026-05-24 22:24:32.185,31.5,0.47,4.764,47223,189.71,3.83,1558,2479,1913,6375,ON
44,2026-05-24 22:24:32.685,31.5,0.47,4.772,47223,189.63,3.91,1557,2475,1910,6473,ON
45,2026-05-24 22:24:33.185,31.5,0.47,4.774,47223,189.53,4.01,1562,2482,1915,6508,ON
46,2026-05-24 22:24:33.685,31.5,0.47,4.772,47223,189.45,4.09,1565,2489,1920,6502,ON
47,2026-05-24 22:24:34.185,31.5,0.47,4.774,47223,189.37,4.17,1565,2491,1922,6579,ON
48,2026-05-24 22:24:34.685,31.5,0.46,4.774,47223,189.28,4.26,1566,2493,1924,6556,ON
49,2026-05-24 22:24:35.185,31.5,0.46,4.775,47223,189.19,4.35,1560,2479,1913,6373,ON
50,2026-05-24 22:24:35.685,31.6,0.46,4.775,47223,189.11,4.43,1554,2468,1906,6406,ON
51,2026-05-24 22:24:36.185,31.6,0.47,4.772,47223,189.03,4.51,1560,2479,1914,6504,ON
52,2026-05-24 22:24:36.685,31.6,0.47,4.775,47223,188.93,4.61,1567,2490,1921,6506,ON
53,2026-05-24 22:24:37.185,31.6,0.47,4.771,47223,188.85,4.69,1567,2491,1921,6483,ON
54,2026-05-24 22:24:37.685,31.6,0.47,4.775,47223,188.76,4.78,1565,2486,1918,6530,ON
55,2026-05-24 22:24:38.185,31.6,0.46,4.775,47223,188.68,4.86,1565,2487,1918,6519,ON
56,2026-05-24 22:24:38.685,31.6,0.46,4.773,47223,188.59,4.95,1569,2494,1921,6475,ON
57,2026-05-24 22:24:39.185,31.6,0.47,4.769,47223,188.51,5.03,1565,2487,1919,6487,ON
58,2026-05-24 22:24:39.685,31.6,0.47,4.769,47223,188.42,5.12,1565,2486,1918,6501,ON
59,2026-05-24 22:24:40.185,31.6,0.48,4.759,47223,188.34,5.20,1568,2488,1920,6511,ON
60,2026-05-24 22:24:40.685,31.7,0.49,4.761,47223,188.25,5.29,1569,2491,1921,6460,ON
61,2026-05-24 22:24:41.185,31.7,0.50,4.768,47223,188.17,5.37,1567,2492,1924,6372,ON
62,2026-05-24 22:24:41.685,31.7,0.49,4.772,47223,188.08,5.46,1572,2497,1926,6491,ON
63,2026-05-24 22:24:42.185,31.7,0.48,4.771,47223,187.99,5.55,1571,2491,1922,6482,ON
64,2026-05-24 22:24:42.685,31.7,0.48,4.776,47223,187.91,5.63,1566,2481,1914,6572,ON
65,2026-05-24 22:24:43.185,31.7,0.48,4.772,47223,187.82,5.72,1571,2493,1922,6589,ON
66,2026-05-24 22:24:43.685,31.7,0.48,4.774,47223,187.74,5.80,1563,2484,1916,6371,ON
67,2026-05-24 22:24:44.185,31.7,0.48,4.771,47223,187.65,5.89,1565,2487,1919,6522,ON
68,2026-05-24 22:24:44.685,31.7,0.48,4.773,47223,187.56,5.98,1575,2501,1928,6562,ON
69,2026-05-24 22:24:45.185,31.7,0.48,4.777,47223,187.48,6.06,1583,2514,1938,6588,ON
70,2026-05-24 22:24:45.685,31.7,0.47,4.774,47223,187.39,6.15,1577,2504,1931,6444,ON
71,2026-05-24 22:24:46.185,31.7,0.47,4.773,47223,187.31,6.23,1569,2489,1920,6461,ON
72,2026-05-24 22:24:46.685,31.7,0.47,4.773,47223,187.20,6.34,1571,2492,1923,6579,ON
73,2026-05-24 22:24:47.185,31.8,0.47,4.771,47223,187.12,6.42,1575,2498,1926,6542,ON
74,2026-05-24 22:24:47.685,31.8,0.47,4.771,47223,187.03,6.51,1574,2498,1926,6572,ON
75,2026-05-24 22:24:48.185,31.8,0.48,4.766,47223,186.95,6.59,1571,2493,1923,6514,ON
76,2026-05-24 22:24:48.685,31.8,0.48,4.769,47223,186.86,6.68,1573,2496,1924,6405,ON
77,2026-05-24 22:24:49.185,31.8,0.48,4.764,47223,186.78,6.76,1571,2492,1922,6483,ON
78,2026-05-24 22:24:49.685,31.8,0.48,4.771,47223,186.69,6.85,1573,2496,1921,6516,ON
79,2026-05-24 22:24:50.185,31.8,0.48,4.774,47223,186.60,6.94,1574,2498,1924,6522,ON
80,2026-05-24 22:24:50.685,31.8,0.48,4.776,47223,186.52,7.02,1574,2498,1925,6503,ON
81,2026-05-24 22:24:51.185,31.9,0.48,4.771,47223,186.43,7.11,1573,2496,1925,6538,ON
82,2026-05-24 22:24:51.685,31.9,0.48,4.775,47223,186.35,7.19,1577,2500,1927,6587,ON
83,2026-05-24 22:24:52.185,31.9,0.47,4.773,47223,186.26,7.28,1581,2508,1934,6603,ON
84,2026-05-24 22:24:52.685,31.9,0.47,4.775,47223,186.17,7.37,1582,2511,1939,6572,ON
85,2026-05-24 22:24:53.185,31.9,0.46,4.774,47223,186.09,7.45,1584,2514,1942,6576,ON
86,2026-05-24 22:24:53.685,31.9,0.46,4.774,47223,186.00,7.54,1581,2508,1935,6471,ON
87,2026-05-24 22:24:54.185,31.9,0.46,4.773,47223,185.92,7.62,1577,2502,1930,6604,ON
88,2026-05-24 22:24:54.685,31.9,0.46,4.771,47223,185.82,7.72,1578,2500,1927,6526,ON
89,2026-05-24 22:24:55.185,31.9,0.47,4.772,47223,185.74,7.80,1579,2501,1927,6570,ON
90,2026-05-24 22:24:55.685,31.9,0.47,4.771,47223,185.65,7.89,1583,2507,1932,6618,ON
91,2026-05-24 22:24:56.185,31.9,0.47,4.772,47223,185.57,7.97,1581,2508,1933,6543,ON
92,2026-05-24 22:24:56.685,31.9,0.47,4.773,47223,185.49,8.05,1579,2507,1932,6538,ON
93,2026-05-24 22:24:57.185,31.9,0.47,4.772,47223,185.40,8.14,1580,2506,1932,6412,ON
94,2026-05-24 22:24:57.685,32.0,0.47,4.776,47223,185.31,8.23,1586,2516,1938,6560,ON
95,2026-05-24 22:24:58.185,32.0,0.47,4.775,47223,185.23,8.31,1587,2516,1938,6590,ON
96,2026-05-24 22:24:58.685,32.0,0.47,4.772,47223,185.14,8.40,1586,2514,1938,6628,ON
97,2026-05-24 22:24:59.185,32.0,0.48,4.777,47223,185.06,8.48,1582,2507,1933,6503,ON
98,2026-05-24 22:24:59.685,32.0,0.47,4.776,47223,184.97,8.57,1580,2507,1932,6544,ON
99,2026-05-24 22:25:00.185,32.0,0.47,4.776,47223,184.88,8.66,1584,2514,1937,6477,ON
100,2026-05-24 22:25:00.685,32.0,0.46,4.775,47223,184.80,8.74,1583,2514,1938,6514,ON
101,2026-05-24 22:25:01.185,32.1,0.46,4.773,47223,184.71,8.83,1589,2522,1943,6625,ON
102,2026-05-24 22:25:01.685,32.1,0.46,4.774,47223,184.63,8.91,1594,2529,1949,6687,ON
103,2026-05-24 22:25:02.185,32.1,0.46,4.769,47223,184.54,9.00,1586,2514,1937,6564,ON
104,2026-05-24 22:25:02.685,32.1,0.47,4.770,47223,184.46,9.08,1589,2518,1940,6595,ON
105,2026-05-24 22:25:03.185,32.1,0.47,4.761,47223,184.37,9.17,1588,2519,1941,6558,ON
106,2026-05-24 22:25:03.685,32.1,0.48,4.773,47223,184.28,9.26,1588,2517,1940,6551,ON
107,2026-05-24 22:25:04.185,32.1,0.47,4.774,47223,184.20,9.34,1591,2522,1943,6553,ON
108,2026-05-24 22:25:04.685,32.1,0.47,4.773,47223,184.11,9.43,1591,2524,1946,6568,ON
109,2026-05-24 22:25:05.185,32.1,0.47,4.774,47223,184.02,9.52,1592,2526,1947,6456,ON
110,2026-05-24 22:25:05.685,32.1,0.47,4.774,47223,183.94,9.60,1595,2532,1952,6649,ON
111,2026-05-24 22:25:06.185,32.1,0.47,4.774,47223,183.86,9.68,1600,2535,1953,6615,ON
112,2026-05-24 22:25:06.685,32.2,0.47,4.772,47223,183.77,9.77,1598,2528,1948,6679,ON
113,2026-05-24 22:25:07.185,32.2,0.47,4.775,47223,183.68,9.86,1593,2523,1945,6614,ON
114,2026-05-24 22:25:07.685,32.2,0.47,4.772,47223,183.60,9.94,1596,2529,1950,6555,ON
115,2026-05-24 22:25:08.185,32.2,0.47,4.773,47223,183.51,10.03,1593,2526,1948,6477,ON
116,2026-05-24 22:25:08.685,32.2,0.47,4.775,47223,183.43,10.11,1595,2526,1946,6546,ON
117,2026-05-24 22:25:09.185,32.2,0.47,4.775,47223,183.34,10.20,1601,2538,1956,6641,ON
118,2026-05-24 22:25:09.685,32.2,0.47,4.773,47223,183.25,10.29,1599,2534,1952,6553,ON
119,2026-05-24 22:25:10.185,32.2,0.48,4.764,47223,183.17,10.38,1595,2523,1945,6583,ON
120,2026-05-24 22:25:10.685,32.2,0.49,4.760,47223,183.09,10.45,1592,2519,1941,6612,ON
121,2026-05-24 22:25:11.185,32.2,0.50,4.752,47223,183.00,10.54,1596,2526,1947,6624,ON
122,2026-05-24 22:25:11.685,32.2,0.50,4.773,47223,182.91,10.63,1598,2532,1951,6635,ON
123,2026-05-24 22:25:12.185,32.2,0.49,4.772,47223,182.82,10.72,1594,2524,1945,6555,ON
124,2026-05-24 22:25:12.685,32.3,0.48,4.776,47223,182.74,10.80,1591,2519,1942,6554,ON
125,2026-05-24 22:25:13.185,32.3,0.48,4.772,47223,182.65,10.89,1592,2520,1943,6571,ON
126,2026-05-24 22:25:13.685,32.3,0.47,4.772,47223,182.57,10.97,1596,2528,1948,6570,ON
127,2026-05-24 22:25:14.185,32.3,0.48,4.772,47223,182.47,11.07,1601,2534,1953,6608,ON
128,2026-05-24 22:25:14.685,32.3,0.49,4.772,47223,182.39,11.15,1601,2534,1952,6673,ON
129,2026-05-24 22:25:15.185,32.3,0.50,4.772,47223,182.31,11.23,1604,2537,1954,6669,ON
130,2026-05-24 22:25:15.685,32.3,0.49,4.773,47223,182.21,11.33,1606,2540,1957,6686,ON
131,2026-05-24 22:25:16.185,32.4,0.48,4.774,47223,182.13,11.41,1606,2543,1959,6618,ON
132,2026-05-24 22:25:16.685,32.4,0.47,4.771,47223,182.04,11.50,1605,2541,1957,6549,ON
133,2026-05-24 22:25:17.185,32.4,0.47,4.775,47223,181.95,11.59,1601,2530,1948,6598,ON
134,2026-05-24 22:25:17.685,32.4,0.47,4.765,47223,181.86,11.68,1600,2531,1949,6618,ON
135,2026-05-24 22:25:18.185,32.4,0.48,4.767,47223,181.78,11.76,1600,2533,1951,6566,ON
136,2026-05-24 22:25:18.685,32.4,0.48,4.770,47223,181.69,11.85,1598,2529,1949,6577,ON
137,2026-05-24 22:25:19.185,32.4,0.48,4.763,47223,181.61,11.93,1607,2544,1960,6701,ON
138,2026-05-24 22:25:19.685,32.4,0.48,4.771,47223,181.52,12.02,1616,2555,1968,6770,ON
139,2026-05-24 22:25:20.185,32.4,0.48,4.771,47223,181.44,12.10,1606,2542,1959,6649,ON
140,2026-05-24 22:25:20.685,32.4,0.48,4.774,47223,181.35,12.19,1607,2541,1957,6526,ON
141,2026-05-24 22:25:21.185,32.4,0.47,4.771,47223,181.27,12.27,1604,2536,1954,6596,ON
142,2026-05-24 22:25:21.685,32.4,0.47,4.775,47223,181.18,12.36,1606,2539,1956,6770,ON
143,2026-05-24 22:25:22.185,32.4,0.47,4.774,47223,181.10,12.44,1608,2541,1957,6643,ON
144,2026-05-24 22:25:22.685,32.4,0.47,4.774,47223,181.01,12.53,1604,2536,1952,6650,ON
145,2026-05-24 22:25:23.185,32.4,0.47,4.772,47223,180.93,12.61,1604,2537,1947,6549,ON
146,2026-05-24 22:25:23.685,32.5,0.47,4.772,47223,180.83,12.71,1602,2537,1948,6616,ON
147,2026-05-24 22:25:24.185,32.5,0.47,4.773,47223,180.74,12.80,1603,2537,1952,6629,ON
148,2026-05-24 22:25:24.685,32.5,0.47,4.774,47223,180.66,12.88,1613,2550,1964,6649,ON
149,2026-05-24 22:25:25.185,32.5,0.47,4.771,47223,180.57,12.97,1610,2546,1962,6626,ON
150,2026-05-24 22:25:25.685,32.5,0.47,4.772,47223,180.49,13.05,1607,2543,1960,6629,ON
151,2026-05-24 22:25:26.185,32.5,0.48,4.763,47223,180.40,13.14,1606,2542,1960,6585,ON
152,2026-05-24 22:25:26.685,32.5,0.49,4.763,47223,180.32,13.22,1606,2540,1957,6695,ON
153,2026-05-24 22:25:27.185,32.6,0.49,4.773,47223,180.23,13.31,1612,2546,1961,6689,ON
154,2026-05-24 22:25:27.685,32.6,0.48,4.773,47223,180.15,13.39,1613,2549,1962,6699,ON
155,2026-05-24 22:25:28.185,32.6,0.47,4.773,47223,180.06,13.48,1607,2544,1960,6588,ON
156,2026-05-24 22:25:28.685,32.6,0.47,4.775,47223,179.98,13.56,1603,2537,1954,6585,ON
157,2026-05-24 22:25:29.185,32.6,0.47,4.773,47223,179.89,13.65,1602,2535,1953,6610,ON
158,2026-05-24 22:25:29.685,32.6,0.48,4.776,47223,179.80,13.74,1607,2541,1956,6654,ON
159,2026-05-24 22:25:30.185,32.6,0.48,4.774,47223,179.71,13.83,1609,2544,1960,6655,ON
160,2026-05-24 22:25:30.685,32.6,0.47,4.773,47223,179.64,13.90,1611,2547,1961,6690,ON
161,2026-05-24 22:25:31.185,32.6,0.47,4.775,47223,179.55,13.99,1615,2551,1965,6664,ON
162,2026-05-24 22:25:31.685,32.6,0.48,4.768,47223,179.46,14.08,1617,2553,1966,6752,ON
163,2026-05-24 22:25:32.185,32.6,0.48,4.774,47223,179.38,14.16,1619,2559,1970,6755,ON
164,2026-05-24 22:25:32.685,32.6,0.47,4.774,47223,179.29,14.25,1619,2559,1971,6722,ON
165,2026-05-24 22:25:33.185,32.6,0.47,4.770,47223,179.20,14.34,1624,2561,1972,6559,ON
166,2026-05-24 22:25:33.685,32.6,0.48,4.758,47223,179.12,14.42,1616,2550,1964,6585,ON
167,2026-05-24 22:25:34.185,32.6,0.49,4.764,47223,179.03,14.51,1613,2548,1963,6627,ON
168,2026-05-24 22:25:34.685,32.7,0.49,4.771,47223,178.95,14.59,1610,2545,1961,6701,ON
169,2026-05-24 22:25:35.185,32.7,0.48,4.776,47223,178.86,14.68,1619,2556,1969,6704,ON
170,2026-05-24 22:25:35.685,32.7,0.47,4.777,47223,178.77,14.77,1624,2561,1973,6752,ON
171,2026-05-24 22:25:36.185,32.7,0.46,4.776,47223,178.69,14.86,1621,2560,1972,6631,ON
172,2026-05-24 22:25:36.685,32.7,0.46,4.776,47223,178.60,14.94,1620,2560,1972,6751,ON
173,2026-05-24 22:25:37.185,32.7,0.46,4.774,47223,178.51,15.03,1619,2559,1972,6676,ON
174,2026-05-24 22:25:37.685,32.7,0.47,4.776,47223,178.43,15.11,1612,2547,1962,6610,ON
175,2026-05-24 22:25:38.185,32.7,0.47,4.776,47223,178.34,15.20,1610,2546,1960,6647,ON
176,2026-05-24 22:25:38.685,32.7,0.46,4.776,47223,178.26,15.28,1613,2550,1964,6640,ON
177,2026-05-24 22:25:39.185,32.7,0.45,4.777,47223,178.17,15.37,1622,2558,1970,6690,ON
178,2026-05-24 22:25:39.685,32.7,0.45,4.777,47223,178.09,15.45,1626,2560,1971,6740,ON
179,2026-05-24 22:25:40.185,32.7,0.44,4.775,47223,178.00,15.54,1624,2560,1972,6752,ON
180,2026-05-24 22:25:40.685,32.7,0.46,4.766,47223,177.92,15.62,1621,2556,1969,6709,ON
181,2026-05-24 22:25:41.185,32.7,0.47,4.765,47223,177.83,15.71,1625,2562,1974,6642,ON
182,2026-05-24 22:25:41.685,32.8,0.47,4.772,47223,177.75,15.79,1622,2559,1973,6596,ON
183,2026-05-24 22:25:42.185,32.8,0.47,4.771,47223,177.65,15.89,1620,2557,1970,6632,ON
184,2026-05-24 22:25:42.685,32.8,0.47,4.777,47223,177.57,15.97,1618,2554,1968,6669,ON
185,2026-05-24 22:25:43.185,32.8,0.47,4.773,47223,177.49,16.05,1620,2557,1970,6690,ON
186,2026-05-24 22:25:43.685,32.8,0.46,4.776,47223,177.40,16.14,1623,2562,1974,6733,ON
187,2026-05-24 22:25:44.185,32.8,0.46,4.774,47223,177.32,16.23,1628,2568,1978,6786,ON
188,2026-05-24 22:25:44.685,32.8,0.46,4.776,47223,177.23,16.31,1628,2566,1976,6727,ON
189,2026-05-24 22:25:45.185,32.8,0.46,4.775,47223,177.15,16.39,1626,2565,1976,6705,ON
190,2026-05-24 22:25:45.685,32.8,0.47,4.775,47223,177.06,16.48,1627,2565,1976,6688,ON
191,2026-05-24 22:25:46.185,32.8,0.46,4.775,47223,176.98,16.56,1626,2566,1977,6653,ON
192,2026-05-24 22:25:46.685,32.8,0.46,4.777,47223,176.89,16.65,1627,2567,1977,6648,ON
193,2026-05-24 22:25:47.185,32.9,0.45,4.778,47223,176.78,16.76,1628,2569,1978,6677,ON
194,2026-05-24 22:25:47.685,32.9,0.44,4.776,47223,176.70,16.84,1623,2563,1973,6796,ON
195,2026-05-24 22:25:48.185,32.9,0.45,4.769,47223,176.61,16.93,1625,2565,1976,6732,ON
196,2026-05-24 22:25:48.685,32.9,0.46,4.771,47223,176.52,17.02,1629,2571,1981,6682,ON
197,2026-05-24 22:25:49.185,32.9,0.47,4.765,47223,176.44,17.10,1630,2570,1980,6688,ON
198,2026-05-24 22:25:49.685,32.9,0.47,4.771,47223,176.36,17.18,1632,2571,1979,6686,ON
199,2026-05-24 22:25:50.185,32.9,0.46,4.775,47223,176.27,17.27,1630,2566,1975,6753,ON
200,2026-05-24 22:25:50.685,32.9,0.46,4.773,47223,176.18,17.36,1633,2572,1980,6730,ON
201,2026-05-24 22:25:51.185,32.9,0.46,4.777,47223,176.10,17.44,1635,2576,1983,6746,ON
202,2026-05-24 22:25:51.685,32.9,0.45,4.777,47223,176.01,17.53,1638,2579,1984,6761,ON
203,2026-05-24 22:25:52.185,32.9,0.45,4.776,47223,175.93,17.61,1638,2579,1985,6759,ON
204,2026-05-24 22:25:52.685,32.9,0.46,4.777,47223,175.84,17.70,1635,2576,1983,6771,ON
205,2026-05-24 22:25:53.185,32.9,0.47,4.775,47223,175.75,17.79,1634,2575,1982,6650,ON
206,2026-05-24 22:25:53.685,33.0,0.47,4.777,47223,175.67,17.87,1628,2567,1976,6612,ON
207,2026-05-24 22:25:54.185,33.0,0.46,4.778,47223,175.59,17.96,1633,2573,1981,6706,ON
208,2026-05-24 22:25:54.685,33.0,0.45,4.777,47223,175.50,18.04,1635,2574,1981,6780,ON
209,2026-05-24 22:25:55.185,33.0,0.45,4.774,47223,175.41,18.13,1639,2580,1985,6761,ON
210,2026-05-24 22:25:55.685,33.0,0.45,4.773,47223,175.33,18.21,1639,2580,1985,6744,ON
211,2026-05-24 22:25:56.185,33.0,0.46,4.770,47223,175.24,18.30,1637,2577,1984,6690,ON
212,2026-05-24 22:25:56.685,33.0,0.46,4.773,47223,175.16,18.38,1635,2577,1984,6743,ON
213,2026-05-24 22:25:57.185,33.0,0.46,4.771,47223,175.08,18.46,1636,2578,1986,6781,ON
214,2026-05-24 22:25:57.685,33.0,0.46,4.774,47223,174.98,18.56,1642,2587,1994,6715,ON
215,2026-05-24 22:25:58.185,33.0,0.45,4.773,47223,174.90,18.64,1642,2585,1992,6660,ON
216,2026-05-24 22:25:58.685,33.1,0.45,4.777,47223,174.82,18.72,1640,2582,1990,6704,ON
217,2026-05-24 22:25:59.185,33.1,0.45,4.776,47223,174.72,18.82,1643,2588,1994,6751,ON
218,2026-05-24 22:25:59.685,33.1,0.45,4.776,47223,174.64,18.90,1642,2588,1993,6815,ON
219,2026-05-24 22:26:00.185,33.1,0.45,4.775,47223,174.56,18.98,1648,2594,1997,6887,ON
220,2026-05-24 22:26:00.685,33.1,0.47,4.775,47223,174.47,19.07,1644,2588,1993,6784,ON
221,2026-05-24 22:26:01.185,33.1,0.48,4.774,47223,174.39,19.15,1639,2582,1989,6726,ON
222,2026-05-24 22:26:01.685,33.1,0.47,4.774,47223,174.30,19.24,1638,2581,1986,6744,ON
223,2026-05-24 22:26:02.185,33.1,0.47,4.774,47223,174.21,19.33,1641,2586,1987,6697,ON
224,2026-05-24 22:26:02.685,33.1,0.46,4.776,47223,174.13,19.41,1640,2586,1987,6726,ON
225,2026-05-24 22:26:03.185,33.1,0.46,4.773,47223,174.04,19.50,1637,2578,1986,6739,ON
226,2026-05-24 22:26:03.685,33.1,0.46,4.772,47223,173.96,19.58,1636,2573,1980,6769,ON
227,2026-05-24 22:26:04.185,33.1,0.47,4.759,47223,173.87,19.67,1639,2580,1987,6847,ON
228,2026-05-24 22:26:04.685,33.1,0.47,4.767,47223,173.78,19.76,1646,2592,1997,6818,ON
229,2026-05-24 22:26:05.185,33.2,0.48,4.775,47223,173.70,19.84,1647,2593,1997,6767,ON
230,2026-05-24 22:26:05.685,33.2,0.47,4.775,47223,173.61,19.93,1645,2588,1993,6850,ON
231,2026-05-24 22:26:06.185,33.2,0.46,4.774,47223,173.53,20.01,1642,2585,1990,6764,ON
232,2026-05-24 22:26:06.685,33.2,0.46,4.772,47223,173.44,20.10,1644,2588,1995,6695,ON
233,2026-05-24 22:26:07.185,33.2,0.46,4.773,47177,173.36,20.18,1640,2583,1999,6706,ON
234,2026-05-24 22:26:07.685,33.2,0.47,4.775,47067,173.27,20.27,1644,2588,1997,6661,ON
235,2026-05-24 22:26:08.185,33.2,0.48,4.773,46954,173.19,20.36,1649,2595,2000,6756,ON
236,2026-05-24 22:26:08.685,33.2,0.49,4.774,46828,173.10,20.44,1647,2591,1997,6830,ON
237,2026-05-24 22:26:09.185,33.2,0.48,4.775,46706,173.01,20.53,1651,2598,2002,6863,ON
238,2026-05-24 22:26:09.685,33.2,0.47,4.774,46599,172.91,20.63,1652,2598,2002,6749,ON
239,2026-05-24 22:26:10.185,33.2,0.47,4.775,46489,172.82,20.72,1652,2597,2000,6804,ON
240,2026-05-24 22:26:10.685,33.2,0.47,4.770,46376,172.74,20.80,1653,2599,2001,6831,ON
241,2026-05-24 22:26:11.185,33.2,0.47,4.772,46272,172.65,20.89,1654,2602,2003,6856,ON
242,2026-05-24 22:26:11.685,33.2,0.48,4.764,46152,172.57,20.97,1661,2613,2013,6785,ON
243,2026-05-24 22:26:12.185,33.2,0.50,4.758,46011,172.49,21.05,1663,2616,2015,6729,ON
244,2026-05-24 22:26:12.685,33.2,0.49,4.772,45837,172.40,21.14,1658,2608,2007,6749,ON
245,2026-05-24 22:26:13.185,33.2,0.48,4.773,45667,172.31,21.23,1653,2599,2002,6823,ON
246,2026-05-24 22:26:13.685,33.2,0.47,4.772,45508,172.22,21.32,1655,2602,2005,6822,ON
247,2026-05-24 22:26:14.185,33.3,0.47,4.773,45367,172.14,21.40,1658,2606,2008,6840,ON
248,2026-05-24 22:26:14.685,33.3,0.46,4.775,45248,172.06,21.49,1662,2612,2011,6866,ON
249,2026-05-24 22:26:15.185,33.3,0.47,4.775,45131,171.97,21.57,1660,2610,2009,6807,ON
250,2026-05-24 22:26:15.685,33.3,0.48,4.774,45008,171.88,21.66,1657,2605,2005,6878,ON
251,2026-05-24 22:26:16.185,33.3,0.48,4.776,44890,171.80,21.74,1664,2618,2017,6783,ON
252,2026-05-24 22:26:16.685,33.3,0.48,4.773,44754,171.71,21.83,1662,2615,2015,6754,ON
253,2026-05-24 22:26:17.185,33.3,0.47,4.774,44596,171.62,21.92,1669,2626,2022,6856,ON
254,2026-05-24 22:26:17.685,33.3,0.47,4.774,44436,171.54,22.00,1669,2626,2022,6788,ON
255,2026-05-24 22:26:18.185,33.3,0.46,4.774,44287,171.45,22.09,1660,2612,2012,6866,ON
256,2026-05-24 22:26:18.685,33.4,0.46,4.775,44167,171.37,22.17,1664,2617,2016,6926,ON
257,2026-05-24 22:26:19.185,33.4,0.47,4.768,44073,171.28,22.26,1665,2619,2018,6861,ON
258,2026-05-24 22:26:19.685,33.4,0.47,4.767,43951,171.20,22.34,1665,2618,2017,6840,ON
259,2026-05-24 22:26:20.185,33.4,0.47,4.778,43814,171.11,22.43,1665,2617,2017,6855,ON
260,2026-05-24 22:26:20.685,33.4,0.47,4.772,43669,171.02,22.52,1665,2618,2018,6861,ON
261,2026-05-24 22:26:21.185,33.4,0.47,4.773,43520,170.94,22.60,1667,2620,2019,6912,ON
262,2026-05-24 22:26:21.685,33.4,0.47,4.775,43368,170.85,22.69,1662,2612,2011,6797,ON
263,2026-05-24 22:26:22.185,33.4,0.47,4.774,43238,170.77,22.77,1660,2608,2009,6818,ON
264,2026-05-24 22:26:22.685,33.4,0.47,4.775,43138,170.67,22.87,1659,2608,2010,6838,ON
265,2026-05-24 22:26:23.185,33.4,0.47,4.775,43026,170.59,22.95,1662,2611,2012,6882,ON
266,2026-05-24 22:26:23.685,33.4,0.47,4.776,42907,170.50,23.04,1669,2622,2021,6854,ON
267,2026-05-24 22:26:24.185,33.4,0.47,4.774,42774,170.42,23.12,1670,2625,2022,6790,ON
268,2026-05-24 22:26:24.685,33.4,0.47,4.771,42615,170.33,23.21,1668,2622,2020,6843,ON
269,2026-05-24 22:26:25.185,33.4,0.47,4.776,42450,170.25,23.29,1665,2620,2018,6969,ON
270,2026-05-24 22:26:25.685,33.4,0.47,4.771,42291,170.16,23.38,1679,2638,2022,6963,ON
271,2026-05-24 22:26:26.185,33.5,0.48,4.767,42129,170.08,23.46,1675,2646,2029,6831,ON
272,2026-05-24 22:26:26.685,33.5,0.49,4.766,41994,170.00,23.54,1671,2629,2021,6854,ON
273,2026-05-24 22:26:27.185,33.5,0.49,4.755,41872,169.91,23.63,1670,2621,2015,6880,ON
274,2026-05-24 22:26:27.685,33.5,0.49,4.773,41770,169.82,23.72,1671,2625,2017,6864,ON
275,2026-05-24 22:26:28.185,33.5,0.48,4.774,41653,169.74,23.80,1671,2625,2021,6863,ON
276,2026-05-24 22:26:28.685,33.5,0.48,4.773,41537,169.65,23.89,1669,2629,2025,6782,ON
277,2026-05-24 22:26:29.185,33.5,0.47,4.773,41429,169.57,23.97,1665,2619,2017,6828,ON
278,2026-05-24 22:26:29.685,33.5,0.47,4.773,41314,169.48,24.06,1670,2616,2015,6969,ON
279,2026-05-24 22:26:30.185,33.5,0.47,4.774,41180,169.39,24.15,1680,2634,2032,6941,ON
280,2026-05-24 22:26:30.685,33.5,0.47,4.772,41047,169.31,24.23,1685,2643,2037,6947,ON
281,2026-05-24 22:26:31.185,33.5,0.48,4.771,40924,169.22,24.32,1676,2632,2030,6857,ON
282,2026-05-24 22:26:31.685,33.5,0.48,4.774,40813,169.13,24.41,1672,2627,2025,6898,ON
283,2026-05-24 22:26:32.185,33.5,0.47,4.774,40708,169.04,24.50,1675,2631,2026,6883,ON
284,2026-05-24 22:26:32.685,33.5,0.47,4.775,40616,168.96,24.58,1681,2640,2029,6849,ON
285,2026-05-24 22:26:33.185,33.6,0.47,4.775,40523,168.88,24.67,1684,2645,2035,6839,ON
286,2026-05-24 22:26:33.685,33.6,0.48,4.764,40432,168.79,24.75,1683,2642,2034,6808,ON
287,2026-05-24 22:26:34.185,33.6,0.49,4.767,40330,168.71,24.84,1676,2633,2029,6826,ON
288,2026-05-24 22:26:34.685,33.6,0.50,4.758,40232,168.62,24.92,1677,2634,2030,6877,ON
289,2026-05-24 22:26:35.185,33.6,0.50,4.772,40126,168.53,25.01,1679,2637,2033,7030,ON
290,2026-05-24 22:26:35.685,33.6,0.49,4.774,40008,168.44,25.10,1691,2653,2045,7058,ON
291,2026-05-24 22:26:36.185,33.6,0.48,4.774,39883,168.36,25.18,1683,2641,2036,6910,ON
292,2026-05-24 22:26:36.685,33.6,0.47,4.775,39735,168.25,25.29,1680,2636,2032,6925,ON
293,2026-05-24 22:26:37.185,33.6,0.46,4.774,39585,168.17,25.37,1683,2641,2034,6806,ON
294,2026-05-24 22:26:37.685,33.6,0.46,4.777,39441,168.08,25.46,1687,2647,2039,6951,ON
295,2026-05-24 22:26:38.185,33.7,0.47,4.772,39301,168.00,25.54,1689,2651,2042,6934,ON
296,2026-05-24 22:26:38.685,33.7,0.48,4.770,39162,167.91,25.63,1688,2648,2041,6865,ON
297,2026-05-24 22:26:39.185,33.6,0.48,4.772,39018,167.83,25.71,1684,2643,2037,6887,ON
298,2026-05-24 22:26:39.685,33.6,0.48,4.774,38889,167.73,25.81,1682,2640,2033,6819,ON
299,2026-05-24 22:26:40.185,33.6,0.47,4.775,38776,167.65,25.89,1683,2640,2034,6962,ON
300,2026-05-24 22:26:40.685,33.7,0.47,4.774,38682,167.57,25.97,1687,2647,2041,7007,ON
301,2026-05-24 22:26:41.185,33.7,0.46,4.766,38590,167.48,26.06,1689,2649,2040,6927,ON
302,2026-05-24 22:26:41.685,33.7,0.47,4.765,38456,167.40,26.14,1686,2643,2036,6935,ON
303,2026-05-24 22:26:42.185,33.7,0.48,4.770,38275,167.31,26.23,1687,2645,2037,6951,ON
304,2026-05-24 22:26:42.685,33.7,0.48,4.763,38107,167.22,26.32,1689,2651,2043,6877,ON
305,2026-05-24 22:26:43.185,33.7,0.49,4.768,37958,167.14,26.40,1694,2657,2048,6932,ON
306,2026-05-24 22:26:43.685,33.7,0.49,4.772,37808,167.05,26.49,1692,2654,2046,6946,ON
307,2026-05-24 22:26:44.185,33.7,0.49,4.773,37659,166.97,26.57,1686,2646,2040,6880,ON
308,2026-05-24 22:26:44.685,33.7,0.48,4.773,37536,166.88,26.66,1682,2640,2034,6900,ON
309,2026-05-24 22:26:45.185,33.7,0.48,4.775,37422,166.79,26.75,1687,2647,2040,6997,ON
310,2026-05-24 22:26:45.685,33.7,0.49,4.773,37311,166.71,26.83,1693,2653,2045,6955,ON
311,2026-05-24 22:26:46.185,33.7,0.49,4.773,37205,166.62,26.92,1691,2649,2041,6928,ON
312,2026-05-24 22:26:46.685,33.7,0.49,4.771,37092,166.53,27.01,1682,2635,2031,6890,ON
313,2026-05-24 22:26:47.185,33.7,0.49,4.769,36967,166.44,27.10,1681,2635,2031,6871,ON
314,2026-05-24 22:26:47.685,33.7,0.49,4.771,36818,166.36,27.18,1679,2633,2030,6847,ON
315,2026-05-24 22:26:48.185,33.7,0.49,4.769,36659,166.28,27.26,1683,2638,2033,6905,ON
316,2026-05-24 22:26:48.685,33.8,0.49,4.770,36500,166.19,27.35,1683,2637,2033,6842,ON
317,2026-05-24 22:26:49.185,33.8,0.49,4.772,36334,166.11,27.43,1679,2631,2029,6892,ON
318,2026-05-24 22:26:49.685,33.8,0.49,4.768,36196,166.02,27.52,1681,2635,2032,6976,ON
319,2026-05-24 22:26:50.185,33.8,0.49,4.767,36073,165.94,27.60,1690,2648,2042,6975,ON
320,2026-05-24 22:26:50.685,33.8,0.49,4.769,35967,165.85,27.69,1694,2653,2044,6950,ON
321,2026-05-24 22:26:51.185,33.8,0.50,4.767,35856,165.76,27.78,1692,2651,2043,6932,ON
322,2026-05-24 22:26:51.685,33.8,0.50,4.773,35721,165.67,27.87,1692,2650,2043,6942,ON
323,2026-05-24 22:26:52.185,33.8,0.49,4.774,35579,165.59,27.95,1693,2651,2045,6910,ON
324,2026-05-24 22:26:52.685,33.8,0.50,4.769,35434,165.50,28.04,1698,2661,2051,6934,ON
325,2026-05-24 22:26:53.185,33.8,0.50,4.772,35302,165.41,28.13,1694,2656,2047,6909,ON
326,2026-05-24 22:26:53.685,33.9,0.50,4.772,35185,165.34,28.20,1691,2651,2043,6949,ON
327,2026-05-24 22:26:54.185,33.9,0.51,4.768,35076,165.25,28.29,1695,2657,2050,7038,ON
328,2026-05-24 22:26:54.685,33.9,0.51,4.773,34982,165.16,28.38,1697,2659,2051,6898,ON
329,2026-05-24 22:26:55.185,33.9,0.50,4.768,34887,165.08,28.46,1691,2647,2041,6955,ON
330,2026-05-24 22:26:55.685,33.9,0.50,4.772,34778,164.99,28.55,1691,2648,2040,6958,ON
331,2026-05-24 22:26:56.185,33.9,0.50,4.757,34645,164.91,28.63,1689,2645,2039,6935,ON
332,2026-05-24 22:26:56.685,33.9,0.51,4.766,34503,164.82,28.72,1692,2651,2044,6960,ON
333,2026-05-24 22:26:57.185,33.9,0.51,4.765,34365,164.73,28.81,1698,2660,2050,6895,ON
334,2026-05-24 22:26:57.685,33.9,0.51,4.766,34204,164.65,28.89,1698,2658,2048,6940,ON
335,2026-05-24 22:26:58.185,33.9,0.51,4.771,34058,164.56,28.98,1693,2652,2044,6904,ON
336,2026-05-24 22:26:58.685,33.9,0.50,4.773,33920,164.48,29.06,1691,2648,2041,6934,ON
337,2026-05-24 22:26:59.185,33.9,0.50,4.771,33786,164.39,29.15,1694,2652,2045,6963,ON
338,2026-05-24 22:26:59.685,33.9,0.49,4.772,33650,164.30,29.24,1698,2658,2049,6978,ON
339,2026-05-24 22:27:00.185,33.9,0.49,4.771,33499,164.22,29.32,1694,2652,2044,6923,ON
340,2026-05-24 22:27:00.685,33.9,0.50,4.770,33355,164.14,29.40,1697,2657,2048,7005,ON
341,2026-05-24 22:27:01.185,33.9,0.52,4.767,33225,164.05,29.50,1701,2663,2054,6979,ON
342,2026-05-24 22:27:01.685,33.9,0.52,4.769,33120,163.95,29.59,1701,2665,2055,6926,ON
343,2026-05-24 22:27:02.185,33.9,0.51,4.770,32995,163.86,29.68,1706,2667,2056,6960,ON
344,2026-05-24 22:27:02.685,34.0,0.50,4.772,32858,163.76,29.78,1707,2670,2061,7013,ON
345,2026-05-24 22:27:03.185,34.0,0.50,4.772,32730,163.68,29.86,1702,2662,2059,6866,ON
346,2026-05-24 22:27:03.685,34.0,0.50,4.771,32612,163.60,29.94,1695,2650,2054,6901,ON
347,2026-05-24 22:27:04.185,34.0,0.49,4.762,32501,163.52,30.02,1694,2649,2049,6957,ON
348,2026-05-24 22:27:04.685,34.0,0.50,4.763,32389,163.43,30.11,1700,2657,2054,7067,ON
349,2026-05-24 22:27:05.185,34.0,0.51,4.759,32275,163.34,30.20,1704,2663,2058,6987,ON
350,2026-05-24 22:27:05.685,34.0,0.50,4.768,32162,163.25,30.29,1707,2665,2058,6987,ON
351,2026-05-24 22:27:06.185,34.0,0.50,4.768,32037,163.17,30.37,1704,2663,2055,6945,ON
352,2026-05-24 22:27:06.685,34.0,0.50,4.768,31885,163.07,30.47,1700,2657,2050,6884,ON
353,2026-05-24 22:27:07.185,34.0,0.50,4.769,31734,163.00,30.54,1699,2655,2048,7001,ON
354,2026-05-24 22:27:07.685,34.1,0.50,4.767,31596,162.91,30.63,1703,2661,2055,7069,ON
355,2026-05-24 22:27:08.185,34.1,0.51,4.769,31478,162.82,30.72,1709,2670,2062,7043,ON
356,2026-05-24 22:27:08.685,34.1,0.51,4.771,31362,162.73,30.81,1706,2666,2059,6987,ON
357,2026-05-24 22:27:09.185,34.1,0.53,4.766,31251,162.65,30.89,1701,2659,2053,6946,ON
358,2026-05-24 22:27:09.685,34.1,0.53,4.770,31139,162.56,30.98,1705,2664,2056,7018,ON
359,2026-05-24 22:27:10.185,34.1,0.52,4.771,31022,162.48,31.06,1712,2676,2065,7093,ON
360,2026-05-24 22:27:10.685,34.1,0.52,4.771,30873,162.39,31.15,1719,2687,2073,7081,ON
361,2026-05-24 22:27:11.185,34.1,0.53,4.762,30707,162.30,31.24,1709,2671,2061,6965,ON
362,2026-05-24 22:27:11.685,34.1,0.53,4.762,30555,162.22,31.32,1706,2666,2056,6936,ON
363,2026-05-24 22:27:12.185,34.1,0.54,4.757,30422,162.14,31.40,1706,2664,2057,6972,ON
364,2026-05-24 22:27:12.685,34.1,0.55,4.758,30305,162.05,31.49,1712,2671,2064,7003,ON
365,2026-05-24 22:27:13.185,34.1,0.55,4.762,30192,161.97,31.57,1712,2670,2064,6947,ON
366,2026-05-24 22:27:13.685,34.1,0.55,4.767,30079,161.87,31.67,1705,2659,2055,6870,ON
367,2026-05-24 22:27:14.185,34.1,0.54,4.766,29960,161.79,31.75,1704,2659,2054,7008,ON
368,2026-05-24 22:27:14.685,34.1,0.53,4.765,29843,161.71,31.83,1709,2666,2059,7040,ON
369,2026-05-24 22:27:15.185,34.1,0.53,4.770,29715,161.62,31.92,1712,2670,2063,7019,ON
370,2026-05-24 22:27:15.685,34.1,0.53,4.764,29539,161.53,32.01,1706,2659,2056,6974,ON
371,2026-05-24 22:27:16.185,34.1,0.54,4.769,29354,161.45,32.09,1707,2657,2057,6942,ON
372,2026-05-24 22:27:16.685,34.1,0.54,4.764,29193,161.36,32.18,1706,2657,2056,6951,ON
373,2026-05-24 22:27:17.185,34.2,0.54,4.766,29065,161.28,32.26,1708,2661,2058,6943,ON
374,2026-05-24 22:27:17.685,34.2,0.54,4.764,28962,161.20,32.34,1704,2655,2052,6978,ON
375,2026-05-24 22:27:18.185,34.2,0.54,4.761,28867,161.11,32.43,1705,2657,2054,7012,ON
376,2026-05-24 22:27:18.685,34.2,0.55,4.765,28771,161.01,32.53,1709,2664,2060,7010,ON
377,2026-05-24 22:27:19.185,34.2,0.54,4.766,28665,160.94,32.60,1713,2666,2063,7002,ON
378,2026-05-24 22:27:19.685,34.2,0.54,4.754,28541,160.85,32.69,1714,2667,2063,7012,ON
379,2026-05-24 22:27:20.185,34.2,0.56,4.752,28394,160.76,32.78,1711,2662,2060,7001,ON
380,2026-05-24 22:27:20.685,34.2,0.57,4.761,28239,160.67,32.87,1709,2659,2058,6957,ON
381,2026-05-24 22:27:21.185,34.2,0.57,4.763,28087,160.59,32.95,1708,2659,2058,6980,ON
382,2026-05-24 22:27:21.685,34.2,0.56,4.750,27952,160.51,33.03,1712,2667,2063,6909,ON
383,2026-05-24 22:27:22.185,34.2,0.57,4.765,27808,160.42,33.12,1703,2650,2051,6957,ON
384,2026-05-24 22:27:22.685,34.2,0.58,4.753,27664,160.33,33.21,1702,2649,2051,7078,ON
385,2026-05-24 22:27:23.185,34.2,0.59,4.756,27513,160.24,33.30,1706,2653,2055,7005,ON
386,2026-05-24 22:27:23.685,34.2,0.59,4.753,27361,160.16,33.38,1713,2661,2062,6983,ON
387,2026-05-24 22:27:24.185,34.2,0.59,4.756,27213,160.08,33.46,1713,2661,2060,6965,ON
388,2026-05-24 22:27:24.685,34.2,0.60,4.762,27063,159.99,33.55,1709,2658,2057,6972,ON
389,2026-05-24 22:27:25.185,34.2,0.63,4.747,26911,159.91,33.63,1708,2655,2057,7012,ON
390,2026-05-24 22:27:25.685,34.2,0.64,4.748,26756,159.82,33.72,1711,2651,2061,6965,ON
391,2026-05-24 22:27:26.185,34.2,0.64,4.742,26612,159.73,33.81,1712,2651,2063,6975,ON
392,2026-05-24 22:27:26.685,34.2,0.65,4.747,26476,159.65,33.89,1712,2650,2062,6924,ON
393,2026-05-24 22:27:27.185,34.2,0.66,4.734,26364,159.55,33.99,1707,2638,2057,6946,ON
394,2026-05-24 22:27:27.685,34.3,0.68,4.726,26258,159.47,34.07,1709,2640,2058,7060,ON
395,2026-05-24 22:27:28.185,34.3,0.68,4.748,26145,159.38,34.16,1709,2641,2057,6926,ON
396,2026-05-24 22:27:28.685,34.3,0.67,4.752,26018,159.29,34.25,1710,2635,2058,6977,ON
397,2026-05-24 22:27:29.185,34.3,0.68,4.736,25866,159.21,34.33,1712,2641,2060,6988,ON
398,2026-05-24 22:27:29.685,34.3,0.72,4.724,25703,159.12,34.42,1712,2640,2059,6967,ON
399,2026-05-24 22:27:30.185,34.3,0.75,4.730,25549,159.03,34.51,1713,2638,2061,6985,ON
400,2026-05-24 22:27:30.685,34.3,0.77,4.725,25414,158.94,34.60,1712,2634,2061,6947,ON
401,2026-05-24 22:27:31.185,34.3,0.78,4.717,25296,158.86,34.68,1712,2630,2061,6939,ON
402,2026-05-24 22:27:31.685,34.3,0.83,4.710,25179,158.78,34.77,1712,2627,2061,6952,ON
403,2026-05-24 22:27:32.185,34.3,0.88,4.698,25062,158.69,34.85,1707,2614,2056,6840,ON
404,2026-05-24 22:27:32.685,34.4,0.93,4.701,24941,158.60,34.94,1702,2595,2052,6793,ON
405,2026-05-24 22:27:33.185,34.4,0.95,4.687,24818,158.51,35.03,1699,2569,2043,6811,ON
406,2026-05-24 22:27:33.685,34.3,1.01,4.669,24681,158.43,35.11,1704,2568,2049,6880,ON
407,2026-05-24 22:27:34.185,34.3,1.10,4.661,24532,158.34,35.20,1703,2561,2047,6819,ON
408,2026-05-24 22:27:34.685,34.4,1.19,4.642,24376,158.25,35.29,1692,2533,2034,6583,ON
409,2026-05-24 22:27:35.185,34.4,1.29,4.616,24203,158.17,35.37,1665,2438,2004,6355,ON
410,2026-05-24 22:27:35.685,34.4,1.47,4.506,24022,158.08,35.46,1645,2355,1981,6321,ON
411,2026-05-24 22:27:36.185,34.4,2.49,4.388,23845,158.00,35.54,1627,2269,1959,5637,ON
412,2026-05-24 22:27:36.685,34.4,3.80,4.027,23688,157.91,35.63,1572,2041,1893,5121,ON
413,2026-05-24 22:27:37.185,34.4,6.50,3.859,23513,157.83,35.71,1508,1791,1808,4847,ON
414,2026-05-24 22:27:37.685,34.4,8.01,3.642,23333,157.74,35.80,1450,1574,1733,4554,ON
415,2026-05-24 22:27:38.185,34.4,8.64,3.523,23153,157.65,35.89,1404,1398,1672,4324,ON
416,2026-05-24 22:27:38.685,34.4,9.65,3.429,22982,157.57,35.97,1368,1263,1622,4147,ON
417,2026-05-24 22:27:39.185,34.4,9.95,3.396,22856,157.49,36.05,1335,1165,1579,4129,ON
418,2026-05-24 22:27:39.685,34.4,10.22,3.355,22779,157.40,36.14,1319,1111,1556,4133,ON
419,2026-05-24 22:27:40.185,34.4,10.43,3.336,22741,157.31,36.23,1315,1084,1548,4115,ON
420,2026-05-24 22:27:40.685,34.4,10.54,3.338,22742,157.23,36.31,1312,1069,1543,4056,ON
421,2026-05-24 22:27:41.185,34.4,10.60,3.332,22767,157.14,36.40,1305,1054,1534,4037,ON
422,2026-05-24 22:27:41.685,34.4,10.66,3.324,22806,157.06,36.48,1299,1043,1526,4121,ON
423,2026-05-24 22:27:42.185,34.4,10.73,3.308,22853,156.97,36.57,1303,1046,1533,4140,ON
424,2026-05-24 22:27:42.685,34.4,10.78,3.297,22923,156.88,36.66,1307,1049,1537,4136,ON
425,2026-05-24 22:27:43.185,34.4,10.85,3.304,23011,156.80,36.74,1300,1040,1527,4063,ON
426,2026-05-24 22:27:43.685,34.4,10.87,3.285,23118,156.71,36.83,1298,1038,1525,4087,ON
427,2026-05-24 22:27:44.185,34.4,10.93,3.283,23267,156.62,36.92,1301,1041,1528,4103,ON
428,2026-05-24 22:27:44.685,34.4,10.94,3.287,23464,156.54,37.00,1304,1045,1532,4080,ON
429,2026-05-24 22:27:45.185,34.4,10.94,3.283,23733,156.45,37.09,1301,1041,1527,4058,ON
430,2026-05-24 22:27:45.685,34.4,10.96,3.281,23999,156.37,37.17,1297,1036,1522,4098,ON
431,2026-05-24 22:27:46.185,34.4,10.97,3.283,24226,156.28,37.26,1302,1041,1528,4129,ON
432,2026-05-24 22:27:46.685,34.4,10.98,3.267,24409,156.20,37.34,1306,1046,1534,4126,ON
433,2026-05-24 22:27:47.185,34.4,11.01,3.275,24542,156.11,37.43,1307,1048,1535,4111,ON
434,2026-05-24 22:27:47.685,34.4,11.05,3.258,24664,156.02,37.52,1302,1043,1528,4075,ON
435,2026-05-24 22:27:48.185,34.4,11.08,3.254,24764,155.94,37.60,1299,1038,1524,4097,ON
436,2026-05-24 22:27:48.685,34.4,11.09,3.265,24870,155.85,37.69,1302,1040,1528,4084,ON
437,2026-05-24 22:27:49.185,34.4,11.10,3.246,24967,155.77,37.77,1304,1044,1531,4078,ON
438,2026-05-24 22:27:49.685,34.4,11.12,3.246,25053,155.68,37.86,1307,1050,1537,4138,ON
439,2026-05-24 22:27:50.185,34.4,11.15,3.237,25134,155.59,37.95,1308,1050,1538,4105,ON
440,2026-05-24 22:27:50.685,34.4,11.17,3.244,25201,155.51,38.03,1309,1050,1538,4137,ON
441,2026-05-24 22:27:51.185,34.4,11.20,3.237,25255,155.42,38.12,1310,1054,1542,4084,ON
442,2026-05-24 22:27:51.685,34.4,11.22,3.232,25306,155.34,38.20,1309,1056,1540,4121,ON
443,2026-05-24 22:27:52.185,34.4,11.23,3.231,25358,155.26,38.29,1308,1054,1537,4099,ON
444,2026-05-24 22:27:52.685,34.4,11.26,3.230,25425,155.17,38.37,1307,1051,1535,4120,ON
445,2026-05-24 22:27:53.185,34.4,11.27,3.231,25498,155.08,38.46,1308,1052,1536,4137,ON
446,2026-05-24 22:27:53.685,34.4,11.28,3.215,25570,155.00,38.54,1311,1054,1540,4212,ON
447,2026-05-24 22:27:54.185,34.4,11.31,3.212,25644,154.91,38.63,1314,1058,1544,4160,ON
448,2026-05-24 22:27:54.685,34.4,11.31,3.227,25726,154.82,38.72,1313,1060,1544,4109,ON
449,2026-05-24 22:27:55.185,34.4,11.31,3.220,25805,154.72,38.82,1310,1056,1540,4072,ON
450,2026-05-24 22:27:55.685,34.4,11.32,3.209,25891,154.63,38.91,1312,1056,1542,4163,ON
451,2026-05-24 22:27:56.185,34.4,11.34,3.227,25972,154.55,38.99,1314,1060,1545,4159,ON
452,2026-05-24 22:27:56.685,34.4,11.34,3.230,26050,154.47,39.07,1313,1060,1543,4143,ON
453,2026-05-24 22:27:57.185,34.4,11.34,3.217,26136,154.37,39.17,1309,1055,1543,4085,ON
454,2026-05-24 22:27:57.685,34.4,11.35,3.205,26223,154.29,39.25,1304,1051,1544,4093,ON
455,2026-05-24 22:27:58.185,34.4,11.37,3.208,26310,154.20,39.34,1309,1056,1544,4135,ON
456,2026-05-24 22:27:58.685,34.4,11.39,3.213,26402,154.11,39.43,1310,1057,1542,4119,ON
457,2026-05-24 22:27:59.185,34.4,11.40,3.222,26482,154.04,39.50,1310,1056,1540,4125,ON
458,2026-05-24 22:27:59.685,34.4,11.40,3.199,26553,153.95,39.59,1307,1057,1540,4111,ON
459,2026-05-24 22:28:00.185,34.4,11.43,3.205,26618,153.86,39.68,1306,1051,1532,4090,ON
460,2026-05-24 22:28:00.685,34.4,11.44,3.199,26677,153.78,39.76,1310,1051,1532,4118,ON
461,2026-05-24 22:28:01.185,34.4,11.45,3.201,26744,153.69,39.85,1316,1061,1542,4162,ON
462,2026-05-24 22:28:01.685,34.4,11.45,3.195,26809,153.61,39.93,1317,1064,1545,4116,ON
463,2026-05-24 22:28:02.185,34.4,11.45,3.201,26885,153.52,40.02,1312,1063,1540,4111,ON
464,2026-05-24 22:28:02.685,34.4,11.46,3.194,26962,153.44,40.10,1309,1059,1536,4130,ON
465,2026-05-24 22:28:03.185,34.4,11.49,3.190,27041,153.36,40.19,1312,1061,1540,4184,ON
466,2026-05-24 22:28:03.685,34.4,11.51,3.194,27106,153.27,40.27,1317,1070,1548,4208,ON
467,2026-05-24 22:28:04.185,34.4,11.51,3.192,27182,153.18,40.36,1319,1074,1551,4177,ON
468,2026-05-24 22:28:04.685,34.4,11.50,3.207,27251,153.09,40.45,1318,1071,1549,4152,ON
469,2026-05-24 22:28:05.185,34.4,11.48,3.208,27317,153.00,40.54,1318,1069,1547,4155,ON
470,2026-05-24 22:28:05.685,34.4,11.47,3.202,27383,152.92,40.62,1318,1070,1548,4175,ON
471,2026-05-24 22:28:06.185,34.4,11.47,3.204,27453,152.83,40.71,1316,1069,1545,4137,ON
472,2026-05-24 22:28:06.685,34.4,11.48,3.191,27527,152.75,40.79,1311,1064,1539,4117,ON
473,2026-05-24 22:28:07.185,34.4,11.50,3.197,27610,152.66,40.88,1313,1065,1542,4217,ON
474,2026-05-24 22:28:07.685,34.4,11.51,3.193,27702,152.57,40.97,1319,1074,1551,4176,ON
475,2026-05-24 22:28:08.185,34.4,11.52,3.184,27784,152.49,41.05,1321,1077,1553,4076,ON
476,2026-05-24 22:28:08.685,34.4,11.55,3.196,27844,152.41,41.13,1317,1073,1548,4120,ON
477,2026-05-24 22:28:09.185,34.4,11.54,3.186,27892,152.32,41.22,1315,1072,1548,4205,ON
478,2026-05-24 22:28:09.685,34.4,11.54,3.189,27948,152.24,41.31,1319,1076,1552,4209,ON
479,2026-05-24 22:28:10.185,34.4,11.55,3.175,28007,152.15,41.39,1319,1078,1551,4188,ON
480,2026-05-24 22:28:10.685,34.4,11.58,3.185,28062,152.06,41.48,1317,1078,1549,4173,ON
481,2026-05-24 22:28:11.185,34.4,11.58,3.174,28126,151.98,41.56,1317,1076,1548,4168,ON
482,2026-05-24 22:28:11.685,34.4,11.59,3.179,28191,151.89,41.65,1318,1078,1550,4183,ON
483,2026-05-24 22:28:12.185,34.4,11.60,3.186,28248,151.81,41.74,1321,1082,1553,4138,ON
484,2026-05-24 22:28:12.685,34.4,11.59,3.186,28319,151.72,41.82,1316,1076,1545,4182,ON
485,2026-05-24 22:28:13.185,34.4,11.59,3.182,28389,151.64,41.90,1320,1083,1551,4225,ON
486,2026-05-24 22:28:13.685,34.4,11.60,3.182,28445,151.55,41.99,1326,1090,1559,4190,ON
487,2026-05-24 22:28:14.185,34.4,11.60,3.180,28506,151.46,42.08,1325,1089,1558,4185,ON
488,2026-05-24 22:28:14.685,34.4,11.60,3.186,28572,151.38,42.16,1324,1088,1556,4213,ON
489,2026-05-24 22:28:15.185,34.4,11.60,3.170,28636,151.29,42.25,1322,1087,1554,4180,ON
490,2026-05-24 22:28:15.685,34.4,11.62,3.174,28705,151.20,42.34,1323,1087,1554,4203,ON
491,2026-05-24 22:28:16.185,34.4,11.63,3.177,28772,151.12,42.42,1326,1091,1559,4226,ON
492,2026-05-24 22:28:16.685,34.4,11.64,3.167,28863,151.04,42.50,1328,1095,1563,4254,ON
493,2026-05-24 22:28:17.185,34.4,11.64,3.180,28944,150.95,42.59,1328,1095,1562,4213,ON
494,2026-05-24 22:28:17.685,34.4,11.64,3.184,29013,150.86,42.68,1328,1094,1561,4212,ON
495,2026-05-24 22:28:18.185,34.4,11.64,3.176,29083,150.77,42.77,1329,1094,1561,4199,ON
496,2026-05-24 22:28:18.685,34.4,11.64,3.173,29142,150.69,42.85,1328,1096,1562,4207,ON
497,2026-05-24 22:28:19.185,34.4,11.64,3.167,29206,150.61,42.93,1334,1104,1569,4251,ON
498,2026-05-24 22:28:19.685,34.4,11.65,3.161,29273,150.53,43.01,1337,1108,1572,4231,ON
499,2026-05-24 22:28:20.185,34.3,11.65,3.172,29336,150.43,43.11,1334,1106,1570,4241,ON
500,2026-05-24 22:28:20.685,34.3,11.65,3.181,29398,150.35,43.19,1333,1103,1568,4242,ON
501,2026-05-24 22:28:21.185,34.4,11.66,3.167,29453,150.25,43.29,1336,1107,1573,4281,ON
502,2026-05-24 22:28:21.685,34.4,11.67,3.174,29519,150.16,43.38,1338,1110,1574,4250,ON
503,2026-05-24 22:28:22.185,34.4,11.67,3.185,29582,150.07,43.47,1336,1110,1572,4247,ON
504,2026-05-24 22:28:22.685,34.4,11.67,3.164,29645,149.99,43.55,1335,1110,1572,4253,ON
505,2026-05-24 22:28:23.185,34.3,11.68,3.167,29712,149.90,43.64,1335,1109,1572,4261,ON
506,2026-05-24 22:28:23.685,34.3,11.69,3.155,29776,149.82,43.72,1336,1111,1573,4217,ON
507,2026-05-24 22:28:24.185,34.3,11.72,3.156,29839,149.72,43.82,1335,1110,1569,4269,ON
508,2026-05-24 22:28:24.685,34.3,11.73,3.171,29893,149.64,43.90,1338,1120,1577,4328,ON
509,2026-05-24 22:28:25.185,34.3,11.72,3.175,29950,149.56,43.98,1340,1123,1580,4272,ON
510,2026-05-24 22:28:25.685,34.3,11.72,3.162,30008,149.47,44.07,1341,1121,1579,4251,ON
511,2026-05-24 22:28:26.185,34.3,11.73,3.162,30073,149.38,44.16,1346,1128,1586,4340,ON
512,2026-05-24 22:28:26.685,34.3,11.75,3.146,30137,149.29,44.25,1346,1131,1587,4284,ON
513,2026-05-24 22:28:27.185,34.3,11.75,3.170,30197,149.21,44.33,1344,1129,1584,4271,ON
514,2026-05-24 22:28:27.685,34.3,11.74,3.167,30248,149.12,44.42,1343,1124,1581,4273,ON
515,2026-05-24 22:28:28.185,34.4,11.74,3.158,30296,149.03,44.51,1344,1125,1582,4312,ON
516,2026-05-24 22:28:28.685,34.4,11.75,3.151,30356,148.95,44.59,1345,1130,1591,4310,ON
517,2026-05-24 22:28:29.185,34.3,11.76,3.152,30423,148.86,44.68,1346,1137,1594,4287,ON
518,2026-05-24 22:28:29.685,34.3,11.76,3.143,30507,148.78,44.76,1344,1133,1588,4265,ON
519,2026-05-24 22:28:30.185,34.4,11.78,3.155,30587,148.69,44.85,1345,1132,1586,4331,ON
520,2026-05-24 22:28:30.685,34.3,11.77,3.160,30670,148.60,44.94,1348,1135,1589,4312,ON
521,2026-05-24 22:28:31.185,34.3,11.76,3.159,30741,148.51,45.03,1351,1140,1593,4400,ON
522,2026-05-24 22:28:31.685,34.3,11.76,3.148,30803,148.43,45.11,1352,1145,1596,4351,ON
523,2026-05-24 22:28:32.185,34.3,11.76,3.158,30858,148.34,45.20,1354,1148,1599,4287,ON
524,2026-05-24 22:28:32.685,34.3,11.76,3.149,30919,148.25,45.29,1351,1143,1594,4306,ON
525,2026-05-24 22:28:33.185,34.3,11.77,3.143,30973,148.17,45.37,1346,1144,1594,4309,ON
526,2026-05-24 22:28:33.685,34.3,11.79,3.147,31030,148.08,45.46,1347,1145,1592,4380,ON
527,2026-05-24 22:28:34.185,34.3,11.79,3.148,31082,147.99,45.55,1351,1149,1595,4363,ON
528,2026-05-24 22:28:34.685,34.3,11.78,3.161,31138,147.91,45.63,1354,1151,1598,4372,ON
529,2026-05-24 22:28:35.185,34.3,11.76,3.164,31198,147.82,45.72,1357,1153,1600,4383,ON
530,2026-05-24 22:28:35.685,34.3,11.74,3.153,31259,147.74,45.80,1358,1157,1602,4328,ON
531,2026-05-24 22:28:36.185,34.3,11.76,3.155,31316,147.65,45.89,1353,1152,1595,4326,ON
532,2026-05-24 22:28:36.685,34.3,11.76,3.150,31359,147.56,45.98,1351,1148,1592,4309,ON
533,2026-05-24 22:28:37.185,34.3,11.77,3.150,31414,147.48,46.06,1350,1146,1591,4330,ON
534,2026-05-24 22:28:37.685,34.3,11.77,3.157,31457,147.39,46.15,1349,1148,1589,4272,ON
535,2026-05-24 22:28:38.185,34.3,11.77,3.156,31531,147.30,46.24,1345,1145,1584,4282,ON
536,2026-05-24 22:28:38.685,34.3,11.78,3.148,31607,147.22,46.32,1342,1144,1580,4403,ON
537,2026-05-24 22:28:39.185,34.3,11.79,3.152,31679,147.13,46.41,1350,1152,1590,4403,ON
538,2026-05-24 22:28:39.685,34.3,11.79,3.148,31749,147.04,46.50,1357,1162,1601,4409,ON
539,2026-05-24 22:28:40.185,34.3,11.80,3.148,31817,146.95,46.59,1362,1168,1608,4427,ON
540,2026-05-24 22:28:40.685,34.3,11.82,3.140,31876,146.86,46.68,1365,1177,1615,4360,ON
541,2026-05-24 22:28:41.185,34.3,11.83,3.146,31920,146.78,46.76,1361,1171,1607,4351,ON
542,2026-05-24 22:28:41.685,34.3,11.84,3.136,31959,146.69,46.85,1360,1168,1605,4374,ON
543,2026-05-24 22:28:42.185,34.3,11.85,3.151,32003,146.61,46.93,1361,1167,1605,4395,ON
544,2026-05-24 22:28:42.685,34.3,11.85,3.137,32056,146.52,47.02,1363,1171,1608,4371,ON
545,2026-05-24 22:28:43.185,34.3,11.85,3.149,32115,146.43,47.11,1363,1176,1609,4396,ON
546,2026-05-24 22:28:43.685,34.3,11.83,3.152,32174,146.35,47.19,1362,1177,1609,4459,ON
547,2026-05-24 22:28:44.185,34.3,11.81,3.148,32244,146.26,47.28,1368,1184,1617,4453,ON
548,2026-05-24 22:28:44.685,34.3,11.82,3.143,32315,146.17,47.37,1371,1188,1621,4458,ON
549,2026-05-24 22:28:45.185,34.3,11.82,3.132,32382,146.09,47.45,1370,1188,1619,4421,ON
550,2026-05-24 22:28:45.685,34.3,11.83,3.141,32428,146.00,47.54,1370,1188,1618,4387,ON
551,2026-05-24 22:28:46.185,34.3,11.85,3.134,32470,145.92,47.62,1369,1188,1617,4420,ON
552,2026-05-24 22:28:46.685,34.3,11.89,3.129,32508,145.83,47.71,1371,1191,1620,4455,ON
553,2026-05-24 22:28:47.185,34.3,11.90,3.130,32558,145.74,47.80,1374,1194,1624,4495,ON
554,2026-05-24 22:28:47.685,34.3,11.90,3.140,32622,145.65,47.89,1374,1195,1623,4470,ON
555,2026-05-24 22:28:48.185,34.3,11.88,3.140,32684,145.56,47.98,1376,1198,1625,4454,ON
556,2026-05-24 22:28:48.685,34.3,11.87,3.149,32752,145.48,48.06,1376,1201,1627,4459,ON
557,2026-05-24 22:28:49.185,34.3,11.87,3.139,32836,145.39,48.15,1376,1201,1626,4448,ON
558,2026-05-24 22:28:49.685,34.3,11.88,3.136,32918,145.30,48.24,1375,1199,1624,4437,ON
559,2026-05-24 22:28:50.185,34.3,11.89,3.124,32981,145.22,48.32,1373,1198,1622,4439,ON
560,2026-05-24 22:28:50.685,34.3,11.90,3.140,33024,145.13,48.41,1372,1199,1622,4437,ON
561,2026-05-24 22:28:51.185,34.3,11.89,3.132,33062,145.04,48.50,1374,1201,1622,4467,ON
562,2026-05-24 22:28:51.685,34.3,11.88,3.137,33125,144.96,48.58,1376,1203,1626,4491,ON
563,2026-05-24 22:28:52.185,34.3,11.87,3.138,33182,144.87,48.67,1379,1208,1630,4514,ON
564,2026-05-24 22:28:52.685,34.3,11.88,3.133,33233,144.77,48.77,1382,1215,1635,4529,ON
565,2026-05-24 22:28:53.185,34.3,11.88,3.135,33282,144.68,48.86,1385,1222,1641,4497,ON
566,2026-05-24 22:28:53.685,34.3,11.88,3.147,33335,144.60,48.94,1384,1223,1641,4478,ON
567,2026-05-24 22:28:54.185,34.3,11.86,3.147,33406,144.51,49.03,1387,1225,1643,4546,ON
568,2026-05-24 22:28:54.685,34.3,11.85,3.142,33456,144.43,49.11,1387,1225,1642,4502,ON
569,2026-05-24 22:28:55.185,34.3,11.86,3.139,33507,144.34,49.20,1384,1223,1639,4494,ON
570,2026-05-24 22:28:55.685,34.3,11.87,3.141,33555,144.26,49.28,1383,1222,1637,4466,ON
571,2026-05-24 22:28:56.185,34.3,11.88,3.128,33611,144.17,49.37,1386,1227,1643,4523,ON
572,2026-05-24 22:28:56.685,34.3,11.89,3.139,33671,144.08,49.46,1391,1236,1649,4556,ON
573,2026-05-24 22:28:57.185,34.3,11.88,3.149,33732,144.00,49.54,1393,1238,1650,4538,ON
574,2026-05-24 22:28:57.685,34.3,11.88,3.128,33801,143.91,49.63,1390,1236,1646,4540,ON
575,2026-05-24 22:28:58.185,34.3,11.89,3.131,33862,143.82,49.72,1390,1235,1646,4554,ON
576,2026-05-24 22:28:58.685,34.3,11.90,3.142,33914,143.73,49.81,1391,1241,1649,4558,ON
577,2026-05-24 22:28:59.185,34.3,11.88,3.143,33956,143.65,49.89,1393,1246,1652,4538,ON
578,2026-05-24 22:28:59.685,34.3,11.88,3.128,33999,143.56,49.98,1391,1243,1649,4537,ON
579,2026-05-24 22:29:00.185,34.3,11.88,3.138,34039,143.47,50.07,1391,1242,1647,4518,ON
580,2026-05-24 22:29:00.685,34.3,11.87,3.143,34085,143.39,50.15,1392,1245,1650,4568,ON
581,2026-05-24 22:29:01.185,34.3,11.86,3.145,34133,143.30,50.24,1395,1249,1653,4557,ON
582,2026-05-24 22:29:01.685,34.3,11.86,3.133,34183,143.21,50.33,1393,1248,1651,4548,ON
583,2026-05-24 22:29:02.185,34.3,11.88,3.131,34236,143.13,50.41,1393,1246,1649,4578,ON
584,2026-05-24 22:29:02.685,34.3,11.90,3.131,34294,143.04,50.50,1392,1248,1647,4544,ON
585,2026-05-24 22:29:03.185,34.3,11.92,3.136,34369,142.96,50.58,1392,1247,1646,4574,ON
586,2026-05-24 22:29:03.685,34.3,11.91,3.137,34433,142.87,50.67,1394,1253,1650,4542,ON
587,2026-05-24 22:29:04.185,34.3,11.90,3.127,34492,142.78,50.76,1393,1252,1649,4530,ON
588,2026-05-24 22:29:04.685,34.3,11.92,3.138,34539,142.69,50.85,1393,1253,1649,4633,ON
589,2026-05-24 22:29:05.185,34.3,11.92,3.133,34605,142.61,50.93,1398,1260,1657,4661,ON
590,2026-05-24 22:29:05.685,34.3,11.92,3.127,34675,142.52,51.02,1402,1270,1665,4639,ON
591,2026-05-24 22:29:06.185,34.3,11.93,3.125,34741,142.44,51.10,1406,1276,1671,4596,ON
592,2026-05-24 22:29:06.685,34.2,11.93,3.130,34793,142.35,51.19,1407,1278,1671,4612,ON
593,2026-05-24 22:29:07.185,34.2,11.93,3.123,34830,142.26,51.28,1404,1276,1667,4582,ON
594,2026-05-24 22:29:07.685,34.2,11.94,3.122,34867,142.17,51.37,1402,1271,1661,4610,ON
595,2026-05-24 22:29:08.185,34.2,11.96,3.122,34909,142.08,51.46,1401,1272,1659,4604,ON
596,2026-05-24 22:29:08.685,34.2,11.96,3.128,34939,142.00,51.54,1401,1272,1658,4588,ON
597,2026-05-24 22:29:09.185,34.2,11.96,3.130,34980,141.91,51.63,1400,1273,1658,4601,ON
598,2026-05-24 22:29:09.685,34.2,11.96,3.126,35043,141.83,51.71,1404,1279,1664,4674,ON
599,2026-05-24 22:29:10.185,34.2,11.95,3.133,35111,141.74,51.80,1409,1286,1672,4678,ON
600,2026-05-24 22:29:10.685,34.2,11.94,3.130,35180,141.66,51.88,1409,1288,1672,4649,ON
601,2026-05-24 22:29:11.185,34.2,11.93,3.119,35245,141.57,51.97,1409,1290,1672,4655,ON
602,2026-05-24 22:29:11.685,34.2,11.94,3.134,35307,141.48,52.06,1410,1290,1673,4583,ON
603,2026-05-24 22:29:12.185,34.2,11.93,3.131,35355,141.40,52.14,1406,1285,1667,4565,ON
604,2026-05-24 22:29:12.685,34.2,11.93,3.124,35397,141.31,52.23,1406,1287,1666,4626,ON
605,2026-05-24 22:29:13.185,34.2,11.94,3.129,35437,141.23,52.31,1407,1289,1667,4695,ON
606,2026-05-24 22:29:13.685,34.2,11.93,3.130,35472,141.13,52.41,1413,1300,1676,4704,ON
607,2026-05-24 22:29:14.185,34.2,11.93,3.128,35510,141.05,52.49,1417,1307,1683,4667,ON
608,2026-05-24 22:29:14.685,34.2,11.93,3.133,35566,140.97,52.57,1417,1308,1683,4679,ON
609,2026-05-24 22:29:15.185,34.2,11.92,3.125,35613,140.87,52.67,1417,1309,1683,4684,ON
610,2026-05-24 22:29:15.685,34.2,11.92,3.132,35665,140.79,52.75,1417,1309,1682,4732,ON
611,2026-05-24 22:29:16.185,34.2,11.92,3.125,35711,140.70,52.84,1416,1310,1680,4690,ON
612,2026-05-24 22:29:16.685,34.2,11.92,3.134,35746,140.62,52.92,1414,1310,1679,4683,ON
613,2026-05-24 22:29:17.185,34.2,11.92,3.120,35783,140.53,53.01,1415,1311,1679,4660,ON
614,2026-05-24 22:29:17.685,34.2,11.93,3.125,35821,140.44,53.10,1413,1310,1677,4657,ON
615,2026-05-24 22:29:18.185,34.2,11.94,3.117,35859,140.35,53.19,1417,1316,1681,4693,ON
616,2026-05-24 22:29:18.685,34.2,11.94,3.127,35906,140.26,53.28,1419,1320,1685,4720,ON
617,2026-05-24 22:29:19.185,34.2,11.94,3.120,35965,140.18,53.36,1421,1323,1687,4734,ON
618,2026-05-24 22:29:19.685,34.2,11.96,3.112,36032,140.09,53.45,1421,1325,1688,4730,ON
619,2026-05-24 22:29:20.185,34.2,11.97,3.130,36110,140.01,53.53,1423,1329,1690,4717,ON
620,2026-05-24 22:29:20.685,34.2,11.96,3.124,36166,139.92,53.62,1423,1329,1689,4717,ON
621,2026-05-24 22:29:21.185,34.2,11.95,3.119,36223,139.83,53.71,1422,1329,1688,4757,ON
622,2026-05-24 22:29:21.685,34.2,11.97,3.119,36258,139.75,53.79,1425,1332,1690,4768,ON
623,2026-05-24 22:29:22.185,34.2,11.98,3.115,36294,139.67,53.87,1427,1340,1696,4770,ON
624,2026-05-24 22:29:22.685,34.2,12.00,3.129,36325,139.57,53.97,1429,1346,1700,4727,ON
625,2026-05-24 22:29:23.185,34.2,11.97,3.112,36359,139.48,54.06,1430,1347,1701,4727,ON
626,2026-05-24 22:29:23.685,34.2,11.97,3.130,36416,139.39,54.15,1435,1354,1707,4800,ON
627,2026-05-24 22:29:24.185,34.2,11.97,3.123,36487,139.30,54.24,1435,1355,1707,4773,ON
628,2026-05-24 22:29:24.685,34.2,11.97,3.115,36547,139.22,54.32,1432,1352,1702,4785,ON
629,2026-05-24 22:29:25.185,34.2,11.99,3.127,36614,139.13,54.41,1431,1351,1700,4767,ON
630,2026-05-24 22:29:25.685,34.2,11.98,3.122,36662,139.05,54.49,1431,1351,1700,4745,ON
631,2026-05-24 22:29:26.185,34.2,11.98,3.109,36700,138.96,54.58,1430,1352,1698,4777,ON
632,2026-05-24 22:29:26.685,34.2,11.98,3.123,36739,138.87,54.67,1430,1355,1698,4782,ON
633,2026-05-24 22:29:27.185,34.2,11.97,3.112,36776,138.79,54.75,1430,1357,1698,4769,ON
634,2026-05-24 22:29:27.685,34.2,11.96,3.124,36828,138.69,54.85,1430,1359,1698,4761,ON
635,2026-05-24 22:29:28.185,34.2,11.96,3.116,36890,138.61,54.93,1431,1362,1702,4773,ON
636,2026-05-24 22:29:28.685,34.2,11.96,3.126,36945,138.52,55.02,1433,1366,1704,4788,ON
637,2026-05-24 22:29:29.185,34.2,11.96,3.115,37000,138.43,55.11,1436,1372,1708,4851,ON
638,2026-05-24 22:29:29.685,34.2,11.97,3.103,37049,138.35,55.19,1441,1378,1714,4872,ON
639,2026-05-24 22:29:30.185,34.2,11.98,3.121,37102,138.27,55.27,1442,1381,1716,4846,ON
640,2026-05-24 22:29:30.685,34.2,11.97,3.121,37144,138.17,55.37,1442,1382,1716,4829,ON
641,2026-05-24 22:29:31.185,34.2,11.97,3.123,37179,138.09,55.45,1441,1383,1715,4801,ON
642,2026-05-24 22:29:31.685,34.2,11.97,3.108,37213,138.00,55.54,1440,1382,1712,4804,ON
643,2026-05-24 22:29:32.185,34.2,11.97,3.135,37256,137.91,55.63,1440,1384,1711,4822,ON
644,2026-05-24 22:29:32.685,34.2,11.97,3.121,37308,137.83,55.71,1442,1387,1714,4857,ON
645,2026-05-24 22:29:33.185,34.2,11.97,3.126,37363,137.74,55.80,1444,1390,1717,4853,ON
646,2026-05-24 22:29:33.685,34.2,11.97,3.120,37422,137.65,55.89,1444,1392,1718,4854,ON
647,2026-05-24 22:29:34.185,34.2,11.98,3.109,37490,137.56,55.98,1444,1395,1719,4854,ON
648,2026-05-24 22:29:34.685,34.2,11.99,3.103,37539,137.48,56.06,1443,1395,1717,4839,ON
649,2026-05-24 22:29:35.185,34.2,12.01,3.117,37578,137.39,56.15,1442,1393,1714,4859,ON
650,2026-05-24 22:29:35.685,34.1,12.00,3.130,37623,137.30,56.24,1444,1397,1716,4862,ON
651,2026-05-24 22:29:36.185,34.1,11.99,3.116,37659,137.22,56.32,1445,1400,1718,4866,ON
652,2026-05-24 22:29:36.685,34.1,12.00,3.118,37705,137.13,56.41,1451,1409,1725,4934,ON
653,2026-05-24 22:29:37.185,34.1,11.99,3.125,37755,137.04,56.50,1453,1414,1728,4894,ON
654,2026-05-24 22:29:37.685,34.1,11.99,3.103,37819,136.96,56.58,1453,1414,1728,4980,ON
655,2026-05-24 22:29:38.185,34.2,12.02,3.109,37877,136.87,56.67,1457,1421,1734,4959,ON
656,2026-05-24 22:29:38.685,34.2,12.03,3.125,37927,136.78,56.76,1458,1425,1736,4916,ON
657,2026-05-24 22:29:39.185,34.2,12.02,3.113,37970,136.70,56.84,1458,1426,1736,4905,ON
658,2026-05-24 22:29:39.685,34.2,12.03,3.122,38013,136.61,56.93,1457,1427,1735,4875,ON
659,2026-05-24 22:29:40.185,34.2,12.01,3.110,38056,136.53,57.01,1453,1423,1730,4909,ON
660,2026-05-24 22:29:40.685,34.1,12.02,3.113,38091,136.44,57.10,1454,1424,1730,4953,ON
661,2026-05-24 22:29:41.185,34.1,12.02,3.110,38134,136.35,57.19,1456,1431,1733,4941,ON
662,2026-05-24 22:29:41.685,34.1,12.02,3.116,38189,136.26,57.28,1457,1433,1734,4909,ON
663,2026-05-24 22:29:42.185,34.1,12.02,3.112,38250,136.18,57.36,1458,1436,1736,4962,ON
664,2026-05-24 22:29:42.685,34.2,12.03,3.112,38304,136.09,57.45,1460,1441,1738,4958,ON
665,2026-05-24 22:29:43.185,34.2,12.01,3.122,38354,136.01,57.53,1461,1445,1741,4981,ON
666,2026-05-24 22:29:43.685,34.1,12.00,3.108,38409,135.92,57.62,1464,1450,1745,4995,ON
667,2026-05-24 22:29:44.185,34.1,12.01,3.114,38443,135.83,57.71,1464,1452,1746,4973,ON
668,2026-05-24 22:29:44.685,34.1,12.01,3.113,38472,135.74,57.80,1465,1455,1747,4992,ON
669,2026-05-24 22:29:45.185,34.1,12.00,3.124,38515,135.66,57.88,1467,1459,1750,5028,ON
670,2026-05-24 22:29:45.685,34.2,11.99,3.124,38585,135.57,57.97,1472,1466,1756,4996,ON
671,2026-05-24 22:29:46.185,34.2,11.98,3.116,38635,135.49,58.05,1472,1467,1754,4998,ON
672,2026-05-24 22:29:46.685,34.1,11.98,3.115,38682,135.39,58.15,1472,1468,1752,4981,ON
673,2026-05-24 22:29:47.185,34.1,12.00,3.116,38747,135.31,58.23,1472,1469,1752,4990,ON
674,2026-05-24 22:29:47.685,34.1,12.00,3.118,38802,135.22,58.32,1470,1469,1752,4963,ON
675,2026-05-24 22:29:48.185,34.1,12.00,3.119,38842,135.14,58.40,1469,1469,1745,4991,ON
676,2026-05-24 22:29:48.685,34.1,12.00,3.112,38877,135.06,58.48,1471,1470,1744,5002,ON
677,2026-05-24 22:29:49.185,34.1,12.01,3.124,38911,134.96,58.58,1471,1472,1744,5053,ON
678,2026-05-24 22:29:49.685,34.1,12.00,3.109,38943,134.88,58.66,1472,1477,1751,5030,ON
679,2026-05-24 22:29:50.185,34.1,12.02,3.110,38988,134.79,58.75,1472,1481,1754,5027,ON
680,2026-05-24 22:29:50.685,34.1,12.03,3.117,39045,134.71,58.83,1474,1485,1757,5030,ON
681,2026-05-24 22:29:51.185,34.1,12.02,3.115,39115,134.62,58.92,1478,1493,1763,5080,ON
682,2026-05-24 22:29:51.685,34.1,12.01,3.105,39182,134.53,59.01,1481,1498,1768,5110,ON
683,2026-05-24 22:29:52.185,34.1,12.03,3.112,39233,134.44,59.10,1478,1497,1765,5047,ON
684,2026-05-24 22:29:52.685,34.1,12.04,3.105,39272,134.35,59.19,1479,1499,1766,5065,ON
685,2026-05-24 22:29:53.185,34.1,12.05,3.105,39313,134.26,59.28,1481,1502,1767,5075,ON
686,2026-05-24 22:29:53.685,34.1,12.06,3.117,39348,134.16,59.38,1482,1505,1768,5086,ON
687,2026-05-24 22:29:54.185,34.1,12.04,3.110,39377,134.08,59.46,1483,1509,1769,5102,ON
688,2026-05-24 22:29:54.685,34.1,12.04,3.121,39412,133.99,59.55,1485,1512,1772,5115,ON
689,2026-05-24 22:29:55.185,34.1,12.03,3.115,39461,133.91,59.63,1485,1513,1771,5118,ON
690,2026-05-24 22:29:55.685,34.1,12.02,3.107,39519,133.82,59.72,1484,1514,1771,5086,ON
691,2026-05-24 22:29:56.185,34.1,12.01,3.114,39579,133.73,59.81,1483,1515,1769,5076,ON
692,2026-05-24 22:29:56.685,34.1,12.01,3.115,39624,133.65,59.89,1484,1519,1770,5091,ON
693,2026-05-24 22:29:57.185,34.1,12.00,3.121,39664,133.56,59.98,1486,1523,1773,5130,ON
694,2026-05-24 22:29:57.685,34.1,11.99,3.122,39693,133.47,60.07,1488,1527,1777,5094,ON
695,2026-05-24 22:29:58.185,34.1,11.99,3.126,39724,133.39,60.15,1486,1526,1774,5103,ON
696,2026-05-24 22:29:58.685,34.1,11.99,3.110,39751,133.30,60.24,1485,1526,1772,5096,ON
697,2026-05-24 22:29:59.185,34.1,12.00,3.118,39781,133.21,60.33,1486,1531,1775,5110,ON
698,2026-05-24 22:29:59.685,34.1,12.00,3.119,39824,133.14,60.40,1491,1538,1780,5131,ON
699,2026-05-24 22:30:00.185,34.1,12.01,3.101,39869,133.04,60.50,1490,1539,1779,5153,ON
700,2026-05-24 22:30:00.685,34.1,12.02,3.107,39932,132.95,60.59,1491,1541,1780,5151,ON
701,2026-05-24 22:30:01.185,34.1,12.04,3.122,39988,132.87,60.67,1491,1543,1779,5139,ON
702,2026-05-24 22:30:01.685,34.1,12.02,3.101,40033,132.78,60.76,1490,1544,1777,5124,ON
703,2026-05-24 22:30:02.185,34.1,12.04,3.104,40074,132.70,60.84,1491,1547,1778,5151,ON
704,2026-05-24 22:30:02.685,34.1,12.06,3.100,40105,132.61,60.93,1493,1549,1779,5185,ON
705,2026-05-24 22:30:03.185,34.1,12.06,3.124,40152,132.52,61.02,1495,1555,1785,5189,ON
706,2026-05-24 22:30:03.685,34.1,12.03,3.124,40206,132.43,61.11,1496,1558,1786,5163,ON
707,2026-05-24 22:30:04.185,34.1,12.01,3.124,40268,132.35,61.19,1495,1558,1785,5153,ON
708,2026-05-24 22:30:04.685,34.1,12.00,3.109,40324,132.26,61.28,1499,1565,1791,5235,ON
709,2026-05-24 22:30:05.185,34.1,12.01,3.101,40376,132.17,61.37,1504,1573,1797,5228,ON
710,2026-05-24 22:30:05.685,34.1,12.02,3.125,40426,132.09,61.45,1505,1578,1800,5244,ON
711,2026-05-24 22:30:06.185,34.1,12.02,3.114,40465,132.00,61.54,1498,1569,1789,5154,ON
712,2026-05-24 22:30:06.685,34.1,12.03,3.115,40499,131.91,61.63,1493,1565,1782,5180,ON
713,2026-05-24 22:30:07.185,34.1,12.02,3.116,40531,131.83,61.71,1496,1571,1787,5214,ON
714,2026-05-24 22:30:07.685,34.1,12.02,3.123,40566,131.74,61.80,1500,1577,1792,5206,ON
715,2026-05-24 22:30:08.185,34.1,12.01,3.120,40605,131.65,61.89,1501,1581,1795,5180,ON
716,2026-05-24 22:30:08.685,34.1,12.01,3.104,40647,131.56,61.98,1499,1580,1794,5189,ON
717,2026-05-24 22:30:09.185,34.1,12.02,3.111,40687,131.48,62.06,1503,1584,1795,5236,ON
718,2026-05-24 22:30:09.685,34.1,12.03,3.118,40733,131.39,62.15,1505,1589,1799,5271,ON
719,2026-05-24 22:30:10.185,34.1,12.02,3.110,40779,131.31,62.24,1505,1593,1801,5239,ON
720,2026-05-24 22:30:10.685,34.1,12.02,3.105,40815,131.22,62.32,1506,1593,1798,5260,ON
721,2026-05-24 22:30:11.185,34.1,12.04,3.107,40855,131.14,62.40,1509,1601,1803,5274,ON
722,2026-05-24 22:30:11.685,34.1,12.05,3.106,40911,131.05,62.49,1511,1607,1805,5276,ON
723,2026-05-24 22:30:12.185,34.1,12.05,3.118,40946,130.96,62.58,1512,1611,1807,5282,ON
724,2026-05-24 22:30:12.685,34.1,12.04,3.117,40985,130.87,62.67,1514,1615,1807,5295,ON
725,2026-05-24 22:30:13.185,34.1,12.04,3.111,41039,130.79,62.76,1512,1614,1804,5250,ON
726,2026-05-24 22:30:13.685,34.1,12.04,3.105,41098,130.70,62.84,1510,1613,1800,5254,ON
727,2026-05-24 22:30:14.185,34.1,12.05,3.116,41164,130.62,62.92,1510,1616,1802,5278,ON
728,2026-05-24 22:30:14.685,34.1,12.04,3.123,41213,130.52,63.02,1518,1627,1808,5347,ON
729,2026-05-24 22:30:15.185,34.1,12.03,3.108,41248,130.44,63.10,1522,1634,1808,5331,ON
730,2026-05-24 22:30:15.685,34.1,12.04,3.121,41283,130.35,63.19,1522,1637,1814,5330,ON
731,2026-05-24 22:30:16.185,34.1,12.03,3.119,41307,130.27,63.27,1522,1639,1818,5317,ON
732,2026-05-24 22:30:16.685,34.1,12.02,3.122,41325,130.18,63.36,1522,1640,1820,5356,ON
733,2026-05-24 22:30:17.185,34.1,12.00,3.114,41365,130.09,63.45,1522,1643,1820,5337,ON
734,2026-05-24 22:30:17.685,34.1,12.02,3.109,41415,130.00,63.54,1523,1646,1821,5328,ON
735,2026-05-24 22:30:18.185,34.1,12.04,3.099,41458,129.92,63.62,1522,1646,1818,5361,ON
736,2026-05-24 22:30:18.685,34.1,12.03,3.114,41509,129.83,63.71,1519,1648,1817,5295,ON
737,2026-05-24 22:30:19.185,34.1,12.03,3.111,41562,129.74,63.80,1516,1649,1816,5294,ON
738,2026-05-24 22:30:19.685,34.1,12.02,3.106,41594,129.66,63.88,1519,1648,1813,5381,ON
739,2026-05-24 22:30:20.185,34.1,12.03,3.108,41621,129.57,63.97,1524,1653,1816,5401,ON
740,2026-05-24 22:30:20.685,34.1,12.03,3.111,41650,129.48,64.06,1526,1659,1820,5381,ON
741,2026-05-24 22:30:21.185,34.1,12.04,3.114,41678,129.39,64.15,1526,1661,1820,5394,ON
742,2026-05-24 22:30:21.685,34.1,12.04,3.125,41704,129.31,64.23,1526,1663,1820,5358,ON
743,2026-05-24 22:30:22.185,34.1,12.03,3.118,41739,129.22,64.32,1527,1666,1822,5386,ON
744,2026-05-24 22:30:22.685,34.1,12.04,3.107,41790,129.13,64.41,1529,1671,1825,5402,ON
745,2026-05-24 22:30:23.185,34.1,12.05,3.105,41840,129.04,64.50,1531,1677,1827,5408,ON
746,2026-05-24 22:30:23.685,34.1,12.05,3.117,41890,128.96,64.58,1533,1684,1833,5408,ON
747,2026-05-24 22:30:24.185,34.1,12.05,3.115,41940,128.86,64.68,1532,1688,1836,5419,ON
748,2026-05-24 22:30:24.685,34.1,12.06,3.108,41979,128.77,64.77,1532,1688,1834,5394,ON
749,2026-05-24 22:30:25.185,34.1,12.07,3.123,42022,128.69,64.85,1531,1687,1831,5389,ON
750,2026-05-24 22:30:25.685,34.1,12.04,3.113,42068,128.60,64.94,1530,1688,1829,5390,ON
751,2026-05-24 22:30:26.185,34.1,12.04,3.097,42107,128.51,65.03,1533,1693,1833,5443,ON
752,2026-05-24 22:30:26.685,34.1,12.06,3.102,42151,128.42,65.12,1536,1698,1836,5453,ON
753,2026-05-24 22:30:27.185,34.1,12.07,3.099,42196,128.34,65.20,1537,1703,1839,5444,ON
754,2026-05-24 22:30:27.685,34.1,12.07,3.104,42244,128.25,65.29,1538,1705,1839,5410,ON
755,2026-05-24 22:30:28.185,34.1,12.06,3.114,42281,128.17,65.37,1536,1704,1835,5392,ON
756,2026-05-24 22:30:28.685,34.1,12.06,3.096,42324,128.08,65.46,1537,1709,1837,5448,ON
757,2026-05-24 22:30:29.185,34.1,12.08,3.099,42350,127.99,65.55,1537,1711,1837,5482,ON
758,2026-05-24 22:30:29.685,34.1,12.09,3.103,42385,127.91,65.63,1539,1714,1839,5492,ON
759,2026-05-24 22:30:30.185,34.1,12.09,3.104,42418,127.82,65.72,1539,1716,1838,5429,ON
760,2026-05-24 22:30:30.685,34.1,12.09,3.107,42458,127.73,65.81,1537,1716,1835,5458,ON
761,2026-05-24 22:30:31.185,34.1,12.08,3.108,42510,127.64,65.90,1540,1722,1840,5510,ON
762,2026-05-24 22:30:31.685,34.1,12.08,3.098,42562,127.56,65.98,1544,1730,1847,5516,ON
763,2026-05-24 22:30:32.185,34.1,12.10,3.110,42614,127.47,66.07,1543,1730,1845,5465,ON
764,2026-05-24 22:30:32.685,34.1,12.10,3.094,42657,127.39,66.15,1539,1726,1839,5452,ON
765,2026-05-24 22:30:33.185,34.1,12.12,3.101,42691,127.30,66.24,1538,1727,1838,5480,ON
766,2026-05-24 22:30:33.685,34.1,12.12,3.102,42732,127.21,66.33,1542,1733,1843,5482,ON
767,2026-05-24 22:30:34.185,34.1,12.11,3.104,42757,127.12,66.42,1547,1741,1847,5516,ON
768,2026-05-24 22:30:34.685,34.1,12.10,3.106,42773,127.04,66.50,1548,1743,1848,5538,ON
769,2026-05-24 22:30:35.185,34.1,12.09,3.106,42827,126.95,66.59,1549,1745,1847,5560,ON
770,2026-05-24 22:30:35.685,34.1,12.09,3.103,42879,126.87,66.67,1552,1754,1853,5563,ON
771,2026-05-24 22:30:36.185,34.1,12.09,3.099,42931,126.77,66.77,1554,1760,1857,5515,ON
772,2026-05-24 22:30:36.685,34.1,12.10,3.105,42972,126.69,66.85,1552,1759,1854,5481,ON
773,2026-05-24 22:30:37.185,34.1,12.09,3.104,43011,126.60,66.94,1547,1753,1845,5467,ON
774,2026-05-24 22:30:37.685,34.1,12.09,3.107,43065,126.52,67.02,1542,1749,1839,5499,ON
775,2026-05-24 22:30:38.185,34.1,12.08,3.106,43101,126.43,67.11,1544,1753,1841,5561,ON
776,2026-05-24 22:30:38.685,34.1,12.08,3.104,43140,126.35,67.19,1550,1763,1848,5547,ON
777,2026-05-24 22:30:39.185,34.1,12.06,3.108,43180,126.26,67.28,1552,1768,1851,5554,ON
778,2026-05-24 22:30:39.685,34.0,12.03,3.120,43216,126.17,67.37,1552,1770,1852,5607,ON
779,2026-05-24 22:30:40.185,34.0,12.04,3.106,43267,126.08,67.46,1556,1777,1857,5609,ON
780,2026-05-24 22:30:40.685,34.0,12.04,3.118,43319,126.00,67.54,1558,1782,1861,5637,ON
781,2026-05-24 22:30:41.185,34.0,12.03,3.101,43382,125.92,67.62,1556,1782,1860,5574,ON
782,2026-05-24 22:30:41.685,34.0,12.06,3.096,43450,125.82,67.72,1555,1784,1860,5582,ON
783,2026-05-24 22:30:42.185,34.0,12.06,3.115,43492,125.74,67.80,1554,1785,1860,5588,ON
784,2026-05-24 22:30:42.685,34.1,12.05,3.116,43537,125.65,67.89,1554,1785,1860,5627,ON
785,2026-05-24 22:30:43.185,34.0,12.05,3.102,43565,125.57,67.97,1556,1791,1864,5630,ON
786,2026-05-24 22:30:43.685,34.0,12.07,3.103,43603,125.48,68.06,1560,1797,1870,5636,ON
787,2026-05-24 22:30:44.185,34.0,12.08,3.111,43646,125.39,68.15,1563,1803,1875,5582,ON
788,2026-05-24 22:30:44.685,34.1,12.08,3.100,43685,125.31,68.23,1560,1802,1872,5587,ON
789,2026-05-24 22:30:45.185,34.1,12.10,3.097,43717,125.22,68.32,1564,1809,1878,5657,ON
790,2026-05-24 22:30:45.685,34.0,12.11,3.099,43758,125.13,68.41,1566,1813,1881,5667,ON
791,2026-05-24 22:30:46.185,34.0,12.10,3.114,43782,125.04,68.50,1566,1816,1882,5663,ON
792,2026-05-24 22:30:46.685,34.0,12.08,3.108,43818,124.96,68.58,1563,1815,1881,5646,ON
793,2026-05-24 22:30:47.185,34.0,12.06,3.103,43851,124.87,68.67,1562,1814,1878,5599,ON
794,2026-05-24 22:30:47.685,34.0,12.06,3.108,43881,124.78,68.76,1562,1815,1876,5645,ON
795,2026-05-24 22:30:48.185,34.0,12.06,3.108,43920,124.70,68.84,1563,1820,1879,5691,ON
796,2026-05-24 22:30:48.685,34.0,12.06,3.101,43964,124.59,68.95,1567,1827,1884,5733,ON
797,2026-05-24 22:30:49.185,34.0,12.08,3.101,44012,124.51,69.03,1570,1836,1891,5670,ON
798,2026-05-24 22:30:49.685,34.0,12.09,3.100,44083,124.42,69.12,1570,1837,1888,5620,ON
799,2026-05-24 22:30:50.185,34.0,12.10,3.097,44148,124.33,69.21,1568,1837,1888,5656,ON
800,2026-05-24 22:30:50.685,34.0,12.09,3.111,44187,124.24,69.30,1568,1837,1888,5667,ON
801,2026-05-24 22:30:51.185,34.0,12.09,3.103,44226,124.15,69.39,1569,1848,1893,5731,ON
802,2026-05-24 22:30:51.685,34.0,12.09,3.119,44256,124.07,69.47,1572,1854,1894,5723,ON
803,2026-05-24 22:30:52.185,34.0,12.09,3.105,44274,123.98,69.56,1573,1855,1892,5722,ON
804,2026-05-24 22:30:52.685,34.0,12.09,3.106,44285,123.89,69.65,1575,1855,1889,5700,ON
805,2026-05-24 22:30:53.185,34.0,12.09,3.097,44304,123.81,69.73,1574,1856,1887,5708,ON
806,2026-05-24 22:30:53.685,34.0,12.10,3.082,44336,123.72,69.82,1575,1859,1887,5732,ON
807,2026-05-24 22:30:54.185,34.0,12.11,3.094,44399,123.64,69.90,1578,1866,1892,5770,ON
808,2026-05-24 22:30:54.685,34.0,12.10,3.111,44446,123.56,69.98,1581,1873,1897,5683,ON
809,2026-05-24 22:30:55.185,34.0,12.08,3.115,44486,123.46,70.08,1584,1878,1896,5716,ON
810,2026-05-24 22:30:55.685,34.0,12.07,3.094,44520,123.38,70.16,1579,1874,1890,5707,ON
811,2026-05-24 22:30:56.185,34.0,12.07,3.108,44553,123.29,70.25,1579,1875,1891,5800,ON
812,2026-05-24 22:30:56.685,34.0,12.08,3.100,44583,123.20,70.34,1581,1880,1898,5761,ON
813,2026-05-24 22:30:57.185,34.0,12.10,3.098,44613,123.12,70.42,1579,1881,1896,5707,ON
814,2026-05-24 22:30:57.685,34.0,12.09,3.117,44652,123.03,70.51,1576,1880,1894,5727,ON
815,2026-05-24 22:30:58.185,34.0,12.08,3.100,44686,122.94,70.60,1580,1891,1894,5782,ON
816,2026-05-24 22:30:58.685,34.0,12.09,3.114,44728,122.86,70.68,1584,1897,1896,5840,ON
817,2026-05-24 22:30:59.185,34.0,12.11,3.086,44775,122.77,70.77,1588,1906,1898,5810,ON
818,2026-05-24 22:30:59.685,34.0,12.12,3.108,44825,122.69,70.85,1587,1908,1904,5812,ON
819,2026-05-24 22:31:00.185,34.0,12.12,3.100,44855,122.60,70.94,1587,1909,1905,5807,ON
820,2026-05-24 22:31:00.685,34.0,12.11,3.117,44873,122.51,71.03,1584,1906,1901,5790,ON
821,2026-05-24 22:31:01.185,34.0,12.09,3.113,44885,122.43,71.11,1583,1906,1900,5813,ON
822,2026-05-24 22:31:01.685,34.0,12.08,3.109,44913,122.34,71.20,1586,1910,1902,5812,ON
823,2026-05-24 22:31:02.185,34.0,12.09,3.104,44943,122.25,71.29,1587,1913,1903,5782,ON
824,2026-05-24 22:31:02.685,34.0,12.09,3.100,44983,122.16,71.38,1590,1918,1904,5798,ON
825,2026-05-24 22:31:03.185,34.0,12.09,3.103,45041,122.08,71.46,1594,1924,1904,5850,ON
826,2026-05-24 22:31:03.685,34.0,12.09,3.101,45108,121.99,71.55,1595,1928,1908,5843,ON
827,2026-05-24 22:31:04.185,34.0,12.08,3.105,45158,121.90,71.64,1597,1931,1910,5858,ON
828,2026-05-24 22:31:04.685,34.0,12.08,3.100,45192,121.81,71.73,1595,1927,1905,5841,ON
829,2026-05-24 22:31:05.185,34.0,12.07,3.110,45231,121.73,71.81,1587,1926,1903,5805,ON
830,2026-05-24 22:31:05.685,34.0,12.08,3.103,45255,121.65,71.90,1586,1930,1903,5835,ON
831,2026-05-24 22:31:06.185,34.0,12.08,3.108,45269,121.56,71.98,1588,1936,1907,5849,ON
832,2026-05-24 22:31:06.685,34.0,12.08,3.093,45290,121.47,72.07,1591,1942,1911,5872,ON
833,2026-05-24 22:31:07.185,34.0,12.07,3.110,45325,121.38,72.16,1591,1945,1910,5856,ON
834,2026-05-24 22:31:07.685,34.0,12.08,3.102,45378,121.30,72.24,1589,1944,1907,5843,ON
835,2026-05-24 22:31:08.185,34.0,12.09,3.106,45423,121.21,72.33,1588,1947,1908,5789,ON
836,2026-05-24 22:31:08.685,34.0,12.12,3.093,45459,121.12,72.42,1588,1947,1904,5831,ON
837,2026-05-24 22:31:09.185,34.0,12.13,3.107,45516,121.03,72.51,1587,1949,1912,5902,ON
838,2026-05-24 22:31:09.685,34.0,12.12,3.110,45561,120.95,72.59,1588,1950,1911,5849,ON
839,2026-05-24 22:31:10.185,34.0,12.12,3.096,45588,120.86,72.68,1591,1955,1910,5912,ON
840,2026-05-24 22:31:10.685,34.0,12.12,3.103,45604,120.78,72.76,1594,1961,1915,5889,ON
841,2026-05-24 22:31:11.185,34.0,12.12,3.117,45614,120.69,72.85,1595,1963,1914,5873,ON
842,2026-05-24 22:31:11.685,34.0,12.10,3.104,45655,120.60,72.94,1599,1962,1912,5919,ON
843,2026-05-24 22:31:12.185,34.0,12.09,3.097,45689,120.51,73.03,1602,1957,1912,5922,ON
844,2026-05-24 22:31:12.685,34.0,12.10,3.093,45732,120.43,73.11,1601,1962,1916,5932,ON
845,2026-05-24 22:31:13.185,34.0,12.11,3.106,45771,120.33,73.21,1602,1967,1918,5892,ON
846,2026-05-24 22:31:13.685,34.0,12.11,3.104,45827,120.26,73.28,1601,1967,1917,5837,ON
847,2026-05-24 22:31:14.185,34.0,12.11,3.102,45861,120.17,73.37,1597,1963,1911,5865,ON
848,2026-05-24 22:31:14.685,34.0,12.12,3.098,45894,120.08,73.46,1594,1962,1907,5901,ON
849,2026-05-24 22:31:15.185,34.0,12.13,3.101,45924,120.00,73.54,1595,1964,1905,5897,ON
850,2026-05-24 22:31:15.685,34.0,12.14,3.085,45943,119.92,73.63,1595,1966,1906,5897,ON
851,2026-05-24 22:31:16.185,34.0,12.14,3.104,45976,119.82,73.72,1596,1970,1908,5881,ON
852,2026-05-24 22:31:16.685,34.0,12.14,3.095,46009,119.74,73.80,1598,1983,1918,5886,ON
853,2026-05-24 22:31:17.185,34.0,12.15,3.101,46062,119.65,73.89,1598,1983,1915,5883,ON
854,2026-05-24 22:31:17.685,34.0,12.14,3.100,46116,119.56,73.98,1600,1987,1915,5918,ON
855,2026-05-24 22:31:18.185,34.0,12.13,3.088,46172,119.48,74.06,1603,1993,1921,5974,ON
856,2026-05-24 22:31:18.685,34.0,12.14,3.093,46219,119.38,74.17,1606,1999,1924,5963,ON
857,2026-05-24 22:31:19.185,34.0,12.14,3.090,46258,119.29,74.25,1605,2000,1923,5908,ON
858,2026-05-24 22:31:19.685,34.0,12.13,3.101,46281,119.20,74.34,1602,1997,1918,5996,ON
859,2026-05-24 22:31:20.185,34.0,12.12,3.093,46318,119.12,74.42,1607,2005,1924,5981,ON
860,2026-05-24 22:31:20.685,34.0,12.14,3.108,46363,119.03,74.51,1609,2010,1927,5974,ON
861,2026-05-24 22:31:21.185,33.9,12.12,3.109,46413,118.95,74.59,1610,2012,1927,5984,ON
862,2026-05-24 22:31:21.685,33.9,12.12,3.101,46457,118.86,74.68,1605,2008,1920,5955,ON
863,2026-05-24 22:31:22.185,33.9,12.10,3.118,46493,118.77,74.77,1604,2010,1920,5962,ON
864,2026-05-24 22:31:22.685,33.9,12.10,3.097,46515,118.69,74.85,1604,2012,1921,5956,ON
865,2026-05-24 22:31:23.185,34.0,12.11,3.097,46528,118.60,74.94,1608,2018,1925,6017,ON
866,2026-05-24 22:31:23.685,34.0,12.12,3.102,46560,118.51,75.03,1611,2024,1929,6029,ON
867,2026-05-24 22:31:24.185,34.0,12.14,3.087,46579,118.43,75.11,1609,2025,1926,5993,ON
868,2026-05-24 22:31:24.685,33.9,12.15,3.101,46603,118.34,75.20,1610,2027,1926,5973,ON
869,2026-05-24 22:31:25.185,33.9,12.15,3.096,46641,118.25,75.29,1608,2028,1925,5954,ON
870,2026-05-24 22:31:25.685,33.9,12.15,3.096,46697,118.17,75.37,1607,2028,1922,5961,ON
871,2026-05-24 22:31:26.185,34.0,12.15,3.098,46731,118.08,75.46,1608,2031,1924,6032,ON
872,2026-05-24 22:31:26.685,34.0,12.15,3.091,46775,117.99,75.55,1612,2038,1930,6056,ON
873,2026-05-24 22:31:27.185,34.0,12.15,3.093,46815,117.90,75.64,1613,2041,1931,6020,ON
874,2026-05-24 22:31:27.685,33.9,12.14,3.099,46849,117.82,75.72,1613,2043,1932,6016,ON
875,2026-05-24 22:31:28.185,33.9,12.13,3.096,46870,117.74,75.80,1614,2046,1933,6058,ON
876,2026-05-24 22:31:28.685,33.9,12.13,3.095,46892,117.65,75.89,1617,2052,1936,6060,ON
877,2026-05-24 22:31:29.185,33.9,12.13,3.105,46916,117.56,75.98,1618,2054,1936,6049,ON
878,2026-05-24 22:31:29.685,33.9,12.13,3.100,46957,117.48,76.06,1615,2052,1933,6020,ON
879,2026-05-24 22:31:30.185,33.9,12.13,3.094,47005,117.39,76.15,1613,2052,1930,6003,ON
880,2026-05-24 22:31:30.685,33.9,12.14,3.087,47071,117.30,76.24,1614,2055,1932,6031,ON
881,2026-05-24 22:31:31.185,33.9,12.14,3.096,47121,117.22,76.32,1619,2064,1937,6055,ON
882,2026-05-24 22:31:31.685,33.9,12.14,3.098,47161,117.13,76.41,1618,2065,1937,6064,ON
883,2026-05-24 22:31:32.185,33.9,12.15,3.082,47185,117.04,76.50,1617,2065,1935,6060,ON
884,2026-05-24 22:31:32.685,34.0,12.15,3.095,47200,116.96,76.58,1620,2072,1938,6115,ON
885,2026-05-24 22:31:33.185,34.0,12.15,3.094,47209,116.87,76.67,1626,2081,1945,6096,ON
886,2026-05-24 22:31:33.685,34.0,12.15,3.092,47215,116.79,76.75,1625,2083,1945,6074,ON
887,2026-05-24 22:31:34.185,33.9,12.16,3.108,47218,116.70,76.84,1622,2081,1942,6111,ON
888,2026-05-24 22:31:34.685,33.9,12.15,3.098,47220,116.61,76.93,1623,2084,1942,6136,ON
889,2026-05-24 22:31:35.185,33.9,12.16,3.079,47221,116.52,77.02,1624,2087,1944,6118,ON
890,2026-05-24 22:31:35.685,33.9,12.15,3.098,47222,116.44,77.11,1627,2092,1947,6074,ON
891,2026-05-24 22:31:36.185,33.9,12.14,3.087,47222,116.35,77.19,1626,2094,1946,6101,ON
892,2026-05-24 22:31:36.685,33.9,12.16,3.092,47223,116.27,77.27,1624,2093,1945,6128,ON
893,2026-05-24 22:31:37.185,33.9,12.16,3.099,47223,116.18,77.36,1626,2097,1945,6141,ON
894,2026-05-24 22:31:37.685,33.9,12.15,3.101,47223,116.09,77.45,1627,2100,1947,6154,ON
895,2026-05-24 22:31:38.185,33.9,12.14,3.106,47223,116.01,77.53,1630,2107,1950,6085,ON
896,2026-05-24 22:31:38.685,33.9,12.15,3.091,47223,115.93,77.61,1626,2104,1946,6077,ON
897,2026-05-24 22:31:39.185,33.9,12.15,3.095,47223,115.84,77.70,1626,2106,1946,6101,ON
898,2026-05-24 22:31:39.685,33.9,12.14,3.097,47223,115.75,77.79,1624,2104,1942,6137,ON
899,2026-05-24 22:31:40.185,33.9,12.13,3.089,47223,115.66,77.88,1626,2109,1945,6156,ON
900,2026-05-24 22:31:40.685,33.9,12.15,3.101,47223,115.58,77.96,1625,2110,1945,6115,ON
901,2026-05-24 22:31:41.185,33.9,12.14,3.107,47223,115.49,78.05,1625,2110,1943,6155,ON
902,2026-05-24 22:31:41.685,33.9,12.13,3.100,47223,115.40,78.14,1628,2118,1948,6158,ON
903,2026-05-24 22:31:42.185,33.9,12.13,3.094,47223,115.32,78.22,1631,2125,1952,6174,ON
904,2026-05-24 22:31:42.685,33.9,12.13,3.097,47223,115.23,78.31,1633,2129,1955,6198,ON
905,2026-05-24 22:31:43.185,33.9,12.14,3.083,47223,115.14,78.40,1632,2130,1955,6161,ON
906,2026-05-24 22:31:43.685,33.9,12.14,3.097,47223,115.06,78.48,1632,2131,1954,6136,ON
907,2026-05-24 22:31:44.185,33.9,12.14,3.098,47223,114.96,78.58,1634,2136,1957,6176,ON
908,2026-05-24 22:31:44.685,33.9,12.14,3.097,47223,114.88,78.66,1636,2142,1958,6192,ON
909,2026-05-24 22:31:45.185,33.9,12.14,3.073,47223,114.80,78.74,1636,2143,1958,6234,ON
910,2026-05-24 22:31:45.685,33.9,12.13,3.104,47223,114.71,78.83,1635,2144,1957,6206,ON
911,2026-05-24 22:31:46.185,33.9,12.13,3.095,47223,114.61,78.93,1637,2149,1960,6148,ON
912,2026-05-24 22:31:46.685,33.9,12.13,3.101,47223,114.52,79.02,1637,2151,1960,6188,ON
913,2026-05-24 22:31:47.185,33.9,12.12,3.081,47223,114.43,79.11,1636,2151,1960,6159,ON
914,2026-05-24 22:31:47.685,33.9,12.13,3.089,47223,114.35,79.19,1635,2150,1956,6177,ON
915,2026-05-24 22:31:48.185,33.9,12.14,3.094,47223,114.26,79.28,1634,2151,1956,6205,ON
916,2026-05-24 22:31:48.685,33.9,12.14,3.085,47223,114.18,79.36,1638,2158,1961,6240,ON
917,2026-05-24 22:31:49.185,33.9,12.16,3.097,47223,114.09,79.45,1642,2165,1965,6219,ON
918,2026-05-24 22:31:49.685,33.9,12.15,3.101,47223,114.00,79.54,1642,2167,1966,6234,ON
919,2026-05-24 22:31:50.185,33.9,12.14,3.100,47223,113.92,79.62,1642,2168,1966,6271,ON
920,2026-05-24 22:31:50.685,33.9,12.14,3.102,47223,113.83,79.71,1642,2171,1966,6257,ON
921,2026-05-24 22:31:51.185,33.9,12.14,3.108,47223,113.74,79.80,1644,2175,1968,6278,ON
922,2026-05-24 22:31:51.685,33.9,12.15,3.093,47223,113.65,79.89,1648,2183,1974,6213,ON
923,2026-05-24 22:31:52.185,33.9,12.15,3.095,47223,113.57,79.97,1643,2184,1974,6187,ON
924,2026-05-24 22:31:52.685,33.9,12.15,3.100,47223,113.48,80.06,1642,2181,1971,6242,ON
925,2026-05-24 22:31:53.185,33.9,12.14,3.100,47223,113.40,80.14,1644,2183,1968,6216,ON
926,2026-05-24 22:31:53.685,33.9,12.13,3.109,47223,113.31,80.23,1646,2188,1969,6277,ON
927,2026-05-24 22:31:54.185,33.9,12.12,3.089,47223,113.22,80.32,1647,2192,1970,6311,ON
928,2026-05-24 22:31:54.685,33.9,12.12,3.096,47223,113.14,80.40,1647,2193,1971,6278,ON
929,2026-05-24 22:31:55.185,33.9,12.12,3.101,47223,113.05,80.49,1646,2193,1970,6291,ON
930,2026-05-24 22:31:55.685,33.9,12.11,3.105,47223,112.97,80.57,1647,2197,1971,6276,ON
931,2026-05-24 22:31:56.185,33.9,12.12,3.089,47223,112.87,80.67,1647,2200,1971,6282,ON
932,2026-05-24 22:31:56.685,33.9,12.15,3.112,47223,112.79,80.75,1651,2208,1977,6325,ON
933,2026-05-24 22:31:57.185,33.9,12.14,3.098,47223,112.70,80.84,1651,2209,1976,6284,ON
934,2026-05-24 22:31:57.685,33.9,12.16,3.088,47223,112.61,80.93,1649,2208,1974,6257,ON
935,2026-05-24 22:31:58.185,33.9,12.16,3.098,47223,112.53,81.01,1647,2205,1970,6251,ON
936,2026-05-24 22:31:58.685,33.9,12.15,3.098,47223,112.44,81.10,1645,2203,1968,6246,ON
937,2026-05-24 22:31:59.185,33.9,12.14,3.093,47223,112.36,81.18,1648,2209,1971,6299,ON
938,2026-05-24 22:31:59.685,33.9,12.13,3.099,47223,112.27,81.27,1649,2212,1972,6340,ON
939,2026-05-24 22:32:00.185,33.9,12.13,3.098,47223,112.19,81.35,1650,2216,1974,6335,ON
940,2026-05-24 22:32:00.685,33.9,12.14,3.104,47223,112.09,81.45,1648,2215,1972,6317,ON
941,2026-05-24 22:32:01.185,33.9,12.14,3.096,47223,112.01,81.53,1649,2220,1974,6297,ON
942,2026-05-24 22:32:01.685,33.9,12.15,3.089,47223,111.92,81.62,1650,2223,1975,6310,ON
943,2026-05-24 22:32:02.185,33.9,12.15,3.093,47223,111.83,81.71,1653,2228,1978,6332,ON
944,2026-05-24 22:32:02.685,33.9,12.15,3.091,47223,111.74,81.80,1653,2229,1977,6317,ON
945,2026-05-24 22:32:03.185,33.9,12.16,3.102,47223,111.67,81.87,1652,2228,1974,6346,ON
946,2026-05-24 22:32:03.685,33.9,12.15,3.093,47223,111.58,81.96,1652,2232,1976,6307,ON
947,2026-05-24 22:32:04.185,33.9,12.15,3.105,47223,111.49,82.05,1651,2233,1976,6325,ON
948,2026-05-24 22:32:04.685,33.9,12.15,3.093,47223,111.41,82.14,1651,2235,1977,6319,ON
949,2026-05-24 22:32:05.185,33.9,12.14,3.107,47223,111.32,82.22,1652,2236,1976,6320,ON
950,2026-05-24 22:32:05.685,33.9,12.12,3.077,47223,111.23,82.31,1653,2241,1980,6361,ON
951,2026-05-24 22:32:06.185,33.9,12.15,3.081,47223,111.14,82.40,1655,2245,1982,6394,ON
952,2026-05-24 22:32:06.685,33.9,12.15,3.099,47223,111.05,82.49,1659,2252,1986,6348,ON
953,2026-05-24 22:32:07.185,33.9,12.16,3.095,47223,110.97,82.57,1656,2250,1983,6324,ON
954,2026-05-24 22:32:07.685,33.9,12.16,3.105,47223,110.89,82.65,1658,2252,1983,6385,ON
955,2026-05-24 22:32:08.185,33.9,12.16,3.097,47223,110.80,82.74,1659,2254,1983,6364,ON
956,2026-05-24 22:32:08.685,33.9,12.15,3.100,47223,110.71,82.83,1657,2252,1981,6380,ON
957,2026-05-24 22:32:09.185,33.9,12.14,3.102,47223,110.63,82.91,1656,2254,1979,6327,ON
958,2026-05-24 22:32:09.685,33.9,12.14,3.085,47223,110.54,83.00,1653,2252,1976,6311,ON
959,2026-05-24 22:32:10.185,33.9,12.15,3.100,47223,110.45,83.09,1654,2254,1977,6329,ON
960,2026-05-24 22:32:10.685,33.9,12.16,3.073,47223,110.37,83.17,1659,2262,1983,6405,ON
961,2026-05-24 22:32:11.185,33.9,12.18,3.097,47223,110.27,83.28,1661,2267,1987,6418,ON
962,2026-05-24 22:32:11.685,33.9,12.16,3.098,47223,110.18,83.36,1658,2264,1983,6374,ON
963,2026-05-24 22:32:12.185,33.9,12.16,3.089,47223,110.09,83.45,1655,2262,1979,6377,ON
964,2026-05-24 22:32:12.685,33.9,12.16,3.109,47223,110.01,83.53,1656,2265,1981,6381,ON
965,2026-05-24 22:32:13.185,33.9,12.15,3.094,47223,109.92,83.62,1658,2270,1984,6376,ON
966,2026-05-24 22:32:13.685,33.9,12.15,3.091,47223,109.84,83.70,1660,2274,1986,6402,ON
967,2026-05-24 22:32:14.185,33.9,12.16,3.086,47223,109.75,83.79,1661,2278,1988,6435,ON
968,2026-05-24 22:32:14.685,33.9,12.17,3.084,47223,109.66,83.88,1663,2282,1990,6424,ON
969,2026-05-24 22:32:15.185,33.9,12.18,3.081,47223,109.58,83.96,1664,2285,1991,6396,ON
970,2026-05-24 22:32:15.685,33.9,12.18,3.088,47223,109.49,84.05,1664,2286,1991,6404,ON
971,2026-05-24 22:32:16.185,33.9,12.18,3.089,47223,109.40,84.14,1665,2289,1992,6484,ON
972,2026-05-24 22:32:16.685,33.9,12.19,3.085,47223,109.32,84.22,1669,2296,1996,6474,ON
973,2026-05-24 22:32:17.185,33.9,12.19,3.089,47223,109.23,84.31,1668,2297,1995,6455,ON
974,2026-05-24 22:32:17.685,33.9,12.19,3.080,47223,109.15,84.39,1667,2297,1994,6405,ON
975,2026-05-24 22:32:18.185,33.9,12.19,3.089,47223,109.06,84.48,1665,2295,1992,6417,ON
976,2026-05-24 22:32:18.685,33.9,12.19,3.108,47223,108.97,84.57,1665,2298,1992,6414,ON
977,2026-05-24 22:32:19.185,33.9,12.16,3.084,47223,108.89,84.66,1669,2304,1997,6485,ON
978,2026-05-24 22:32:19.685,33.9,12.17,3.084,47223,108.80,84.74,1672,2310,2001,6492,ON
979,2026-05-24 22:32:20.185,33.9,12.17,3.093,47223,108.71,84.83,1668,2305,1995,6453,ON
980,2026-05-24 22:32:20.685,33.9,12.16,3.100,47223,108.63,84.91,1662,2297,1986,6400,ON
981,2026-05-24 22:32:21.185,33.9,12.15,3.090,47223,108.54,85.00,1659,2295,1983,6406,ON
982,2026-05-24 22:32:21.685,33.9,12.16,3.090,47223,108.46,85.09,1663,2302,1989,6435,ON
983,2026-05-24 22:32:22.185,33.9,12.15,3.105,47223,108.36,85.18,1666,2309,1992,6459,ON
984,2026-05-24 22:32:22.685,33.9,12.13,3.101,47223,108.27,85.27,1668,2311,1993,6465,ON
985,2026-05-24 22:32:23.185,33.9,12.13,3.100,47223,108.20,85.35,1668,2313,1993,6455,ON
986,2026-05-24 22:32:23.685,33.9,12.13,3.086,47223,108.11,85.43,1668,2314,1992,6443,ON
987,2026-05-24 22:32:24.185,33.9,12.14,3.093,47223,108.02,85.52,1668,2317,1994,6456,ON
