SampleIndex,Timestamp,Temp,pH,Volt,EC,Weight,Weightloss,R,G,B,C,RelayStatus
0,2026-05-25 14:10:12.940,29.6,1.66,4.601,3187,197.37,0.12,1846,2714,2024,7051,ON
1,2026-05-25 14:10:13.440,29.6,1.68,4.611,3185,197.28,0.21,1838,2705,2017,7074,ON
2,2026-05-25 14:10:13.940,29.6,1.69,4.613,3180,197.19,0.29,1847,2722,2031,7507,ON
3,2026-05-25 14:10:14.440,29.6,1.69,4.614,3159,197.11,0.38,1864,2745,2048,7292,ON
4,2026-05-25 14:10:14.940,29.6,1.69,4.619,3126,197.02,0.47,1849,2721,2030,7045,ON
5,2026-05-25 14:10:15.440,29.6,1.72,4.603,3083,196.93,0.56,1840,2708,2020,7106,ON
6,2026-05-25 14:10:15.940,29.6,1.73,4.617,3040,196.85,0.64,1851,2725,2032,7164,ON
7,2026-05-25 14:10:16.440,29.6,1.73,4.608,2995,196.76,0.73,1859,2733,2038,6989,ON
8,2026-05-25 14:10:16.940,29.6,1.73,4.624,2947,196.68,0.81,1846,2717,2027,7095,ON
9,2026-05-25 14:10:17.440,29.6,1.73,4.614,2902,196.60,0.89,1844,2713,2023,7172,ON
10,2026-05-25 14:10:17.940,29.6,1.72,4.615,2855,196.51,0.98,1850,2721,2029,7189,ON
11,2026-05-25 14:10:18.440,29.6,1.72,4.610,2810,196.42,1.07,1853,2724,2030,7164,ON
12,2026-05-25 14:10:18.940,29.7,1.71,4.603,2770,196.33,1.16,1854,2725,2030,7098,ON
13,2026-05-25 14:10:19.440,29.6,1.73,4.608,2731,196.25,1.24,1848,2715,2025,7206,ON
14,2026-05-25 14:10:19.940,29.7,1.75,4.600,2698,196.16,1.33,1856,2727,2034,7114,ON
15,2026-05-25 14:10:20.440,29.7,1.75,4.599,2672,196.08,1.41,1851,2723,2030,7011,ON
16,2026-05-25 14:10:20.940,29.7,1.76,4.606,2651,195.99,1.50,1854,2727,2033,7168,ON
17,2026-05-25 14:10:21.440,29.7,1.74,4.615,2632,195.90,1.58,1858,2732,2038,7165,ON
18,2026-05-25 14:10:21.940,29.7,1.74,4.603,2618,195.82,1.67,1856,2726,2035,7210,ON
19,2026-05-25 14:10:22.440,29.7,1.77,4.595,2606,195.74,1.75,1862,2734,2040,7639,ON
20,2026-05-25 14:10:22.940,29.7,1.80,4.594,2599,195.65,1.84,1878,2761,2061,7238,ON
21,2026-05-25 14:10:23.440,29.7,1.81,4.602,2594,195.57,1.92,1872,2751,2051,7195,ON
22,2026-05-25 14:10:23.940,29.7,1.81,4.602,2592,195.48,2.01,1868,2743,2044,7046,ON
23,2026-05-25 14:10:24.440,29.7,1.78,4.609,2591,195.39,2.10,1863,2742,2045,7284,ON
24,2026-05-25 14:10:24.940,29.7,1.79,4.586,2592,195.29,2.20,1873,2755,2055,7063,ON
25,2026-05-25 14:10:25.440,29.8,1.83,4.583,2595,195.21,2.28,1883,2764,2062,7240,ON
26,2026-05-25 14:10:25.940,29.8,1.86,4.589,2601,195.12,2.37,1869,2746,2048,7141,ON
27,2026-05-25 14:10:26.440,29.8,1.85,4.600,2612,195.04,2.45,1870,2751,2052,7316,ON
28,2026-05-25 14:10:26.940,29.8,1.86,4.578,2623,194.95,2.54,1874,2758,2058,7170,ON
29,2026-05-25 14:10:27.440,29.8,1.88,4.580,2633,194.87,2.62,1866,2741,2044,7287,ON
30,2026-05-25 14:10:27.940,29.8,1.90,4.581,2646,194.78,2.71,1844,2710,2019,6989,ON
31,2026-05-25 14:10:28.440,29.8,1.90,4.582,2663,194.70,2.79,1840,2706,2015,7217,ON
32,2026-05-25 14:10:28.940,29.9,1.90,4.591,2681,194.61,2.88,1855,2729,2034,7248,ON
33,2026-05-25 14:10:29.440,29.9,1.88,4.576,2699,194.53,2.96,1870,2750,2050,6994,ON
34,2026-05-25 14:10:29.940,29.9,1.91,4.576,2715,194.44,3.05,1866,2742,2044,7168,ON
35,2026-05-25 14:10:30.440,29.9,1.92,4.586,2730,194.36,3.13,1879,2761,2058,7367,ON
36,2026-05-25 14:10:30.940,29.9,1.93,4.574,2746,194.27,3.22,1893,2781,2073,7382,ON
37,2026-05-25 14:10:31.440,29.9,1.95,4.573,2768,194.19,3.30,1896,2788,2078,7541,ON
38,2026-05-25 14:10:31.940,29.9,1.96,4.571,2793,194.10,3.39,1872,2748,2049,7149,ON
39,2026-05-25 14:10:32.440,29.9,1.96,4.576,2815,194.01,3.48,1864,2737,2041,7190,ON
40,2026-05-25 14:10:32.940,29.9,1.96,4.584,2838,193.93,3.56,1872,2747,2048,7183,ON
41,2026-05-25 14:10:33.440,29.9,1.98,4.571,2862,193.85,3.64,1877,2752,2050,7027,ON
42,2026-05-25 14:10:33.940,29.9,2.00,4.564,2889,193.76,3.73,1883,2763,2058,7362,ON
43,2026-05-25 14:10:34.440,29.9,2.02,4.556,2914,193.67,3.82,1880,2757,2052,7192,ON
44,2026-05-25 14:10:34.940,29.9,2.03,4.573,2941,193.59,3.90,1890,2772,2065,7434,ON
45,2026-05-25 14:10:35.440,30.0,2.04,4.557,2969,193.50,3.99,1896,2781,2072,7278,ON
46,2026-05-25 14:10:35.940,30.0,2.05,4.569,2998,193.42,4.07,1887,2766,2061,7301,ON
47,2026-05-25 14:10:36.440,30.0,2.05,4.558,3026,193.33,4.16,1886,2759,2055,7155,ON
48,2026-05-25 14:10:36.940,30.0,2.07,4.567,3052,193.25,4.24,1876,2750,2049,7201,ON
49,2026-05-25 14:10:37.440,30.0,2.07,4.560,3077,193.16,4.33,1869,2742,2043,6915,ON
50,2026-05-25 14:10:37.940,30.0,2.08,4.565,3105,193.07,4.42,1848,2713,2020,6971,ON
51,2026-05-25 14:10:38.440,30.0,2.09,4.554,3130,192.99,4.50,1824,2681,1996,7117,ON
52,2026-05-25 14:10:38.940,30.0,2.09,4.564,3154,192.91,4.58,1838,2699,2011,7216,ON
53,2026-05-25 14:10:39.440,30.0,2.08,4.556,3179,192.82,4.67,1852,2717,2025,7238,ON
54,2026-05-25 14:10:39.940,30.1,2.09,4.565,3206,192.74,4.75,1856,2724,2029,7212,ON
55,2026-05-25 14:10:40.440,30.1,2.10,4.550,3239,192.66,4.83,1862,2734,2036,7147,ON
56,2026-05-25 14:10:40.940,30.1,2.13,4.554,3275,192.57,4.92,1870,2743,2042,7278,ON
57,2026-05-25 14:10:41.440,30.1,2.12,4.552,3310,192.48,5.01,1877,2754,2052,7081,ON
58,2026-05-25 14:10:41.940,30.1,2.13,4.543,3338,192.39,5.10,1876,2753,2051,7181,ON
59,2026-05-25 14:10:42.440,30.1,2.16,4.549,3365,192.31,5.18,1865,2737,2039,7149,ON
60,2026-05-25 14:10:42.940,30.1,2.17,4.544,3394,192.23,5.26,1854,2722,2027,6977,ON
61,2026-05-25 14:10:43.440,30.1,2.18,4.547,3425,192.14,5.35,1834,2687,1998,7289,ON
62,2026-05-25 14:10:43.940,30.1,2.19,4.541,3457,192.05,5.44,1831,2683,1995,7111,ON
63,2026-05-25 14:10:44.440,30.2,2.21,4.542,3488,191.97,5.52,1829,2684,1996,7012,ON
64,2026-05-25 14:10:44.940,30.2,2.22,4.528,3519,191.88,5.61,1829,2686,1999,7085,ON
65,2026-05-25 14:10:45.440,30.2,2.24,4.539,3553,191.78,5.71,1840,2697,2003,7140,ON
66,2026-05-25 14:10:45.940,30.2,2.24,4.538,3587,191.69,5.80,1845,2695,2001,6944,ON
67,2026-05-25 14:10:46.440,30.2,2.24,4.547,3615,191.61,5.88,1842,2686,1994,7032,ON
68,2026-05-25 14:10:46.940,30.2,2.25,4.537,3643,191.53,5.96,1844,2696,2005,7057,ON
69,2026-05-25 14:10:47.440,30.2,2.25,4.528,3670,191.45,6.04,1841,2697,2006,7009,ON
70,2026-05-25 14:10:47.940,30.2,2.28,4.530,3699,191.36,6.13,1845,2700,2009,7101,ON
71,2026-05-25 14:10:48.440,30.2,2.29,4.529,3735,191.27,6.22,1847,2698,2007,7453,ON
72,2026-05-25 14:10:48.940,30.2,2.30,4.546,3770,191.19,6.30,1852,2709,2014,7178,ON
73,2026-05-25 14:10:49.440,30.2,2.29,4.529,3803,191.11,6.38,1847,2705,2013,7070,ON
74,2026-05-25 14:10:49.940,30.2,2.30,4.538,3834,191.02,6.47,1844,2702,2010,7107,ON
75,2026-05-25 14:10:50.440,30.2,2.30,4.541,3865,190.93,6.56,1849,2708,2014,7159,ON
76,2026-05-25 14:10:50.940,30.3,2.29,4.531,3895,190.85,6.64,1858,2720,2022,7040,ON
77,2026-05-25 14:10:51.440,30.3,2.31,4.517,3927,190.76,6.73,1856,2717,2019,7245,ON
78,2026-05-25 14:10:51.940,30.3,2.34,4.520,3962,190.67,6.81,1862,2725,2026,7231,ON
79,2026-05-25 14:10:52.440,30.3,2.35,4.520,3998,190.59,6.90,1866,2729,2029,7345,ON
80,2026-05-25 14:10:52.940,30.3,2.35,4.531,4035,190.50,6.99,1863,2727,2028,7064,ON
81,2026-05-25 14:10:53.440,30.3,2.35,4.519,4066,190.42,7.07,1854,2714,2018,7028,ON
82,2026-05-25 14:10:53.940,30.3,2.36,4.525,4099,190.34,7.15,1859,2722,2023,7186,ON
83,2026-05-25 14:10:54.440,30.4,2.36,4.521,4131,190.25,7.24,1863,2725,2027,6994,ON
84,2026-05-25 14:10:54.940,30.4,2.38,4.513,4160,190.17,7.32,1860,2721,2024,7100,ON
85,2026-05-25 14:10:55.440,30.4,2.40,4.509,4188,190.08,7.41,1864,2727,2029,7218,ON
86,2026-05-25 14:10:55.940,30.4,2.41,4.515,4215,190.00,7.49,1871,2736,2034,7196,ON
87,2026-05-25 14:10:56.440,30.4,2.42,4.507,4250,189.91,7.58,1870,2735,2033,7203,ON
88,2026-05-25 14:10:56.940,30.4,2.44,4.515,4285,189.83,7.66,1860,2721,2022,7118,ON
89,2026-05-25 14:10:57.440,30.4,2.43,4.515,4319,189.74,7.75,1855,2713,2017,7201,ON
90,2026-05-25 14:10:57.940,30.4,2.43,4.515,4354,189.65,7.84,1863,2725,2025,7019,ON
91,2026-05-25 14:10:58.440,30.4,2.43,4.513,4388,189.57,7.92,1853,2712,2017,7050,ON
92,2026-05-25 14:10:58.940,30.4,2.44,4.504,4423,189.49,8.00,1842,2697,2006,6989,ON
93,2026-05-25 14:10:59.440,30.4,2.44,4.510,4456,189.40,8.09,1829,2678,1993,7004,ON
94,2026-05-25 14:10:59.940,30.5,2.46,4.503,4484,189.32,8.17,1828,2675,1992,7264,ON
95,2026-05-25 14:11:00.440,30.5,2.48,4.489,4516,189.23,8.26,1845,2685,1997,7384,ON
96,2026-05-25 14:11:00.940,30.5,2.48,4.510,4554,189.14,8.35,1856,2706,2012,7224,ON
97,2026-05-25 14:11:01.440,30.5,2.49,4.494,4588,189.07,8.42,1867,2726,2031,7160,ON
98,2026-05-25 14:11:01.940,30.5,2.51,4.512,4619,188.98,8.51,1871,2733,2043,6978,ON
99,2026-05-25 14:11:02.440,30.5,2.49,4.486,4649,188.89,8.60,1862,2721,2029,7199,ON
100,2026-05-25 14:11:02.940,30.5,2.49,4.505,4678,188.81,8.68,1868,2727,2030,7172,ON
101,2026-05-25 14:11:03.440,30.6,2.50,4.498,4707,188.73,8.76,1873,2736,2034,7207,ON
102,2026-05-25 14:11:03.940,30.6,2.52,4.503,4731,188.64,8.85,1869,2731,2030,7043,ON
103,2026-05-25 14:11:04.440,30.6,2.53,4.512,4761,188.55,8.94,1851,2703,2008,7192,ON
104,2026-05-25 14:11:04.940,30.6,2.51,4.498,4793,188.47,9.02,1861,2718,2019,7229,ON
105,2026-05-25 14:11:05.440,30.6,2.52,4.505,4828,188.38,9.11,1871,2733,2031,7168,ON
106,2026-05-25 14:11:05.940,30.6,2.54,4.499,4863,188.29,9.20,1879,2743,2038,7208,ON
107,2026-05-25 14:11:06.440,30.6,2.54,4.499,4895,188.21,9.28,1884,2749,2043,7176,ON
108,2026-05-25 14:11:06.940,30.7,2.55,4.497,4928,188.11,9.38,1888,2756,2047,7291,ON
109,2026-05-25 14:11:07.440,30.7,2.56,4.500,4960,188.03,9.46,1887,2753,2044,7217,ON
110,2026-05-25 14:11:07.940,30.7,2.57,4.493,4989,187.94,9.55,1886,2751,2042,7249,ON
111,2026-05-25 14:11:08.440,30.6,2.58,4.500,5019,187.86,9.63,1875,2736,2031,7101,ON
112,2026-05-25 14:11:08.940,30.6,2.58,4.489,5051,187.77,9.72,1878,2740,2035,7306,ON
113,2026-05-25 14:11:09.440,30.6,2.60,4.480,5080,187.68,9.81,1888,2755,2045,7094,ON
114,2026-05-25 14:11:09.940,30.7,2.61,4.493,5111,187.59,9.90,1879,2743,2039,7200,ON
115,2026-05-25 14:11:10.440,30.7,2.62,4.480,5140,187.51,9.98,1876,2738,2035,7285,ON
116,2026-05-25 14:11:10.940,30.7,2.65,4.489,5169,187.43,10.06,1877,2741,2036,7260,ON
117,2026-05-25 14:11:11.440,30.7,2.64,4.485,5199,187.34,10.15,1883,2749,2041,7204,ON
118,2026-05-25 14:11:11.940,30.7,2.64,4.491,5232,187.26,10.23,1880,2744,2038,7096,ON
119,2026-05-25 14:11:12.440,30.7,2.66,4.483,5272,187.17,10.32,1878,2738,2033,7173,ON
120,2026-05-25 14:11:12.940,30.7,2.65,4.488,5310,187.09,10.40,1887,2754,2046,7255,ON
121,2026-05-25 14:11:13.440,30.7,2.64,4.491,5340,187.00,10.49,1893,2765,2054,7288,ON
122,2026-05-25 14:11:13.940,30.7,2.65,4.476,5370,186.91,10.58,1897,2770,2059,7361,ON
123,2026-05-25 14:11:14.440,30.7,2.67,4.480,5394,186.83,10.66,1898,2772,2061,7293,ON
124,2026-05-25 14:11:14.940,30.8,2.68,4.485,5418,186.74,10.75,1892,2764,2054,7231,ON
125,2026-05-25 14:11:15.440,30.8,2.68,4.492,5442,186.65,10.84,1881,2747,2041,7268,ON
126,2026-05-25 14:11:15.940,30.8,2.68,4.471,5467,186.57,10.91,1884,2752,2044,7254,ON
127,2026-05-25 14:11:16.440,30.8,2.70,4.491,5494,186.49,11.00,1883,2750,2043,7180,ON
128,2026-05-25 14:11:16.940,30.8,2.71,4.476,5524,186.41,11.08,1878,2742,2036,7085,ON
129,2026-05-25 14:11:17.440,30.8,2.72,4.475,5557,186.32,11.17,1874,2736,2032,7157,ON
130,2026-05-25 14:11:17.940,30.8,2.73,4.471,5594,186.23,11.26,1869,2727,2025,7286,ON
131,2026-05-25 14:11:18.440,30.8,2.74,4.475,5635,186.15,11.34,1874,2735,2031,7226,ON
132,2026-05-25 14:11:18.940,30.8,2.74,4.472,5679,186.06,11.43,1870,2730,2027,7148,ON
133,2026-05-25 14:11:19.440,30.9,2.75,4.468,5717,185.98,11.51,1867,2724,2023,7222,ON
134,2026-05-25 14:11:19.940,30.9,2.77,4.471,5753,185.89,11.60,1879,2743,2037,7300,ON
135,2026-05-25 14:11:20.440,30.9,2.76,4.462,5789,185.81,11.68,1887,2756,2046,7023,ON
136,2026-05-25 14:11:20.940,30.9,2.78,4.477,5823,185.72,11.77,1879,2743,2036,7124,ON
137,2026-05-25 14:11:21.440,30.9,2.76,4.476,5852,185.64,11.85,1893,2765,2052,7366,ON
138,2026-05-25 14:11:21.940,30.9,2.74,4.482,5874,185.55,11.94,1901,2776,2061,7317,ON
139,2026-05-25 14:11:22.440,30.9,2.76,4.454,5895,185.47,12.02,1891,2759,2048,7189,ON
140,2026-05-25 14:11:22.940,30.9,2.78,4.466,5919,185.39,12.10,1870,2727,2023,7114,ON
141,2026-05-25 14:11:23.440,30.9,2.78,4.470,5948,185.30,12.19,1863,2716,2016,7136,ON
142,2026-05-25 14:11:23.940,30.9,2.80,4.461,5979,185.22,12.27,1856,2704,2007,7055,ON
143,2026-05-25 14:11:24.440,30.9,2.80,4.468,6010,185.13,12.36,1848,2692,1997,7050,ON
144,2026-05-25 14:11:24.940,30.9,2.80,4.457,6039,185.05,12.44,1861,2711,2011,7240,ON
145,2026-05-25 14:11:25.440,30.9,2.82,4.465,6064,184.96,12.53,1859,2708,2008,7056,ON
146,2026-05-25 14:11:25.940,31.0,2.84,4.446,6091,184.88,12.61,1848,2694,1997,7075,ON
147,2026-05-25 14:11:26.440,31.0,2.84,4.460,6123,184.79,12.70,1840,2686,1991,7046,ON
148,2026-05-25 14:11:26.940,31.0,2.84,4.469,6157,184.71,12.78,1835,2679,1986,7029,ON
149,2026-05-25 14:11:27.440,31.0,2.82,4.471,6191,184.61,12.88,1833,2678,1984,6899,ON
150,2026-05-25 14:11:27.940,31.0,2.83,4.449,6225,184.52,12.97,1817,2653,1965,6907,ON
151,2026-05-25 14:11:28.440,31.0,2.85,4.457,6255,184.43,13.06,1809,2641,1956,6842,ON
152,2026-05-25 14:11:28.940,31.0,2.85,4.465,6283,184.35,13.14,1812,2645,1959,6970,ON
153,2026-05-25 14:11:29.440,31.1,2.84,4.457,6313,184.27,13.22,1805,2635,1951,6857,ON
154,2026-05-25 14:11:29.940,31.1,2.86,4.441,6345,184.18,13.31,1795,2618,1939,7024,ON
155,2026-05-25 14:11:30.440,31.1,2.89,4.451,6375,184.10,13.39,1818,2651,1965,7206,ON
156,2026-05-25 14:11:30.940,31.1,2.90,4.451,6404,184.01,13.48,1835,2673,1981,7094,ON
157,2026-05-25 14:11:31.440,31.1,2.90,4.449,6433,183.93,13.56,1842,2684,1989,7035,ON
158,2026-05-25 14:11:31.940,31.1,2.91,4.459,6462,183.84,13.65,1851,2697,1999,7119,ON
159,2026-05-25 14:11:32.440,31.1,2.91,4.448,6493,183.75,13.74,1853,2700,2002,7152,ON
160,2026-05-25 14:11:32.940,31.1,2.91,4.443,6529,183.67,13.82,1850,2694,1998,7046,ON
161,2026-05-25 14:11:33.440,31.1,2.91,4.452,6563,183.58,13.90,1843,2685,1991,7137,ON
162,2026-05-25 14:11:33.940,31.1,2.91,4.455,6596,183.50,13.99,1852,2699,2002,7146,ON
163,2026-05-25 14:11:34.440,31.1,2.91,4.442,6623,183.42,14.07,1859,2710,2010,7076,ON
164,2026-05-25 14:11:34.940,31.1,2.93,4.459,6649,183.33,14.16,1859,2710,2009,7070,ON
165,2026-05-25 14:11:35.440,31.1,2.91,4.448,6674,183.25,14.24,1848,2694,1997,7032,ON
166,2026-05-25 14:11:35.940,31.2,2.92,4.451,6700,183.16,14.33,1837,2679,1985,6997,ON
167,2026-05-25 14:11:36.440,31.2,2.92,4.447,6731,183.08,14.41,1827,2665,1970,6995,ON
168,2026-05-25 14:11:36.940,31.2,2.94,4.431,6764,182.98,14.51,1817,2651,1961,6925,ON
169,2026-05-25 14:11:37.440,31.2,2.96,4.447,6794,182.90,14.59,1812,2642,1960,6788,ON
170,2026-05-25 14:11:37.940,31.2,2.98,4.430,6820,182.82,14.67,1820,2651,1966,7078,ON
171,2026-05-25 14:11:38.440,31.2,2.99,4.441,6846,182.73,14.76,1824,2658,1965,6998,ON
172,2026-05-25 14:11:38.940,31.2,2.99,4.441,6876,182.65,14.84,1820,2653,1958,6979,ON
173,2026-05-25 14:11:39.440,31.2,2.99,4.437,6902,182.56,14.93,1813,2642,1965,6904,ON
174,2026-05-25 14:11:39.940,31.2,3.00,4.442,6926,182.48,15.01,1808,2635,1959,6952,ON
175,2026-05-25 14:11:40.440,31.2,2.99,4.430,6954,182.39,15.10,1810,2639,1958,6877,ON
176,2026-05-25 14:11:40.940,31.2,3.01,4.445,6986,182.31,15.18,1805,2631,1950,6857,ON
177,2026-05-25 14:11:41.440,31.2,3.01,4.440,7020,182.22,15.27,1805,2630,1948,6903,ON
178,2026-05-25 14:11:41.940,31.2,3.01,4.446,7051,182.13,15.36,1811,2641,1955,7130,ON
179,2026-05-25 14:11:42.440,31.2,3.00,4.443,7080,182.05,15.44,1822,2655,1965,7061,ON
180,2026-05-25 14:11:42.940,31.2,3.00,4.431,7111,181.97,15.52,1834,2672,1979,7212,ON
181,2026-05-25 14:11:43.440,31.3,3.02,4.425,7140,181.88,15.61,1845,2688,1990,7130,ON
182,2026-05-25 14:11:43.940,31.3,3.05,4.435,7169,181.80,15.69,1842,2683,1986,7094,ON
183,2026-05-25 14:11:44.440,31.3,3.06,4.432,7197,181.71,15.78,1844,2687,1989,7017,ON
184,2026-05-25 14:11:44.940,31.3,3.06,4.432,7226,181.62,15.87,1840,2681,1985,6974,ON
185,2026-05-25 14:11:45.440,31.4,3.06,4.432,7252,181.54,15.95,1836,2674,1980,6924,ON
186,2026-05-25 14:11:45.940,31.4,3.06,4.433,7281,181.45,16.04,1836,2676,1980,7020,ON
187,2026-05-25 14:11:46.440,31.4,3.06,4.434,7314,181.37,16.12,1833,2670,1976,7009,ON
188,2026-05-25 14:11:46.940,31.4,3.07,4.427,7348,181.28,16.21,1830,2665,1973,7124,ON
189,2026-05-25 14:11:47.440,31.4,3.09,4.429,7381,181.18,16.31,1832,2670,1976,7068,ON
190,2026-05-25 14:11:47.940,31.4,3.10,4.429,7411,181.10,16.39,1829,2666,1974,6934,ON
191,2026-05-25 14:11:48.440,31.4,3.09,4.425,7440,181.01,16.48,1834,2674,1979,7083,ON
192,2026-05-25 14:11:48.940,31.4,3.09,4.426,7468,180.93,16.56,1840,2681,1985,6990,ON
193,2026-05-25 14:11:49.440,31.4,3.09,4.425,7496,180.84,16.65,1837,2677,1982,7008,ON
194,2026-05-25 14:11:49.940,31.4,3.10,4.413,7524,180.75,16.74,1832,2670,1976,7014,ON
195,2026-05-25 14:11:50.440,31.4,3.12,4.430,7555,180.67,16.82,1830,2665,1972,7000,ON
196,2026-05-25 14:11:50.940,31.4,3.10,4.421,7591,180.59,16.90,1829,2664,1972,7127,ON
197,2026-05-25 14:11:51.440,31.4,3.10,4.424,7624,180.50,16.99,1827,2663,1971,7004,ON
198,2026-05-25 14:11:51.940,31.4,3.11,4.419,7653,180.42,17.07,1825,2660,1968,7011,ON
199,2026-05-25 14:11:52.440,31.4,3.12,4.437,7675,180.33,17.16,1829,2666,1972,7098,ON
200,2026-05-25 14:11:52.940,31.4,3.12,4.421,7695,180.24,17.25,1829,2665,1971,6960,ON
201,2026-05-25 14:11:53.440,31.4,3.14,4.411,7718,180.15,17.34,1826,2659,1966,6978,ON
202,2026-05-25 14:11:53.940,31.5,3.16,4.416,7745,180.08,17.41,1832,2667,1973,7070,ON
203,2026-05-25 14:11:54.440,31.5,3.16,4.415,7779,179.98,17.51,1845,2687,1987,7151,ON
204,2026-05-25 14:11:54.940,31.5,3.17,4.423,7814,179.90,17.59,1846,2687,1988,7023,ON
205,2026-05-25 14:11:55.440,31.5,3.17,4.420,7846,179.82,17.67,1837,2675,1979,7051,ON
206,2026-05-25 14:11:55.940,31.5,3.20,4.406,7874,179.73,17.76,1834,2671,1976,7055,ON
207,2026-05-25 14:11:56.440,31.5,3.22,4.420,7902,179.65,17.84,1839,2679,1983,7086,ON
208,2026-05-25 14:11:56.940,31.5,3.21,4.407,7929,179.57,17.92,1845,2687,1990,7005,ON
209,2026-05-25 14:11:57.440,31.5,3.20,4.416,7959,179.47,18.02,1839,2678,1982,6925,ON
210,2026-05-25 14:11:57.940,31.5,3.21,4.403,7989,179.39,18.10,1837,2677,1981,7044,ON
211,2026-05-25 14:11:58.440,31.5,3.24,4.408,8014,179.31,18.18,1837,2676,1980,7065,ON
212,2026-05-25 14:11:58.940,31.6,3.23,4.417,8038,179.21,18.27,1832,2669,1975,6995,ON
213,2026-05-25 14:11:59.440,31.6,3.24,4.400,8065,179.13,18.36,1831,2669,1975,7042,ON
214,2026-05-25 14:11:59.940,31.6,3.27,4.413,8099,179.05,18.44,1843,2682,1986,7083,ON
215,2026-05-25 14:12:00.440,31.6,3.28,4.392,8132,178.96,18.52,1859,2707,2004,7157,ON
216,2026-05-25 14:12:00.940,31.6,3.29,4.408,8158,178.88,18.61,1867,2716,2012,7156,ON
217,2026-05-25 14:12:01.440,31.6,3.28,4.407,8183,178.80,18.69,1868,2717,2013,7270,ON
218,2026-05-25 14:12:01.940,31.6,3.29,4.404,8209,178.71,18.78,1868,2717,2012,7180,ON
219,2026-05-25 14:12:02.440,31.6,3.28,4.396,8235,178.63,18.86,1872,2722,2016,7109,ON
220,2026-05-25 14:12:02.940,31.6,3.29,4.396,8265,178.54,18.95,1867,2714,2009,7076,ON
221,2026-05-25 14:12:03.440,31.6,3.30,4.401,8298,178.45,19.04,1869,2718,2012,7177,ON
222,2026-05-25 14:12:03.940,31.6,3.30,4.400,8327,178.36,19.13,1873,2725,2017,7159,ON
223,2026-05-25 14:12:04.440,31.7,3.30,4.394,8357,178.28,19.21,1871,2722,2016,7007,ON
224,2026-05-25 14:12:04.940,31.7,3.31,4.401,8387,178.20,19.29,1866,2714,2010,7103,ON
225,2026-05-25 14:12:05.440,31.7,3.33,4.385,8419,178.11,19.38,1863,2708,2006,7200,ON
226,2026-05-25 14:12:05.940,31.7,3.35,4.403,8448,178.02,19.47,1860,2706,2004,7110,ON
227,2026-05-25 14:12:06.440,31.7,3.34,4.395,8474,177.93,19.56,1858,2702,2001,7107,ON
228,2026-05-25 14:12:06.940,31.7,3.36,4.397,8502,177.84,19.65,1851,2691,1992,7100,ON
229,2026-05-25 14:12:07.440,31.7,3.36,4.394,8533,177.75,19.74,1853,2693,1994,7123,ON
230,2026-05-25 14:12:07.940,31.7,3.36,4.386,8558,177.67,19.82,1856,2699,1999,6960,ON
231,2026-05-25 14:12:08.440,31.7,3.37,4.399,8584,177.59,19.90,1850,2691,1992,7056,ON
232,2026-05-25 14:12:08.940,31.7,3.37,4.393,8609,177.51,19.98,1850,2691,1992,7143,ON
233,2026-05-25 14:12:09.440,31.7,3.37,4.380,8636,177.42,20.07,1855,2698,1997,7199,ON
234,2026-05-25 14:12:09.940,31.7,3.36,4.394,8663,177.33,20.16,1856,2701,2000,7156,ON
235,2026-05-25 14:12:10.440,31.7,3.36,4.389,8689,177.25,20.24,1852,2694,1994,7094,ON
236,2026-05-25 14:12:10.940,31.8,3.37,4.384,8719,177.17,20.32,1853,2693,1995,7081,ON
237,2026-05-25 14:12:11.440,31.8,3.38,4.381,8755,177.08,20.41,1855,2697,1997,7089,ON
238,2026-05-25 14:12:11.940,31.8,3.40,4.383,8791,176.99,20.50,1855,2698,1997,6959,ON
239,2026-05-25 14:12:12.440,31.8,3.41,4.386,8829,176.91,20.58,1855,2696,1996,7074,ON
240,2026-05-25 14:12:12.940,31.8,3.44,4.378,8860,176.82,20.67,1852,2691,1992,7148,ON
241,2026-05-25 14:12:13.440,31.8,3.46,4.373,8885,176.73,20.76,1858,2701,2000,7147,ON
242,2026-05-25 14:12:13.940,31.8,3.47,4.378,8905,176.65,20.84,1860,2706,2004,7166,ON
243,2026-05-25 14:12:14.440,31.8,3.47,4.377,8925,176.57,20.92,1859,2702,2000,7103,ON
244,2026-05-25 14:12:14.940,31.8,3.48,4.395,8955,176.49,21.00,1858,2699,1999,7103,ON
245,2026-05-25 14:12:15.440,31.9,3.47,4.389,8990,176.40,21.09,1855,2696,1996,7008,ON
246,2026-05-25 14:12:15.940,31.9,3.47,4.377,9027,176.31,21.18,1847,2685,1987,6920,ON
247,2026-05-25 14:12:16.440,31.9,3.48,4.376,9056,176.22,21.27,1850,2688,1990,7192,ON
248,2026-05-25 14:12:16.940,31.9,3.50,4.364,9083,176.13,21.36,1853,2694,1993,7115,ON
249,2026-05-25 14:12:17.440,31.9,3.51,4.380,9107,176.06,21.43,1851,2693,1993,7107,ON
250,2026-05-25 14:12:17.940,31.9,3.51,4.378,9139,175.97,21.52,1847,2686,1988,7119,ON
251,2026-05-25 14:12:18.440,31.9,3.50,4.381,9165,175.89,21.60,1853,2695,1995,6999,ON
252,2026-05-25 14:12:18.940,31.9,3.48,4.365,9191,175.80,21.69,1854,2698,1987,7105,ON
253,2026-05-25 14:12:19.440,31.9,3.51,4.371,9217,175.71,21.78,1853,2695,1991,6965,ON
254,2026-05-25 14:12:19.940,31.9,3.52,4.378,9240,175.63,21.86,1849,2689,1997,7057,ON
255,2026-05-25 14:12:20.440,31.9,3.54,4.363,9264,175.54,21.95,1851,2693,1996,7012,ON
256,2026-05-25 14:12:20.940,31.9,3.56,4.364,9293,175.46,22.03,1848,2687,1989,7165,ON
257,2026-05-25 14:12:21.440,31.9,3.56,4.365,9321,175.37,22.12,1850,2689,1990,7091,ON
258,2026-05-25 14:12:21.940,31.9,3.55,4.374,9345,175.29,22.20,1851,2690,1990,7192,ON
259,2026-05-25 14:12:22.440,32.0,3.53,4.359,9371,175.20,22.29,1856,2699,1998,7194,ON
260,2026-05-25 14:12:22.940,32.0,3.56,4.370,9400,175.12,22.37,1847,2684,1985,7042,ON
261,2026-05-25 14:12:23.440,32.0,3.56,4.360,9429,175.03,22.46,1852,2693,1992,7159,ON
262,2026-05-25 14:12:23.940,32.0,3.57,4.361,9459,174.94,22.55,1858,2704,2000,7087,ON
263,2026-05-25 14:12:24.440,32.0,3.58,4.359,9490,174.85,22.64,1855,2699,1997,6975,ON
264,2026-05-25 14:12:24.940,32.0,3.60,4.357,9524,174.78,22.71,1855,2698,1996,7105,ON
265,2026-05-25 14:12:25.440,32.0,3.61,4.371,9558,174.69,22.80,1855,2697,1995,7177,ON
266,2026-05-25 14:12:25.940,32.0,3.61,4.360,9586,174.61,22.88,1862,2708,2004,7091,ON
267,2026-05-25 14:12:26.440,32.0,3.61,4.352,9618,174.52,22.97,1851,2692,1992,7017,ON
268,2026-05-25 14:12:26.940,32.0,3.62,4.362,9640,174.43,23.06,1850,2691,1991,7175,ON
269,2026-05-25 14:12:27.440,32.0,3.61,4.347,9661,174.35,23.14,1860,2705,2002,7257,ON
270,2026-05-25 14:12:27.940,32.1,3.59,4.365,9685,174.26,23.23,1863,2709,2004,7143,ON
271,2026-05-25 14:12:28.440,32.1,3.59,4.355,9715,174.18,23.31,1864,2711,2006,7180,ON
272,2026-05-25 14:12:28.940,32.1,3.61,4.362,9751,174.09,23.40,1866,2713,2007,7176,ON
273,2026-05-25 14:12:29.440,32.1,3.61,4.366,9785,174.01,23.48,1867,2715,2009,7105,ON
274,2026-05-25 14:12:29.940,32.1,3.62,4.357,9816,173.91,23.58,1864,2710,2005,7057,ON
275,2026-05-25 14:12:30.440,32.1,3.63,4.361,9846,173.82,23.67,1855,2697,1996,7014,ON
276,2026-05-25 14:12:30.940,32.1,3.63,4.357,9872,173.73,23.76,1852,2691,1992,7071,ON
277,2026-05-25 14:12:31.440,32.1,3.66,4.348,9901,173.65,23.84,1857,2699,1997,7251,ON
278,2026-05-25 14:12:31.940,32.1,3.66,4.357,9926,173.57,23.92,1859,2702,1999,7113,ON
279,2026-05-25 14:12:32.440,32.1,3.68,4.340,9945,173.48,24.01,1860,2703,2000,7182,ON
280,2026-05-25 14:12:32.940,32.1,3.71,4.340,9962,173.40,24.09,1865,2711,2006,7194,ON
281,2026-05-25 14:12:33.440,32.1,3.72,4.351,9979,173.31,24.18,1862,2711,2007,7045,ON
282,2026-05-25 14:12:33.940,32.2,3.71,4.358,10005,173.23,24.26,1856,2698,1997,7097,ON
283,2026-05-25 14:12:34.440,32.2,3.69,4.356,10038,173.14,24.35,1859,2699,1998,7142,ON
284,2026-05-25 14:12:34.940,32.2,3.71,4.340,10071,173.05,24.44,1861,2703,2001,7008,ON
285,2026-05-25 14:12:35.440,32.2,3.72,4.327,10103,172.97,24.52,1854,2691,1992,7010,ON
286,2026-05-25 14:12:35.940,32.2,3.73,4.342,10141,172.88,24.61,1852,2689,1990,7273,ON
287,2026-05-25 14:12:36.440,32.2,3.73,4.344,10177,172.80,24.69,1860,2700,2000,7170,ON
288,2026-05-25 14:12:36.940,32.2,3.74,4.355,10205,172.71,24.78,1859,2699,2000,7113,ON
289,2026-05-25 14:12:37.440,32.2,3.71,4.340,10225,172.63,24.86,1858,2696,1998,7142,ON
290,2026-05-25 14:12:37.940,32.2,3.73,4.333,10239,172.54,24.95,1863,2704,2003,7064,ON
291,2026-05-25 14:12:38.440,32.2,3.74,4.336,10249,172.45,25.04,1866,2710,2008,7137,ON
292,2026-05-25 14:12:38.940,32.2,3.75,4.339,10267,172.37,25.12,1862,2704,2004,6987,ON
293,2026-05-25 14:12:39.440,32.2,3.76,4.332,10293,172.29,25.20,1858,2698,1998,7093,ON
294,2026-05-25 14:12:39.940,32.2,3.78,4.325,10331,172.20,25.29,1856,2696,1995,7267,ON
295,2026-05-25 14:12:40.440,32.2,3.82,4.323,10367,172.11,25.38,1858,2700,2000,7081,ON
296,2026-05-25 14:12:40.940,32.3,3.84,4.335,10395,172.03,25.46,1855,2694,1995,7115,ON
297,2026-05-25 14:12:41.440,32.3,3.84,4.325,10417,171.94,25.55,1853,2690,1992,7160,ON
298,2026-05-25 14:12:41.940,32.3,3.84,4.329,10439,171.87,25.62,1860,2700,2000,7067,ON
299,2026-05-25 14:12:42.440,32.3,3.84,4.335,10464,171.77,25.72,1858,2698,1999,7080,ON
300,2026-05-25 14:12:42.940,32.3,3.84,4.332,10493,171.68,25.81,1856,2695,1997,7065,ON
301,2026-05-25 14:12:43.440,32.3,3.83,4.318,10518,171.60,25.89,1856,2695,1995,7083,ON
302,2026-05-25 14:12:43.940,32.3,3.84,4.324,10547,171.52,25.97,1857,2697,1997,7239,ON
303,2026-05-25 14:12:44.440,32.3,3.84,4.323,10576,171.43,26.06,1866,2712,2007,7212,ON
304,2026-05-25 14:12:44.940,32.3,3.85,4.333,10607,171.34,26.15,1871,2718,2014,7097,ON
305,2026-05-25 14:12:45.440,32.3,3.86,4.317,10640,171.26,26.23,1868,2713,2010,7097,ON
306,2026-05-25 14:12:45.940,32.3,3.89,4.336,10668,171.18,26.31,1861,2704,2002,7160,ON
307,2026-05-25 14:12:46.440,32.4,3.87,4.329,10693,171.09,26.40,1862,2705,2003,7238,ON
308,2026-05-25 14:12:46.940,32.4,3.86,4.325,10717,171.00,26.49,1869,2716,2011,7207,ON
309,2026-05-25 14:12:47.440,32.4,3.87,4.334,10742,170.92,26.57,1874,2722,2015,7252,ON
310,2026-05-25 14:12:47.940,32.4,3.88,4.323,10775,170.84,26.65,1872,2719,2013,7151,ON
311,2026-05-25 14:12:48.440,32.4,3.88,4.326,10808,170.75,26.74,1871,2711,2007,7118,ON
312,2026-05-25 14:12:48.940,32.4,3.88,4.321,10837,170.67,26.82,1869,2709,2005,7112,ON
313,2026-05-25 14:12:49.440,32.4,3.89,4.327,10864,170.58,26.91,1865,2703,2003,7103,ON
314,2026-05-25 14:12:49.940,32.4,3.89,4.324,10893,170.49,27.00,1864,2702,2006,7049,ON
315,2026-05-25 14:12:50.440,32.4,3.89,4.326,10928,170.41,27.08,1859,2699,2012,7077,ON
316,2026-05-25 14:12:50.940,32.4,3.89,4.324,10964,170.32,27.17,1864,2702,2005,7209,ON
317,2026-05-25 14:12:51.440,32.4,3.93,4.300,10998,170.24,27.25,1869,2702,1993,7153,ON
318,2026-05-25 14:12:51.940,32.4,3.96,4.313,11026,170.13,27.36,1868,2706,1999,7219,ON
319,2026-05-25 14:12:52.440,32.4,3.95,4.315,11048,170.05,27.44,1868,2711,2005,7148,ON
320,2026-05-25 14:12:52.940,32.4,3.95,4.306,11077,169.96,27.53,1868,2713,2007,7184,ON
321,2026-05-25 14:12:53.440,32.4,3.95,4.316,11105,169.88,27.61,1858,2698,1995,7055,ON
322,2026-05-25 14:12:53.940,32.5,3.98,4.296,11133,169.79,27.70,1858,2698,1995,7140,ON
323,2026-05-25 14:12:54.440,32.5,4.00,4.308,11156,169.70,27.79,1869,2716,2011,7186,ON
324,2026-05-25 14:12:54.940,32.5,3.99,4.313,11180,169.62,27.87,1878,2729,2020,7211,ON
325,2026-05-25 14:12:55.440,32.5,3.99,4.306,11205,169.53,27.96,1882,2734,2024,7236,ON
326,2026-05-25 14:12:55.940,32.5,4.00,4.305,11228,169.45,28.04,1891,2747,2033,7386,ON
327,2026-05-25 14:12:56.440,32.5,4.02,4.300,11250,169.37,28.12,1907,2772,2053,7396,ON
328,2026-05-25 14:12:56.940,32.5,4.03,4.310,11275,169.28,28.21,1909,2777,2057,7313,ON
329,2026-05-25 14:12:57.440,32.5,4.04,4.299,11305,169.19,28.29,1904,2768,2050,7258,ON
330,2026-05-25 14:12:57.940,32.5,4.05,4.300,11341,169.11,28.38,1900,2760,2043,7273,ON
331,2026-05-25 14:12:58.440,32.5,4.05,4.301,11377,169.02,28.47,1901,2764,2046,7297,ON
332,2026-05-25 14:12:58.940,32.5,4.07,4.296,11410,168.94,28.55,1902,2765,2048,7160,ON
333,2026-05-25 14:12:59.440,32.5,4.07,4.287,11439,168.85,28.64,1902,2764,2048,7277,ON
334,2026-05-25 14:12:59.940,32.5,4.07,4.299,11462,168.77,28.72,1902,2763,2047,7452,ON
335,2026-05-25 14:13:00.440,32.6,4.07,4.319,11481,168.68,28.81,1905,2768,2049,7306,ON
336,2026-05-25 14:13:00.940,32.6,4.05,4.310,11504,168.60,28.89,1902,2766,2049,7279,ON
337,2026-05-25 14:13:01.440,32.6,4.04,4.308,11533,168.51,28.98,1896,2758,2043,7409,ON
338,2026-05-25 14:13:01.940,32.6,4.04,4.302,11564,168.43,29.06,1906,2771,2053,7267,ON
339,2026-05-25 14:13:02.440,32.6,4.04,4.298,11590,168.34,29.15,1906,2770,2052,7252,ON
340,2026-05-25 14:13:02.940,32.6,4.04,4.289,11617,168.26,29.23,1901,2763,2047,7156,ON
341,2026-05-25 14:13:03.440,32.6,4.05,4.301,11641,168.17,29.32,1900,2764,2045,7272,ON
342,2026-05-25 14:13:03.940,32.6,4.06,4.311,11663,168.09,29.40,1904,2768,2049,7316,ON
343,2026-05-25 14:13:04.440,32.6,4.04,4.302,11684,168.00,29.49,1904,2768,2048,7263,ON
344,2026-05-25 14:13:04.940,32.6,4.04,4.303,11707,167.91,29.58,1899,2759,2042,7324,ON
345,2026-05-25 14:13:05.440,32.6,4.04,4.305,11735,167.83,29.66,1894,2753,2037,7262,ON
346,2026-05-25 14:13:05.940,32.6,4.07,4.291,11764,167.75,29.74,1896,2756,2038,7248,ON
347,2026-05-25 14:13:06.440,32.6,4.09,4.291,11791,167.66,29.83,1900,2761,2043,7228,ON
348,2026-05-25 14:13:06.940,32.6,4.11,4.274,11819,167.57,29.92,1897,2756,2044,7162,ON
349,2026-05-25 14:13:07.440,32.7,4.12,4.290,11853,167.49,30.00,1898,2749,2047,7254,ON
350,2026-05-25 14:13:07.940,32.7,4.12,4.291,11900,167.40,30.09,1901,2751,2041,7166,ON
351,2026-05-25 14:13:08.440,32.7,4.13,4.285,11939,167.32,30.17,1903,2762,2046,7323,ON
352,2026-05-25 14:13:08.940,32.7,4.14,4.289,11970,167.22,30.26,1907,2768,2051,7414,ON
353,2026-05-25 14:13:09.440,32.7,4.13,4.294,11997,167.15,30.34,1907,2769,2052,7253,ON
354,2026-05-25 14:13:09.940,32.7,4.13,4.285,12023,167.06,30.43,1902,2761,2045,7266,ON
355,2026-05-25 14:13:10.440,32.7,4.15,4.285,12044,166.97,30.52,1898,2757,2042,7277,ON
356,2026-05-25 14:13:10.940,32.7,4.16,4.282,12067,166.88,30.61,1901,2764,2046,7369,ON
357,2026-05-25 14:13:11.440,32.7,4.18,4.281,12092,166.80,30.69,1902,2768,2049,7206,ON
358,2026-05-25 14:13:11.940,32.7,4.19,4.275,12119,166.72,30.77,1893,2751,2036,7196,ON
359,2026-05-25 14:13:12.440,32.7,4.20,4.284,12148,166.62,30.87,1889,2743,2030,7305,ON
360,2026-05-25 14:13:12.940,32.7,4.19,4.286,12180,166.53,30.96,1895,2752,2037,7242,ON
361,2026-05-25 14:13:13.440,32.7,4.18,4.276,12212,166.44,31.05,1896,2753,2038,7176,ON
362,2026-05-25 14:13:13.940,32.7,4.21,4.261,12246,166.36,31.13,1893,2749,2035,7207,ON
363,2026-05-25 14:13:14.440,32.7,4.22,4.280,12271,166.27,31.22,1892,2746,2033,7204,ON
364,2026-05-25 14:13:14.940,32.8,4.22,4.283,12289,166.19,31.30,1891,2744,2032,7152,ON
365,2026-05-25 14:13:15.440,32.8,4.22,4.278,12309,166.10,31.39,1893,2751,2036,7336,ON
366,2026-05-25 14:13:15.940,32.8,4.22,4.290,12335,166.01,31.48,1894,2751,2037,7236,ON
367,2026-05-25 14:13:16.440,32.8,4.21,4.270,12367,165.93,31.56,1892,2746,2033,7223,ON
368,2026-05-25 14:13:16.940,32.8,4.24,4.274,12404,165.85,31.64,1891,2744,2030,7243,ON
369,2026-05-25 14:13:17.440,32.8,4.26,4.281,12431,165.76,31.73,1883,2731,2029,7144,ON
370,2026-05-25 14:13:17.940,32.8,4.24,4.281,12455,165.68,31.81,1882,2730,2031,7235,ON
371,2026-05-25 14:13:18.440,32.8,4.24,4.272,12482,165.59,31.90,1890,2744,2035,7145,ON
372,2026-05-25 14:13:18.940,32.8,4.26,4.273,12505,165.50,31.99,1888,2740,2031,7178,ON
373,2026-05-25 14:13:19.440,32.8,4.29,4.260,12525,165.42,32.07,1888,2741,2030,7203,ON
374,2026-05-25 14:13:19.940,32.9,4.31,4.264,12559,165.33,32.15,1896,2754,2040,7317,ON
375,2026-05-25 14:13:20.440,32.9,4.32,4.278,12594,165.25,32.24,1903,2765,2048,7366,ON
376,2026-05-25 14:13:20.940,32.8,4.29,4.266,12622,165.16,32.33,1904,2766,2050,7286,ON
377,2026-05-25 14:13:21.440,32.8,4.28,4.269,12650,165.07,32.42,1904,2766,2049,7331,ON
378,2026-05-25 14:13:21.940,32.9,4.29,4.266,12673,164.99,32.50,1906,2770,2051,7352,ON
379,2026-05-25 14:13:22.440,32.9,4.30,4.277,12694,164.90,32.59,1912,2778,2057,7252,ON
380,2026-05-25 14:13:22.940,32.9,4.30,4.253,12714,164.82,32.67,1908,2771,2052,7254,ON
381,2026-05-25 14:13:23.440,32.9,4.30,4.267,12736,164.73,32.76,1905,2769,2049,7263,ON
382,2026-05-25 14:13:23.940,32.9,4.31,4.266,12767,164.65,32.84,1907,2770,2051,7302,ON
383,2026-05-25 14:13:24.440,32.9,4.31,4.265,12794,164.56,32.93,1904,2766,2048,7259,ON
384,2026-05-25 14:13:24.940,32.9,4.32,4.258,12820,164.48,33.01,1899,2757,2042,7249,ON
385,2026-05-25 14:13:25.440,32.9,4.32,4.262,12847,164.39,33.10,1898,2757,2041,7375,ON
386,2026-05-25 14:13:25.940,32.9,4.33,4.262,12870,164.30,33.19,1899,2758,2041,7179,ON
387,2026-05-25 14:13:26.440,32.9,4.34,4.272,12899,164.22,33.27,1893,2747,2034,7170,ON
388,2026-05-25 14:13:26.940,32.9,4.32,4.269,12930,164.14,33.35,1899,2758,2043,7283,ON
389,2026-05-25 14:13:27.440,32.9,4.32,4.257,12954,164.05,33.44,1901,2764,2047,7261,ON
390,2026-05-25 14:13:27.940,33.0,4.34,4.271,12977,163.97,33.52,1911,2781,2060,7381,ON
391,2026-05-25 14:13:28.440,33.0,4.32,4.259,12996,163.88,33.61,1910,2780,2058,7275,ON
392,2026-05-25 14:13:28.940,33.0,4.34,4.257,13015,163.80,33.69,1903,2768,2049,7314,ON
393,2026-05-25 14:13:29.440,33.0,4.37,4.263,13040,163.71,33.78,1905,2771,2050,7414,ON
394,2026-05-25 14:13:29.940,33.0,4.36,4.258,13066,163.63,33.86,1912,2782,2060,7311,ON
395,2026-05-25 14:13:30.440,33.0,4.37,4.256,13092,163.54,33.95,1912,2781,2059,7276,ON
396,2026-05-25 14:13:30.940,33.0,4.38,4.262,13122,163.45,34.04,1913,2781,2059,7316,ON
397,2026-05-25 14:13:31.440,33.0,4.40,4.248,13156,163.37,34.12,1916,2784,2061,7173,ON
398,2026-05-25 14:13:31.940,33.0,4.41,4.254,13191,163.28,34.21,1904,2763,2046,7319,ON
399,2026-05-25 14:13:32.440,33.0,4.41,4.254,13222,163.20,34.29,1907,2768,2052,7419,ON
400,2026-05-25 14:13:32.940,33.0,4.41,4.253,13252,163.20,34.29,1918,2785,2065,7408,ON
401,2026-05-25 14:13:33.440,33.0,4.43,4.241,13277,163.01,34.48,1926,2798,2067,7275,ON
402,2026-05-25 14:13:33.940,33.1,4.43,4.254,13297,162.93,34.56,1918,2797,2068,7409,ON
403,2026-05-25 14:13:34.440,33.1,4.42,4.263,13319,162.84,34.65,1923,2795,2068,7390,ON
404,2026-05-25 14:13:34.940,33.1,4.43,4.247,13342,162.75,34.74,1923,2792,2069,7356,ON
405,2026-05-25 14:13:35.440,33.1,4.44,4.249,13367,162.67,34.82,1919,2785,2065,7341,ON
406,2026-05-25 14:13:35.940,33.1,4.44,4.235,13390,162.58,34.91,1921,2787,2068,7485,ON
407,2026-05-25 14:13:36.440,33.1,4.47,4.253,13413,162.49,35.00,1927,2797,2074,7407,ON
408,2026-05-25 14:13:36.940,33.1,4.48,4.241,13439,162.41,35.08,1929,2800,2078,7313,ON
409,2026-05-25 14:13:37.440,33.1,4.49,4.240,13464,162.33,35.16,1926,2794,2074,7346,ON
410,2026-05-25 14:13:37.940,33.1,4.50,4.242,13483,162.24,35.25,1926,2794,2072,7357,ON
411,2026-05-25 14:13:38.440,33.1,4.50,4.240,13506,162.16,35.33,1927,2799,2075,7378,ON
412,2026-05-25 14:13:38.940,33.1,4.52,4.227,13532,162.07,35.42,1927,2798,2075,7413,ON
413,2026-05-25 14:13:39.440,33.1,4.54,4.237,13561,161.99,35.50,1927,2799,2075,7422,ON
414,2026-05-25 14:13:39.940,33.1,4.54,4.240,13594,161.90,35.59,1929,2800,2078,7418,ON
415,2026-05-25 14:13:40.440,33.1,4.54,4.237,13629,161.82,35.67,1937,2816,2090,7502,ON
416,2026-05-25 14:13:40.940,33.1,4.54,4.237,13661,161.73,35.76,1937,2820,2092,7354,ON
417,2026-05-25 14:13:41.440,33.1,4.54,4.239,13689,161.65,35.84,1933,2811,2085,7378,ON
418,2026-05-25 14:13:41.940,33.2,4.53,4.241,13712,161.56,35.93,1933,2810,2084,7316,ON
419,2026-05-25 14:13:42.440,33.2,4.54,4.243,13735,161.47,36.02,1929,2802,2080,7352,ON
420,2026-05-25 14:13:42.940,33.2,4.56,4.226,13760,161.39,36.10,1927,2800,2077,7418,ON
421,2026-05-25 14:13:43.440,33.2,4.59,4.225,13784,161.31,36.18,1931,2805,2081,7438,ON
422,2026-05-25 14:13:43.940,33.2,4.61,4.217,13807,161.22,36.27,1936,2811,2087,7462,ON
423,2026-05-25 14:13:44.440,33.2,4.64,4.233,13833,161.13,36.36,1937,2813,2088,7418,ON
424,2026-05-25 14:13:44.940,33.2,4.63,4.227,13859,161.05,36.44,1930,2803,2079,7295,ON
425,2026-05-25 14:13:45.440,33.2,4.63,4.211,13883,160.97,36.52,1923,2790,2069,7300,ON
426,2026-05-25 14:13:45.940,33.2,4.63,4.225,13905,160.88,36.61,1920,2783,2065,7301,ON
427,2026-05-25 14:13:46.440,33.2,4.64,4.222,13927,160.80,36.69,1925,2794,2075,7396,ON
428,2026-05-25 14:13:46.940,33.2,4.64,4.225,13950,160.71,36.78,1931,2803,2083,7435,ON
429,2026-05-25 14:13:47.440,33.2,4.64,4.216,13972,160.62,36.87,1936,2809,2087,7431,ON
430,2026-05-25 14:13:47.940,33.2,4.65,4.222,13999,160.54,36.95,1930,2801,2081,7360,ON
431,2026-05-25 14:13:48.440,33.2,4.65,4.225,14026,160.46,37.03,1927,2798,2079,7487,ON
432,2026-05-25 14:13:48.940,33.2,4.65,4.230,14056,160.37,37.12,1934,2809,2088,7460,ON
433,2026-05-25 14:13:49.440,33.2,4.65,4.219,14083,160.29,37.20,1939,2819,2096,7386,ON
434,2026-05-25 14:13:49.940,33.2,4.66,4.217,14109,160.20,37.29,1937,2817,2093,7423,ON
435,2026-05-25 14:13:50.440,33.2,4.67,4.207,14129,160.12,37.37,1938,2816,2093,7425,ON
436,2026-05-25 14:13:50.940,33.2,4.69,4.217,14154,160.04,37.45,1940,2821,2095,7458,ON
437,2026-05-25 14:13:51.440,33.3,4.70,4.222,14179,159.95,37.54,1942,2822,2097,7463,ON
438,2026-05-25 14:13:51.940,33.3,4.70,4.212,14203,159.86,37.63,1934,2806,2086,7376,ON
439,2026-05-25 14:13:52.440,33.3,4.71,4.207,14227,159.76,37.73,1932,2803,2084,7462,ON
440,2026-05-25 14:13:52.940,33.3,4.73,4.211,14248,159.68,37.81,1938,2805,2088,7345,ON
441,2026-05-25 14:13:53.440,33.3,4.75,4.212,14272,159.59,37.90,1934,2799,2082,7304,ON
442,2026-05-25 14:13:53.940,33.3,4.76,4.211,14291,159.50,37.99,1927,2792,2073,7337,ON
443,2026-05-25 14:13:54.440,33.3,4.76,4.216,14319,159.43,38.06,1931,2798,2078,7441,ON
444,2026-05-25 14:13:54.940,33.3,4.76,4.208,14354,159.34,38.15,1938,2808,2086,7453,ON
445,2026-05-25 14:13:55.440,33.3,4.76,4.188,14389,159.25,38.24,1938,2811,2089,7522,ON
446,2026-05-25 14:13:55.940,33.3,4.79,4.202,14412,159.17,38.32,1943,2819,2095,7477,ON
447,2026-05-25 14:13:56.440,33.3,4.80,4.199,14431,159.08,38.41,1945,2820,2095,7404,ON
448,2026-05-25 14:13:56.940,33.4,4.82,4.198,14452,159.00,38.49,1938,2811,2090,7396,ON
449,2026-05-25 14:13:57.440,33.4,4.83,4.197,14471,158.91,38.58,1936,2807,2088,7405,ON
450,2026-05-25 14:13:57.940,33.4,4.82,4.212,14492,158.83,38.66,1939,2808,2088,7421,ON
451,2026-05-25 14:13:58.440,33.4,4.80,4.190,14520,158.74,38.75,1936,2805,2084,7371,ON
452,2026-05-25 14:13:58.940,33.4,4.79,4.206,14550,158.65,38.84,1935,2803,2083,7463,ON
453,2026-05-25 14:13:59.440,33.4,4.80,4.193,14575,158.57,38.92,1942,2813,2090,7450,ON
454,2026-05-25 14:13:59.940,33.4,4.81,4.200,14597,158.49,39.00,1944,2817,2094,7377,ON
455,2026-05-25 14:14:00.440,33.4,4.81,4.202,14622,158.40,39.09,1939,2813,2090,7389,ON
456,2026-05-25 14:14:00.940,33.4,4.81,4.195,14647,158.32,39.17,1941,2814,2093,7469,ON
457,2026-05-25 14:14:01.440,33.4,4.83,4.200,14679,158.23,39.26,1946,2818,2097,7499,ON
458,2026-05-25 14:14:01.940,33.4,4.84,4.198,14705,158.15,39.34,1946,2819,2099,7497,ON
459,2026-05-25 14:14:02.440,33.4,4.85,4.177,14730,158.07,39.42,1949,2824,2104,7518,ON
460,2026-05-25 14:14:02.940,33.4,4.90,4.177,14750,157.97,39.52,1956,2833,2112,7475,ON
461,2026-05-25 14:14:03.440,33.4,4.94,4.186,14774,157.89,39.60,1958,2834,2112,7355,ON
462,2026-05-25 14:14:03.940,33.4,4.93,4.192,14797,157.81,39.68,1949,2821,2102,7423,ON
463,2026-05-25 14:14:04.440,33.4,4.93,4.171,14817,157.72,39.77,1947,2816,2097,7428,ON
464,2026-05-25 14:14:04.940,33.4,4.94,4.192,14836,157.63,39.86,1950,2821,2102,7469,ON
465,2026-05-25 14:14:05.440,33.4,4.96,4.173,14857,157.55,39.94,1947,2818,2098,7361,ON
466,2026-05-25 14:14:05.940,33.5,4.98,4.171,14884,157.46,40.03,1944,2812,2095,7434,ON
467,2026-05-25 14:14:06.440,33.5,4.99,4.184,14910,157.38,40.11,1949,2818,2101,7516,ON
468,2026-05-25 14:14:06.940,33.5,5.00,4.169,14937,157.29,40.20,1958,2832,2113,7541,ON
469,2026-05-25 14:14:07.440,33.5,5.02,4.184,14961,157.21,40.28,1961,2839,2116,7478,ON
470,2026-05-25 14:14:07.940,33.5,5.01,4.186,14981,157.12,40.37,1955,2831,2110,7327,ON
471,2026-05-25 14:14:08.440,33.5,5.01,4.178,15005,157.04,40.45,1950,2820,2103,7423,ON
472,2026-05-25 14:14:08.940,33.5,5.03,4.165,15029,156.95,40.54,1948,2814,2096,7398,ON
473,2026-05-25 14:14:09.440,33.5,5.05,4.170,15061,156.86,40.63,1947,2811,2090,7358,ON
474,2026-05-25 14:14:09.940,33.5,5.07,4.160,15091,156.78,40.71,1941,2803,2088,7427,ON
475,2026-05-25 14:14:10.440,33.5,5.09,4.164,15123,156.70,40.79,1948,2812,2097,7494,ON
476,2026-05-25 14:14:10.940,33.6,5.10,4.161,15143,156.61,40.88,1954,2823,2106,7534,ON
477,2026-05-25 14:14:11.440,33.6,5.12,4.158,15164,156.53,40.96,1954,2820,2107,7445,ON
478,2026-05-25 14:14:11.940,33.6,5.13,4.163,15181,156.45,41.04,1952,2813,2105,7514,ON
479,2026-05-25 14:14:12.440,33.6,5.12,4.167,15199,156.36,41.13,1957,2823,2112,7494,ON
480,2026-05-25 14:14:12.940,33.6,5.12,4.161,15222,156.26,41.23,1953,2821,2111,7405,ON
481,2026-05-25 14:14:13.440,33.6,5.12,4.149,15241,156.18,41.31,1953,2820,2111,7460,ON
482,2026-05-25 14:14:13.940,33.6,5.14,4.159,15254,156.09,41.40,1959,2827,2117,7484,ON
483,2026-05-25 14:14:14.440,33.6,5.15,4.152,15270,156.00,41.49,1963,2830,2120,7451,ON
484,2026-05-25 14:14:14.940,33.6,5.16,4.155,15288,155.92,41.57,1963,2831,2119,7556,ON
485,2026-05-25 14:14:15.440,33.6,5.19,4.147,15310,155.83,41.66,1967,2836,2123,7549,ON
486,2026-05-25 14:14:15.940,33.6,5.20,4.141,15338,155.74,41.75,1968,2836,2124,7541,ON
487,2026-05-25 14:14:16.440,33.6,5.22,4.140,15371,155.66,41.83,1969,2837,2124,7568,ON
488,2026-05-25 14:14:16.940,33.6,5.24,4.139,15400,155.57,41.92,1968,2836,2124,7485,ON
489,2026-05-25 14:14:17.440,33.6,5.27,4.129,15428,155.49,42.00,1969,2834,2124,7505,ON
490,2026-05-25 14:14:17.940,33.6,5.30,4.131,15455,155.41,42.08,1966,2829,2120,7417,ON
491,2026-05-25 14:14:18.440,33.6,5.32,4.127,15476,155.31,42.18,1958,2817,2108,7396,ON
492,2026-05-25 14:14:18.940,33.6,5.34,4.125,15499,155.24,42.25,1952,2803,2100,7451,ON
493,2026-05-25 14:14:19.440,33.6,5.36,4.128,15535,155.15,42.34,1949,2799,2096,7405,ON
494,2026-05-25 14:14:19.940,33.6,5.38,4.125,15575,155.07,42.42,1950,2801,2097,7469,ON
495,2026-05-25 14:14:20.440,33.7,5.38,4.132,15609,154.98,42.51,1955,2805,2104,7394,ON
496,2026-05-25 14:14:20.940,33.7,5.39,4.120,15642,154.90,42.59,1959,2806,2112,7504,ON
497,2026-05-25 14:14:21.440,33.7,5.40,4.104,15675,154.81,42.68,1964,2814,2119,7545,ON
498,2026-05-25 14:14:21.940,33.7,5.44,4.111,15705,154.73,42.76,1968,2822,2125,7538,ON
499,2026-05-25 14:14:22.440,33.7,5.47,4.101,15741,154.64,42.85,1962,2815,2117,7437,ON
500,2026-05-25 14:14:22.940,33.7,5.51,4.102,15784,154.56,42.93,1964,2819,2118,7530,ON
501,2026-05-25 14:14:23.440,33.7,5.53,4.100,15825,154.48,43.01,1968,2827,2122,7486,ON
502,2026-05-25 14:14:23.940,33.7,5.55,4.095,15870,154.39,43.10,1966,2816,2121,7393,ON
503,2026-05-25 14:14:24.440,33.7,5.58,4.100,15916,154.30,43.19,1955,2794,2108,7446,ON
504,2026-05-25 14:14:24.940,33.7,5.60,4.098,15956,154.22,43.27,1954,2790,2105,7432,ON
505,2026-05-25 14:14:25.440,33.7,5.62,4.076,15994,154.13,43.36,1951,2783,2102,7408,ON
506,2026-05-25 14:14:25.940,33.7,5.68,4.081,16032,154.05,43.44,1950,2777,2098,7458,ON
507,2026-05-25 14:14:26.440,33.7,5.70,4.077,16060,153.95,43.54,1957,2784,2111,7497,ON
508,2026-05-25 14:14:26.940,33.7,5.73,4.073,16088,153.88,43.61,1963,2800,2119,7359,ON
509,2026-05-25 14:14:27.440,33.7,5.77,4.066,16117,153.79,43.70,1958,2786,2114,7394,ON
510,2026-05-25 14:14:27.940,33.7,5.83,4.044,16159,153.71,43.78,1952,2778,2106,7372,ON
511,2026-05-25 14:14:28.440,33.7,5.86,4.060,16201,153.62,43.87,1947,2770,2097,7394,ON
512,2026-05-25 14:14:28.940,33.7,5.87,4.047,16239,153.54,43.94,1941,2751,2090,7311,ON
513,2026-05-25 14:14:29.440,33.7,5.94,4.030,16275,153.46,44.03,1938,2739,2086,7291,ON
514,2026-05-25 14:14:29.940,33.7,6.00,4.034,16311,153.37,44.12,1935,2723,2085,7315,ON
515,2026-05-25 14:14:30.440,33.7,6.05,4.031,16340,153.28,44.21,1940,2721,2091,7333,ON
516,2026-05-25 14:14:30.940,33.7,6.09,4.019,16360,153.19,44.30,1942,2711,2095,7101,ON
517,2026-05-25 14:14:31.440,33.7,6.14,4.014,16379,153.11,44.38,1925,2651,2079,7087,ON
518,2026-05-25 14:14:31.940,33.8,6.21,3.980,16397,153.01,44.48,1918,2633,2069,7131,ON
519,2026-05-25 14:14:32.440,33.8,6.32,3.985,16419,152.93,44.56,1916,2630,2064,7133,ON
520,2026-05-25 14:14:32.940,33.8,6.39,3.974,16443,152.85,44.64,1908,2606,2055,6845,ON
521,2026-05-25 14:14:33.440,33.8,6.46,3.967,16465,152.76,44.73,1885,2507,2028,6718,ON
522,2026-05-25 14:14:33.940,33.8,6.53,3.946,16484,152.68,44.81,1868,2433,2007,6482,ON
523,2026-05-25 14:14:34.440,33.8,6.63,3.911,16509,152.59,44.90,1844,2316,1982,6386,ON
524,2026-05-25 14:14:34.940,33.9,6.80,3.840,16527,152.51,44.98,1822,2212,1959,5951,ON
525,2026-05-25 14:14:35.440,33.9,7.34,3.753,16538,152.42,45.07,1769,2011,1896,5228,ON
526,2026-05-25 14:14:35.940,33.9,8.25,3.625,16550,152.33,45.16,1688,1724,1799,4720,ON
527,2026-05-25 14:14:36.440,33.9,9.10,3.568,16557,152.25,45.24,1613,1467,1706,4532,ON
528,2026-05-25 14:14:36.940,33.9,9.25,3.508,16562,152.17,45.32,1564,1301,1646,4418,ON
529,2026-05-25 14:14:37.440,33.9,9.62,3.420,16573,152.08,45.41,1532,1202,1607,4403,ON
530,2026-05-25 14:14:37.940,33.9,10.06,3.360,16602,152.00,45.49,1516,1151,1588,4411,ON
531,2026-05-25 14:14:38.440,33.9,10.35,3.329,16660,151.91,45.58,1511,1126,1579,4398,ON
532,2026-05-25 14:14:38.940,33.9,10.62,3.303,16737,151.82,45.67,1505,1111,1570,4339,ON
533,2026-05-25 14:14:39.440,33.9,10.85,3.261,16836,151.74,45.75,1496,1097,1558,4400,ON
534,2026-05-25 14:14:39.940,33.9,11.05,3.253,16961,151.65,45.84,1501,1099,1563,4436,ON
535,2026-05-25 14:14:40.440,33.9,11.11,3.258,17127,151.57,45.92,1503,1099,1566,4370,ON
536,2026-05-25 14:14:40.940,33.9,11.13,3.252,17316,151.49,46.00,1499,1096,1561,4369,ON
537,2026-05-25 14:14:41.440,33.9,11.24,3.225,17488,151.40,46.09,1497,1094,1558,4360,ON
538,2026-05-25 14:14:41.940,33.9,11.30,3.226,17637,151.32,46.17,1497,1094,1560,4379,ON
539,2026-05-25 14:14:42.440,33.9,11.35,3.216,17774,151.24,46.25,1499,1094,1561,4349,ON
540,2026-05-25 14:14:42.940,33.9,11.40,3.204,17902,151.14,46.35,1502,1096,1565,4412,ON
541,2026-05-25 14:14:43.440,33.9,11.42,3.204,18006,151.06,46.43,1505,1099,1569,4375,ON
542,2026-05-25 14:14:43.940,33.9,11.43,3.205,18091,150.98,46.51,1500,1093,1562,4349,ON
543,2026-05-25 14:14:44.440,33.9,11.44,3.210,18182,150.90,46.59,1495,1088,1556,4431,ON
544,2026-05-25 14:14:44.940,33.9,11.46,3.192,18255,150.81,46.68,1502,1095,1564,4412,ON
545,2026-05-25 14:14:45.440,33.9,11.48,3.195,18311,150.73,46.76,1503,1098,1567,4400,ON
546,2026-05-25 14:14:45.940,33.9,11.50,3.193,18367,150.64,46.85,1503,1098,1566,4385,ON
547,2026-05-25 14:14:46.440,33.9,11.53,3.184,18419,150.55,46.94,1502,1096,1565,4380,ON
548,2026-05-25 14:14:46.940,33.9,11.56,3.175,18476,150.47,47.02,1501,1095,1562,4379,ON
549,2026-05-25 14:14:47.440,33.9,11.59,3.173,18538,150.38,47.11,1502,1095,1561,4388,ON
550,2026-05-25 14:14:47.940,33.9,11.63,3.167,18610,150.30,47.19,1504,1097,1563,4368,ON
551,2026-05-25 14:14:48.440,33.9,11.66,3.172,18668,150.21,47.28,1502,1094,1560,4376,ON
552,2026-05-25 14:14:48.940,33.9,11.67,3.166,18726,150.13,47.36,1502,1093,1559,4392,ON
553,2026-05-25 14:14:49.440,33.9,11.71,3.147,18767,150.05,47.44,1505,1097,1563,4403,ON
554,2026-05-25 14:14:49.940,33.9,11.75,3.149,18815,149.96,47.53,1505,1098,1565,4391,ON
555,2026-05-25 14:14:50.440,33.9,11.79,3.143,18886,149.87,47.62,1504,1098,1565,4391,ON
556,2026-05-25 14:14:50.940,33.9,11.81,3.132,18963,149.79,47.70,1507,1100,1568,4404,ON
557,2026-05-25 14:14:51.440,33.9,11.84,3.143,19032,149.70,47.79,1508,1101,1568,4377,ON
558,2026-05-25 14:14:51.940,33.9,11.85,3.138,19122,149.62,47.87,1507,1101,1569,4439,ON
559,2026-05-25 14:14:52.440,33.9,11.86,3.140,19190,149.53,47.96,1513,1105,1575,4374,ON
560,2026-05-25 14:14:52.940,33.9,11.86,3.143,19233,149.43,48.06,1509,1101,1569,4390,ON
561,2026-05-25 14:14:53.440,33.9,11.88,3.132,19277,149.34,48.15,1508,1100,1569,4407,ON
562,2026-05-25 14:14:53.940,33.9,11.91,3.125,19333,149.26,48.23,1509,1103,1572,4421,ON
563,2026-05-25 14:14:54.440,33.9,11.93,3.134,19392,149.17,48.32,1509,1102,1570,4386,ON
564,2026-05-25 14:14:54.940,33.9,11.93,3.139,19458,149.09,48.40,1507,1099,1566,4411,ON
565,2026-05-25 14:14:55.440,33.9,11.95,3.124,19518,149.00,48.49,1509,1101,1567,4426,ON
566,2026-05-25 14:14:55.940,33.9,11.96,3.132,19574,148.92,48.57,1509,1101,1567,4376,ON
567,2026-05-25 14:14:56.440,33.9,11.95,3.111,19636,148.83,48.66,1506,1100,1565,4412,ON
568,2026-05-25 14:14:56.940,33.9,11.97,3.128,19709,148.75,48.74,1508,1102,1568,4443,ON
569,2026-05-25 14:14:57.440,33.9,11.98,3.115,19780,148.66,48.83,1513,1106,1575,4423,ON
570,2026-05-25 14:14:57.940,33.9,11.99,3.121,19846,148.58,48.91,1513,1106,1575,4360,ON
571,2026-05-25 14:14:58.440,33.9,12.01,3.106,19908,148.49,49.00,1508,1102,1568,4377,ON
572,2026-05-25 14:14:58.940,33.9,12.03,3.111,19975,148.40,49.09,1509,1103,1569,4418,ON
573,2026-05-25 14:14:59.440,33.9,12.04,3.109,20031,148.32,49.17,1514,1106,1575,4442,ON
574,2026-05-25 14:14:59.940,33.9,12.05,3.106,20084,148.24,49.25,1517,1108,1578,4436,ON
575,2026-05-25 14:15:00.440,33.9,12.06,3.112,20127,148.14,49.34,1517,1108,1579,4461,ON
576,2026-05-25 14:15:00.940,33.9,12.05,3.112,20170,148.06,49.43,1518,1109,1580,4421,ON
577,2026-05-25 14:15:01.440,33.9,12.06,3.107,20230,147.98,49.51,1515,1107,1576,4412,ON
578,2026-05-25 14:15:01.940,33.9,12.07,3.103,20301,147.89,49.60,1511,1103,1571,4361,ON
579,2026-05-25 14:15:02.440,33.9,12.09,3.098,20377,147.80,49.69,1509,1102,1568,4413,ON
580,2026-05-25 14:15:02.940,33.9,12.11,3.100,20441,147.71,49.78,1511,1103,1569,4404,ON
581,2026-05-25 14:15:03.440,33.9,12.11,3.107,20500,147.63,49.86,1509,1102,1567,4397,ON
582,2026-05-25 14:15:03.940,33.9,12.13,3.094,20554,147.55,49.93,1508,1102,1566,4417,ON
583,2026-05-25 14:15:04.440,33.9,12.14,3.092,20610,147.47,50.02,1511,1105,1570,4441,ON
584,2026-05-25 14:15:04.940,33.9,12.15,3.093,20673,147.38,50.11,1513,1109,1574,4440,ON
585,2026-05-25 14:15:05.440,33.9,12.16,3.088,20732,147.29,50.20,1511,1108,1572,4407,ON
586,2026-05-25 14:15:05.940,33.9,12.17,3.087,20801,147.21,50.28,1508,1105,1569,4422,ON
587,2026-05-25 14:15:06.440,33.9,12.18,3.080,20882,147.12,50.37,1513,1111,1575,4461,ON
588,2026-05-25 14:15:06.940,33.9,12.18,3.087,20955,147.04,50.45,1517,1116,1581,4435,ON
589,2026-05-25 14:15:07.440,33.9,12.19,3.095,21029,146.95,50.54,1518,1117,1583,4447,ON
590,2026-05-25 14:15:07.940,33.9,12.18,3.081,21081,146.86,50.63,1519,1118,1583,4485,ON
591,2026-05-25 14:15:08.440,33.9,12.18,3.091,21124,146.78,50.71,1516,1114,1577,4387,ON
592,2026-05-25 14:15:08.940,33.9,12.18,3.091,21161,146.70,50.79,1509,1107,1568,4435,ON
593,2026-05-25 14:15:09.440,33.9,12.19,3.087,21206,146.60,50.89,1515,1114,1577,4473,ON
594,2026-05-25 14:15:09.940,33.9,12.22,3.077,21262,146.52,50.97,1519,1117,1581,4428,ON
595,2026-05-25 14:15:10.440,33.9,12.23,3.083,21306,146.43,51.06,1516,1116,1577,4397,ON
596,2026-05-25 14:15:10.940,33.9,12.23,3.083,21345,146.35,51.14,1512,1113,1573,4455,ON
597,2026-05-25 14:15:11.440,33.9,12.23,3.090,21376,146.27,51.22,1514,1115,1575,4406,ON
598,2026-05-25 14:15:11.940,33.9,12.22,3.072,21406,146.18,51.31,1511,1111,1569,4446,ON
599,2026-05-25 14:15:12.440,33.9,12.24,3.077,21450,146.09,51.40,1519,1120,1580,4504,ON
600,2026-05-25 14:15:12.940,33.9,12.25,3.080,21499,146.01,51.48,1526,1128,1591,4492,ON
601,2026-05-25 14:15:13.440,33.9,12.25,3.078,21539,145.92,51.57,1528,1131,1594,4458,ON
602,2026-05-25 14:15:13.940,33.9,12.26,3.074,21591,145.84,51.65,1530,1135,1597,4513,ON
603,2026-05-25 14:15:14.440,33.9,12.25,3.089,21664,145.74,51.75,1531,1137,1598,4476,ON
604,2026-05-25 14:15:14.940,33.9,12.24,3.078,21731,145.65,51.84,1528,1133,1592,4461,ON
605,2026-05-25 14:15:15.440,33.9,12.24,3.074,21794,145.56,51.93,1525,1130,1588,4458,ON
606,2026-05-25 14:15:15.940,33.9,12.26,3.071,21863,145.48,52.01,1524,1130,1587,4522,ON
607,2026-05-25 14:15:16.440,33.9,12.26,3.085,21925,145.39,52.10,1526,1132,1588,4483,ON
608,2026-05-25 14:15:16.940,33.9,12.27,3.072,21968,145.31,52.18,1527,1133,1589,4465,ON
609,2026-05-25 14:15:17.440,33.9,12.28,3.069,22004,145.22,52.26,1526,1134,1590,4481,ON
610,2026-05-25 14:15:17.940,33.9,12.30,3.083,22040,145.14,52.35,1527,1134,1590,4515,ON
611,2026-05-25 14:15:18.440,33.9,12.31,3.078,22077,145.05,52.44,1531,1137,1594,4495,ON
612,2026-05-25 14:15:18.940,33.9,12.29,3.068,22126,144.96,52.53,1530,1138,1593,4477,ON
613,2026-05-25 14:15:19.440,33.9,12.30,3.072,22179,144.88,52.61,1528,1138,1592,4507,ON
614,2026-05-25 14:15:19.940,33.9,12.31,3.071,22232,144.79,52.70,1530,1139,1592,4501,ON
615,2026-05-25 14:15:20.440,33.9,12.32,3.059,22283,144.71,52.78,1530,1140,1592,4506,ON
616,2026-05-25 14:15:20.940,33.9,12.32,3.079,22335,144.62,52.87,1527,1139,1589,4480,ON
617,2026-05-25 14:15:21.440,33.9,12.32,3.072,22405,144.53,52.96,1527,1140,1591,4523,ON
618,2026-05-25 14:15:21.940,33.9,12.32,3.069,22475,144.44,53.04,1528,1141,1591,4471,ON
619,2026-05-25 14:15:22.440,33.9,12.31,3.077,22549,144.36,53.13,1525,1137,1587,4475,ON
620,2026-05-25 14:15:22.940,33.9,12.31,3.062,22626,144.27,53.22,1525,1138,1587,4509,ON
621,2026-05-25 14:15:23.440,33.9,12.32,3.066,22697,144.19,53.30,1531,1145,1595,4544,ON
622,2026-05-25 14:15:23.940,33.9,12.32,3.064,22752,144.10,53.39,1537,1152,1603,4511,ON
623,2026-05-25 14:15:24.440,33.9,12.33,3.078,22805,144.02,53.47,1534,1151,1600,4487,ON
624,2026-05-25 14:15:24.940,33.9,12.33,3.067,22858,143.93,53.56,1531,1147,1596,4508,ON
625,2026-05-25 14:15:25.440,33.9,12.33,3.066,22914,143.85,53.64,1532,1148,1596,4536,ON
626,2026-05-25 14:15:25.940,33.9,12.34,3.059,22959,143.76,53.73,1530,1147,1594,4486,ON
627,2026-05-25 14:15:26.440,33.9,12.36,3.056,23000,143.67,53.82,1527,1146,1590,4498,ON
628,2026-05-25 14:15:26.940,33.9,12.35,3.077,23045,143.59,53.90,1528,1146,1591,4541,ON
629,2026-05-25 14:15:27.440,33.9,12.34,3.062,23097,143.50,53.99,1533,1153,1598,4519,ON
630,2026-05-25 14:15:27.940,33.9,12.36,3.063,23157,143.42,54.07,1533,1154,1602,4484,ON
631,2026-05-25 14:15:28.440,33.9,12.36,3.068,23215,143.34,54.15,1532,1155,1604,4524,ON
632,2026-05-25 14:15:28.940,33.9,12.36,3.058,23275,143.25,54.24,1536,1156,1604,4556,ON
633,2026-05-25 14:15:29.440,33.9,12.37,3.059,23331,143.17,54.32,1535,1156,1600,4516,ON
634,2026-05-25 14:15:29.940,33.9,12.37,3.060,23387,143.07,54.42,1533,1155,1598,4519,ON
635,2026-05-25 14:15:30.440,33.9,12.37,3.063,23450,142.99,54.50,1535,1159,1600,4560,ON
636,2026-05-25 14:15:30.940,33.9,12.38,3.055,23526,142.90,54.59,1536,1163,1604,4549,ON
637,2026-05-25 14:15:31.440,33.9,12.39,3.065,23595,142.82,54.67,1540,1167,1608,4578,ON
638,2026-05-25 14:15:31.940,33.9,12.39,3.046,23660,142.73,54.76,1544,1173,1612,4589,ON
639,2026-05-25 14:15:32.440,33.9,12.41,3.057,23713,142.64,54.85,1545,1175,1613,4539,ON
640,2026-05-25 14:15:32.940,33.9,12.40,3.063,23762,142.56,54.93,1542,1170,1609,4587,ON
641,2026-05-25 14:15:33.440,33.9,12.40,3.050,23804,142.48,55.01,1545,1175,1613,4590,ON
642,2026-05-25 14:15:33.940,33.9,12.42,3.049,23856,142.39,55.10,1545,1176,1613,4516,ON
643,2026-05-25 14:15:34.440,33.9,12.42,3.053,23930,142.30,55.19,1539,1170,1605,4513,ON
644,2026-05-25 14:15:34.940,33.9,12.42,3.061,23991,142.22,55.27,1536,1166,1601,4607,ON
645,2026-05-25 14:15:35.440,33.9,12.41,3.050,24042,142.13,55.36,1544,1177,1612,4616,ON
646,2026-05-25 14:15:35.940,33.9,12.42,3.050,24100,142.03,55.46,1545,1179,1613,4538,ON
647,2026-05-25 14:15:36.440,33.9,12.42,3.055,24147,141.95,55.54,1537,1172,1603,4515,ON
648,2026-05-25 14:15:36.940,33.9,12.42,3.052,24179,141.86,55.63,1535,1170,1601,4569,ON
649,2026-05-25 14:15:37.440,33.9,12.41,3.054,24207,141.78,55.71,1541,1178,1608,4600,ON
650,2026-05-25 14:15:37.940,33.9,12.42,3.052,24266,141.70,55.79,1546,1184,1613,4558,ON
651,2026-05-25 14:15:38.440,33.9,12.42,3.048,24335,141.60,55.89,1544,1183,1612,4592,ON
652,2026-05-25 14:15:38.940,33.9,12.43,3.049,24395,141.52,55.97,1545,1185,1613,4615,ON
653,2026-05-25 14:15:39.440,33.9,12.43,3.050,24449,141.44,56.05,1549,1188,1615,4611,ON
654,2026-05-25 14:15:39.940,33.9,12.44,3.042,24508,141.35,56.14,1549,1189,1614,4589,ON
655,2026-05-25 14:15:40.440,33.9,12.46,3.046,24576,141.27,56.22,1547,1187,1613,4596,ON
656,2026-05-25 14:15:40.940,33.9,12.47,3.052,24648,141.18,56.31,1547,1189,1614,4589,ON
657,2026-05-25 14:15:41.440,33.9,12.46,3.042,24723,141.10,56.39,1546,1189,1612,4593,ON
658,2026-05-25 14:15:41.940,33.9,12.46,3.047,24791,141.01,56.48,1548,1193,1615,4621,ON
659,2026-05-25 14:15:42.440,33.9,12.46,3.042,24859,140.92,56.57,1551,1196,1619,4614,ON
660,2026-05-25 14:15:42.940,33.9,12.46,3.050,24919,140.84,56.65,1552,1199,1620,4596,ON
661,2026-05-25 14:15:43.440,33.9,12.47,3.035,24992,140.75,56.74,1548,1196,1616,4617,ON
662,2026-05-25 14:15:43.940,33.9,12.47,3.043,25058,140.67,56.82,1548,1198,1617,4666,ON
663,2026-05-25 14:15:44.440,33.9,12.47,3.044,25099,140.58,56.91,1552,1203,1622,4632,ON
664,2026-05-25 14:15:44.940,33.9,12.47,3.043,25134,140.50,56.99,1553,1205,1622,4631,ON
665,2026-05-25 14:15:45.440,33.9,12.47,3.053,25182,140.40,57.09,1552,1206,1623,4610,ON
666,2026-05-25 14:15:45.940,33.9,12.49,3.037,25234,140.32,57.17,1554,1209,1625,4652,ON
667,2026-05-25 14:15:46.440,33.9,12.50,3.032,25279,140.25,57.24,1555,1210,1625,4639,ON
668,2026-05-25 14:15:46.940,33.9,12.51,3.044,25339,140.16,57.33,1554,1211,1625,4640,ON
669,2026-05-25 14:15:47.440,33.9,12.51,3.033,25394,140.07,57.42,1553,1209,1623,4624,ON
670,2026-05-25 14:15:47.940,33.9,12.52,3.044,25447,139.99,57.50,1551,1207,1620,4638,ON
671,2026-05-25 14:15:48.440,33.9,12.53,3.032,25497,139.89,57.60,1553,1211,1623,4645,ON
672,2026-05-25 14:15:48.940,33.9,12.52,3.046,25557,139.82,57.67,1553,1213,1624,4622,ON
673,2026-05-25 14:15:49.440,33.9,12.51,3.041,25613,139.72,57.77,1554,1215,1626,4662,ON
674,2026-05-25 14:15:49.940,33.9,12.51,3.047,25670,139.64,57.85,1559,1221,1631,4684,ON
675,2026-05-25 14:15:50.440,33.9,12.51,3.040,25727,139.55,57.94,1562,1225,1635,4670,ON
676,2026-05-25 14:15:50.940,33.9,12.51,3.043,25771,139.47,58.02,1560,1225,1634,4664,ON
677,2026-05-25 14:15:51.440,33.9,12.50,3.029,25822,139.39,58.10,1558,1225,1634,4669,ON
678,2026-05-25 14:15:51.940,33.9,12.49,3.049,25869,139.31,58.18,1557,1222,1628,4645,ON
679,2026-05-25 14:15:52.440,33.9,12.51,3.026,25914,139.21,58.28,1553,1219,1623,4623,ON
680,2026-05-25 14:15:52.940,33.9,12.52,3.037,25978,139.13,58.36,1551,1218,1621,4661,ON
681,2026-05-25 14:15:53.440,33.9,12.52,3.035,26033,139.04,58.45,1557,1225,1628,4700,ON
682,2026-05-25 14:15:53.940,33.9,12.52,3.053,26069,138.95,58.54,1563,1232,1635,4689,ON
683,2026-05-25 14:15:54.440,33.9,12.50,3.050,26114,138.87,58.61,1559,1230,1632,4649,ON
684,2026-05-25 14:15:54.940,33.9,12.48,3.035,26175,138.78,58.71,1555,1227,1627,4668,ON
685,2026-05-25 14:15:55.440,33.9,12.49,3.049,26226,138.70,58.79,1556,1228,1627,4670,ON
686,2026-05-25 14:15:55.940,33.9,12.49,3.035,26271,138.62,58.87,1554,1227,1624,4647,ON
687,2026-05-25 14:15:56.440,33.9,12.51,3.035,26319,138.53,58.96,1554,1227,1624,4672,ON
688,2026-05-25 14:15:56.940,33.9,12.51,3.040,26368,138.45,59.04,1556,1231,1627,4680,ON
689,2026-05-25 14:15:57.440,33.9,12.51,3.037,26417,138.35,59.14,1560,1235,1630,4661,ON
690,2026-05-25 14:15:57.940,33.9,12.51,3.038,26471,138.26,59.23,1564,1240,1633,4705,ON
691,2026-05-25 14:15:58.440,33.9,12.52,3.036,26529,138.18,59.31,1568,1244,1637,4730,ON
692,2026-05-25 14:15:58.940,33.9,12.52,3.043,26603,138.09,59.40,1570,1246,1638,4696,ON
693,2026-05-25 14:15:59.440,33.9,12.53,3.039,26669,138.00,59.49,1567,1244,1635,4696,ON
694,2026-05-25 14:15:59.940,33.9,12.55,3.027,26723,137.92,59.57,1565,1242,1632,4713,ON
695,2026-05-25 14:16:00.440,33.9,12.56,3.037,26776,137.83,59.66,1569,1247,1635,4720,ON
696,2026-05-25 14:16:00.940,33.9,12.56,3.038,26813,137.75,59.74,1571,1250,1636,4683,ON
697,2026-05-25 14:16:01.440,33.9,12.54,3.032,26851,137.67,59.82,1573,1251,1637,4724,ON
698,2026-05-25 14:16:01.940,33.9,12.54,3.041,26878,137.58,59.91,1573,1253,1637,4710,ON
699,2026-05-25 14:16:02.440,33.9,12.54,3.041,26900,137.49,60.00,1572,1252,1635,4711,ON
700,2026-05-25 14:16:02.940,33.9,12.53,3.046,26934,137.40,60.09,1571,1251,1634,4745,ON
701,2026-05-25 14:16:03.440,33.9,12.53,3.034,26991,137.32,60.17,1574,1256,1637,4758,ON
702,2026-05-25 14:16:03.940,33.9,12.53,3.034,27050,137.24,60.25,1577,1262,1642,4763,ON
703,2026-05-25 14:16:04.440,33.9,12.53,3.032,27106,137.15,60.34,1579,1264,1643,4743,ON
704,2026-05-25 14:16:04.940,33.9,12.55,3.042,27144,137.06,60.43,1578,1265,1643,4741,ON
705,2026-05-25 14:16:05.440,33.9,12.55,3.033,27194,136.98,60.51,1580,1268,1647,4769,ON
706,2026-05-25 14:16:05.940,33.9,12.55,3.032,27245,136.89,60.60,1582,1272,1649,4774,ON
707,2026-05-25 14:16:06.440,33.9,12.54,3.043,27286,136.81,60.68,1581,1271,1648,4749,ON
708,2026-05-25 14:16:06.940,33.9,12.53,3.027,27337,136.72,60.77,1578,1269,1645,4756,ON
709,2026-05-25 14:16:07.440,33.8,12.54,3.032,27388,136.63,60.86,1578,1271,1645,4769,ON
710,2026-05-25 14:16:07.940,33.8,12.55,3.029,27435,136.54,60.94,1579,1274,1647,4766,ON
711,2026-05-25 14:16:08.440,33.9,12.56,3.031,27474,136.47,61.02,1579,1277,1649,4764,ON
712,2026-05-25 14:16:08.940,33.9,12.56,3.024,27524,136.37,61.12,1584,1284,1656,4819,ON
713,2026-05-25 14:16:09.440,33.9,12.55,3.028,27574,136.29,61.20,1586,1288,1659,4768,ON
714,2026-05-25 14:16:09.940,33.9,12.56,3.028,27610,136.21,61.28,1581,1283,1652,4767,ON
715,2026-05-25 14:16:10.440,33.9,12.58,3.025,27637,136.12,61.37,1578,1281,1648,4769,ON
716,2026-05-25 14:16:10.940,33.9,12.58,3.027,27663,136.05,61.44,1578,1283,1649,4821,ON
717,2026-05-25 14:16:11.440,33.9,12.58,3.015,27706,135.95,61.54,1582,1288,1653,4808,ON
718,2026-05-25 14:16:11.940,33.9,12.59,3.029,27753,135.87,61.62,1580,1288,1652,4760,ON
719,2026-05-25 14:16:12.440,33.9,12.59,3.028,27809,135.79,61.70,1580,1287,1650,4801,ON
720,2026-05-25 14:16:12.940,33.9,12.59,3.024,27869,135.70,61.79,1581,1289,1651,4767,ON
721,2026-05-25 14:16:13.440,33.8,12.59,3.026,27910,135.62,61.87,1581,1291,1652,4807,ON
722,2026-05-25 14:16:13.940,33.8,12.60,3.030,27956,135.53,61.96,1586,1297,1658,4864,ON
723,2026-05-25 14:16:14.440,33.9,12.58,3.022,28011,135.44,62.05,1589,1303,1662,4880,ON
724,2026-05-25 14:16:14.940,33.9,12.58,3.018,28060,135.35,62.14,1588,1305,1663,4821,ON
725,2026-05-25 14:16:15.440,33.9,12.60,3.020,28100,135.26,62.22,1590,1308,1665,4861,ON
726,2026-05-25 14:16:15.940,33.9,12.60,3.026,28142,135.18,62.31,1595,1314,1670,4884,ON
727,2026-05-25 14:16:16.440,33.9,12.60,3.027,28182,135.10,62.39,1595,1316,1671,4826,ON
728,2026-05-25 14:16:16.940,33.9,12.60,3.035,28224,135.01,62.48,1591,1312,1666,4836,ON
729,2026-05-25 14:16:17.440,33.8,12.61,3.026,28270,134.92,62.57,1591,1315,1666,4856,ON
730,2026-05-25 14:16:17.940,33.9,12.63,3.011,28310,134.82,62.67,1592,1317,1667,4847,ON
731,2026-05-25 14:16:18.440,33.9,12.65,3.026,28355,134.75,62.74,1588,1314,1661,4799,ON
732,2026-05-25 14:16:18.940,33.9,12.64,3.016,28390,134.65,62.84,1586,1313,1659,4854,ON
733,2026-05-25 14:16:19.440,33.8,12.65,3.029,28425,134.56,62.93,1588,1316,1662,4885,ON
734,2026-05-25 14:16:19.940,33.8,12.65,3.023,28473,134.47,63.02,1594,1324,1669,4848,ON
735,2026-05-25 14:16:20.440,33.9,12.64,3.022,28518,134.40,63.09,1590,1322,1665,4836,ON
736,2026-05-25 14:16:20.940,33.9,12.64,3.019,28563,134.31,63.18,1589,1321,1663,4879,ON
737,2026-05-25 14:16:21.440,33.9,12.65,3.013,28640,134.22,63.27,1594,1328,1668,4924,ON
738,2026-05-25 14:16:21.940,33.8,12.66,3.011,28714,134.13,63.36,1594,1330,1669,4811,ON
739,2026-05-25 14:16:22.440,33.9,12.65,3.016,28770,134.05,63.44,1586,1323,1665,4889,ON
740,2026-05-25 14:16:22.940,33.9,12.65,3.021,28811,133.96,63.53,1591,1329,1668,4876,ON
741,2026-05-25 14:16:23.440,33.9,12.63,3.025,28857,133.89,63.60,1591,1332,1667,4851,ON
742,2026-05-25 14:16:23.940,33.8,12.63,3.014,28891,133.79,63.70,1590,1332,1666,4900,ON
743,2026-05-25 14:16:24.440,33.8,12.64,3.015,28922,133.71,63.78,1596,1339,1673,4923,ON
744,2026-05-25 14:16:24.940,33.9,12.64,3.022,28959,133.62,63.87,1600,1345,1677,4877,ON
745,2026-05-25 14:16:25.440,33.9,12.64,3.022,28992,133.55,63.94,1596,1342,1672,4915,ON
746,2026-05-25 14:16:25.940,33.9,12.64,3.014,29028,133.46,64.03,1600,1347,1676,4918,ON
747,2026-05-25 14:16:26.440,33.8,12.65,3.021,29063,133.37,64.12,1603,1351,1680,4945,ON
748,2026-05-25 14:16:26.940,33.8,12.65,3.026,29106,133.28,64.21,1603,1353,1681,4902,ON
749,2026-05-25 14:16:27.440,33.8,12.65,3.005,29171,133.19,64.30,1600,1352,1677,4931,ON
750,2026-05-25 14:16:27.940,33.9,12.65,3.021,29221,133.11,64.38,1603,1356,1681,4932,ON
751,2026-05-25 14:16:28.440,33.9,12.64,3.023,29262,133.03,64.46,1603,1357,1680,4919,ON
752,2026-05-25 14:16:28.940,33.9,12.65,3.006,29294,132.92,64.56,1601,1356,1678,4879,ON
753,2026-05-25 14:16:29.440,33.8,12.65,3.015,29335,132.85,64.64,1599,1354,1675,4922,ON
754,2026-05-25 14:16:29.940,33.8,12.64,3.019,29384,132.76,64.73,1604,1362,1680,4961,ON
755,2026-05-25 14:16:30.440,33.8,12.64,3.016,29434,132.68,64.81,1606,1366,1683,4914,ON
756,2026-05-25 14:16:30.940,33.8,12.64,3.020,29478,132.60,64.89,1603,1365,1680,4916,ON
757,2026-05-25 14:16:31.440,33.8,12.63,3.019,29540,132.51,64.98,1604,1368,1682,4991,ON
758,2026-05-25 14:16:31.940,33.8,12.63,3.013,29595,132.43,65.06,1607,1371,1684,4940,ON
759,2026-05-25 14:16:32.440,33.8,12.64,3.024,29657,132.35,65.14,1604,1371,1682,4945,ON
760,2026-05-25 14:16:32.940,33.8,12.65,3.018,29694,132.25,65.24,1604,1374,1683,4946,ON
761,2026-05-25 14:16:33.440,33.8,12.65,3.020,29724,132.16,65.33,1604,1375,1682,4995,ON
762,2026-05-25 14:16:33.940,33.8,12.66,3.002,29753,132.08,65.41,1606,1380,1683,4950,ON
763,2026-05-25 14:16:34.440,33.8,12.68,3.014,29794,132.00,65.49,1604,1379,1682,4986,ON
764,2026-05-25 14:16:34.940,33.8,12.68,3.015,29847,131.92,65.57,1607,1383,1685,4949,ON
765,2026-05-25 14:16:35.440,33.8,12.67,3.018,29910,131.82,65.67,1603,1381,1681,4942,ON
766,2026-05-25 14:16:35.940,33.8,12.65,3.023,29971,131.73,65.76,1604,1384,1683,5011,ON
767,2026-05-25 14:16:36.440,33.8,12.63,3.019,30025,131.64,65.85,1607,1388,1686,4978,ON
768,2026-05-25 14:16:36.940,33.9,12.63,3.024,30058,131.56,65.93,1607,1389,1686,4961,ON
769,2026-05-25 14:16:37.440,33.9,12.63,3.014,30090,131.47,66.02,1603,1386,1680,4931,ON
770,2026-05-25 14:16:37.940,33.9,12.64,3.017,30128,131.38,66.11,1602,1387,1679,5022,ON
771,2026-05-25 14:16:38.440,33.8,12.65,3.014,30180,131.30,66.19,1610,1396,1689,4996,ON
772,2026-05-25 14:16:38.940,33.8,12.65,3.017,30223,131.21,66.28,1613,1401,1693,5007,ON
773,2026-05-25 14:16:39.440,33.8,12.66,3.015,30268,131.12,66.37,1615,1405,1696,5039,ON
774,2026-05-25 14:16:39.940,33.8,12.67,3.014,30307,131.04,66.45,1619,1410,1701,5043,ON
775,2026-05-25 14:16:40.440,33.8,12.67,3.015,30360,130.96,66.53,1620,1413,1701,5007,ON
776,2026-05-25 14:16:40.940,33.8,12.67,3.020,30404,130.87,66.62,1617,1411,1698,5014,ON
777,2026-05-25 14:16:41.440,33.8,12.66,3.026,30438,130.78,66.71,1617,1413,1699,5042,ON
778,2026-05-25 14:16:41.940,33.9,12.64,3.013,30470,130.69,66.80,1620,1418,1701,5040,ON
779,2026-05-25 14:16:42.440,33.9,12.65,3.014,30502,130.61,66.88,1620,1420,1701,5022,ON
780,2026-05-25 14:16:42.940,33.8,12.65,3.017,30539,130.52,66.97,1619,1420,1700,5033,ON
781,2026-05-25 14:16:43.440,33.8,12.65,3.008,30580,130.43,67.06,1622,1425,1703,5113,ON
782,2026-05-25 14:16:43.940,33.8,12.66,3.011,30636,130.35,67.14,1627,1432,1709,5087,ON
783,2026-05-25 14:16:44.440,33.8,12.67,3.006,30693,130.26,67.23,1625,1431,1707,5014,ON
784,2026-05-25 14:16:44.940,33.8,12.69,3.010,30741,130.18,67.31,1619,1425,1699,5056,ON
785,2026-05-25 14:16:45.440,33.8,12.69,3.016,30793,130.09,67.40,1620,1429,1701,5045,ON
786,2026-05-25 14:16:45.940,33.8,12.68,3.014,30844,130.00,67.49,1619,1430,1700,5048,ON
787,2026-05-25 14:16:46.440,33.8,12.68,3.004,30880,129.91,67.58,1621,1434,1703,5104,ON
788,2026-05-25 14:16:46.940,33.8,12.68,3.011,30928,129.83,67.66,1627,1442,1709,5101,ON
789,2026-05-25 14:16:47.440,33.8,12.68,3.007,30981,129.75,67.74,1626,1443,1709,5053,ON
790,2026-05-25 14:16:47.940,33.8,12.69,3.013,31032,129.66,67.83,1623,1442,1705,5086,ON
791,2026-05-25 14:16:48.440,33.8,12.68,3.010,31082,129.57,67.92,1626,1446,1708,5102,ON
792,2026-05-25 14:16:48.940,33.8,12.69,3.009,31124,129.49,68.00,1628,1450,1710,5088,ON
793,2026-05-25 14:16:49.440,33.9,12.71,2.995,31149,129.40,68.09,1627,1451,1709,5096,ON
794,2026-05-25 14:16:49.940,33.9,12.73,3.023,31189,129.32,68.17,1627,1454,1710,5095,ON
795,2026-05-25 14:16:50.440,33.8,12.70,3.017,31220,129.23,68.26,1627,1454,1707,5080,ON
796,2026-05-25 14:16:50.940,33.8,12.70,3.003,31264,129.14,68.35,1625,1452,1704,5063,ON
797,2026-05-25 14:16:51.440,33.8,12.70,3.006,31310,129.05,68.44,1623,1452,1703,5088,ON
798,2026-05-25 14:16:51.940,33.8,12.69,3.014,31369,128.97,68.52,1626,1455,1706,5125,ON
799,2026-05-25 14:16:52.440,33.8,12.69,2.998,31430,128.88,68.61,1628,1460,1710,5093,ON
800,2026-05-25 14:16:52.940,33.8,12.69,3.014,31505,128.80,68.69,1626,1460,1707,5091,ON
801,2026-05-25 14:16:53.440,33.8,12.69,3.008,31556,128.73,68.76,1625,1461,1707,5116,ON
802,2026-05-25 14:16:53.940,33.9,12.69,3.016,31587,128.62,68.87,1629,1467,1710,5128,ON
803,2026-05-25 14:16:54.440,33.9,12.70,3.005,31613,128.54,68.95,1630,1470,1711,5106,ON
804,2026-05-25 14:16:54.940,33.8,12.70,3.009,31634,128.45,69.04,1627,1469,1709,5118,ON
805,2026-05-25 14:16:55.440,33.8,12.70,3.012,31660,128.38,69.11,1629,1472,1711,5136,ON
806,2026-05-25 14:16:55.940,33.8,12.70,3.019,31675,128.29,69.20,1634,1479,1715,5164,ON
807,2026-05-25 14:16:56.440,33.9,12.69,3.016,31705,128.19,69.30,1635,1483,1716,5137,ON
808,2026-05-25 14:16:56.940,33.8,12.70,3.004,31743,128.10,69.39,1635,1484,1716,5177,ON
809,2026-05-25 14:16:57.440,33.8,12.71,3.007,31784,128.02,69.47,1639,1490,1721,5173,ON
810,2026-05-25 14:16:57.940,33.9,12.70,3.008,31832,127.93,69.56,1638,1491,1720,5115,ON
811,2026-05-25 14:16:58.440,33.8,12.70,3.011,31889,127.85,69.64,1633,1488,1715,5171,ON
812,2026-05-25 14:16:58.940,33.8,12.71,3.007,31937,127.75,69.74,1636,1493,1720,5178,ON
813,2026-05-25 14:16:59.440,33.8,12.70,3.015,31979,127.67,69.82,1637,1496,1723,5175,ON
814,2026-05-25 14:16:59.940,33.8,12.69,3.003,32023,127.59,69.90,1638,1497,1724,5144,ON
815,2026-05-25 14:17:00.440,33.8,12.68,3.017,32057,127.51,69.98,1637,1499,1725,5185,ON
816,2026-05-25 14:17:00.940,33.8,12.68,3.007,32103,127.42,70.07,1638,1502,1727,5178,ON
817,2026-05-25 14:17:01.440,33.8,12.69,3.006,32150,127.33,70.16,1637,1503,1727,5208,ON
818,2026-05-25 14:17:01.940,33.8,12.69,3.009,32186,127.24,70.25,1640,1508,1732,5210,ON
819,2026-05-25 14:17:02.440,33.8,12.69,2.997,32213,127.16,70.33,1642,1511,1735,5203,ON
820,2026-05-25 14:17:02.940,33.8,12.69,3.005,32251,127.07,70.42,1643,1515,1738,5220,ON
821,2026-05-25 14:17:03.440,33.8,12.70,3.004,32282,126.98,70.51,1645,1520,1742,5255,ON
822,2026-05-25 14:17:03.940,33.8,12.71,3.008,32318,126.89,70.60,1649,1526,1748,5265,ON
823,2026-05-25 14:17:04.440,33.8,12.71,3.010,32353,126.82,70.67,1649,1528,1748,5231,ON
824,2026-05-25 14:17:04.940,33.8,12.70,3.010,32394,126.73,70.76,1647,1527,1746,5249,ON
825,2026-05-25 14:17:05.440,33.8,12.71,3.019,32445,126.64,70.85,1648,1530,1749,5281,ON
826,2026-05-25 14:17:05.940,33.8,12.68,3.032,32491,126.55,70.94,1652,1535,1753,5264,ON
827,2026-05-25 14:17:06.440,33.8,12.66,3.018,32537,126.46,71.03,1650,1536,1752,5249,ON
828,2026-05-25 14:17:06.940,33.8,12.65,3.017,32588,126.37,71.12,1647,1534,1748,5234,ON
829,2026-05-25 14:17:07.440,33.8,12.64,3.019,32625,126.29,71.20,1646,1534,1745,5268,ON
830,2026-05-25 14:17:07.940,33.8,12.63,3.029,32664,126.21,71.28,1649,1538,1748,5263,ON
831,2026-05-25 14:17:08.440,33.8,12.62,3.031,32702,126.12,71.37,1647,1538,1744,5207,ON
832,2026-05-25 14:17:08.940,33.8,12.61,3.038,32727,126.03,71.46,1641,1533,1734,5218,ON
833,2026-05-25 14:17:09.440,33.8,12.61,3.027,32764,125.96,71.53,1644,1538,1737,5303,ON
834,2026-05-25 14:17:09.940,33.8,12.60,3.012,32802,125.86,71.63,1652,1548,1748,5272,ON
835,2026-05-25 14:17:10.440,33.8,12.59,3.027,32860,125.78,71.71,1651,1550,1750,5256,ON
836,2026-05-25 14:17:10.940,33.8,12.59,3.026,32914,125.70,71.79,1651,1552,1749,5275,ON
837,2026-05-25 14:17:11.440,33.8,12.59,3.035,32961,125.61,71.88,1650,1554,1746,5272,ON
838,2026-05-25 14:17:11.940,33.8,12.57,3.028,32999,125.52,71.97,1652,1558,1748,5307,ON
839,2026-05-25 14:17:12.440,33.8,12.57,3.038,33026,125.44,72.05,1655,1563,1750,5300,ON
840,2026-05-25 14:17:12.940,33.8,12.55,3.028,33043,125.35,72.14,1654,1564,1748,5261,ON
841,2026-05-25 14:17:13.440,33.8,12.56,3.041,33066,125.25,72.24,1649,1559,1741,5252,ON
842,2026-05-25 14:17:13.940,33.8,12.55,3.031,33090,125.17,72.32,1648,1558,1739,5306,ON
843,2026-05-25 14:17:14.440,33.8,12.55,3.032,33116,125.08,72.41,1653,1565,1744,5301,ON
844,2026-05-25 14:17:14.940,33.8,12.56,3.029,33141,124.99,72.50,1654,1569,1746,5293,ON
845,2026-05-25 14:17:15.440,33.8,12.56,3.046,33173,124.91,72.58,1651,1569,1742,5275,ON
846,2026-05-25 14:17:15.940,33.8,12.56,3.032,33221,124.82,72.67,1651,1570,1742,5317,ON
847,2026-05-25 14:17:16.440,33.8,12.57,3.022,33270,124.74,72.75,1657,1575,1745,5358,ON
848,2026-05-25 14:17:16.940,33.8,12.58,3.022,33327,124.65,72.84,1658,1578,1747,5309,ON
849,2026-05-25 14:17:17.440,33.8,12.58,3.035,33375,124.57,72.92,1658,1583,1750,5357,ON
850,2026-05-25 14:17:17.940,33.8,12.59,3.023,33412,124.48,73.01,1662,1590,1756,5353,ON
851,2026-05-25 14:17:18.440,33.8,12.59,3.037,33449,124.40,73.09,1661,1592,1756,5326,ON
852,2026-05-25 14:17:18.940,33.8,12.57,3.042,33477,124.31,73.18,1658,1591,1752,5340,ON
853,2026-05-25 14:17:19.440,33.8,12.57,3.031,33515,124.22,73.27,1660,1595,1754,5372,ON
854,2026-05-25 14:17:19.940,33.8,12.57,3.035,33559,124.13,73.36,1664,1601,1759,5355,ON
855,2026-05-25 14:17:20.440,33.8,12.57,3.022,33607,124.05,73.44,1661,1601,1757,5342,ON
856,2026-05-25 14:17:20.940,33.8,12.56,3.043,33650,123.96,73.53,1660,1601,1754,5375,ON
857,2026-05-25 14:17:21.440,33.8,12.56,3.030,33690,123.88,73.61,1665,1609,1760,5405,ON
858,2026-05-25 14:17:21.940,33.8,12.56,3.022,33728,123.80,73.69,1667,1614,1763,5388,ON
859,2026-05-25 14:17:22.440,33.8,12.56,3.032,33758,123.72,73.77,1665,1613,1760,5345,ON
860,2026-05-25 14:17:22.940,33.8,12.56,3.024,33783,123.63,73.86,1663,1613,1758,5400,ON
861,2026-05-25 14:17:23.440,33.8,12.58,3.035,33813,123.54,73.95,1667,1618,1762,5385,ON
862,2026-05-25 14:17:23.940,33.8,12.58,3.024,33867,123.45,74.04,1666,1619,1761,5366,ON
863,2026-05-25 14:17:24.440,33.8,12.59,3.028,33920,123.37,74.12,1662,1617,1756,5370,ON
864,2026-05-25 14:17:24.940,33.8,12.59,3.030,33966,123.29,74.20,1663,1620,1758,5401,ON
865,2026-05-25 14:17:25.440,33.8,12.60,3.025,34014,123.20,74.29,1665,1624,1759,5387,ON
866,2026-05-25 14:17:25.940,33.8,12.60,3.023,34058,123.11,74.38,1662,1623,1756,5353,ON
867,2026-05-25 14:17:26.440,33.8,12.60,3.019,34092,123.03,74.46,1660,1621,1756,5432,ON
868,2026-05-25 14:17:26.940,33.8,12.61,3.020,34128,122.94,74.55,1667,1631,1762,5433,ON
869,2026-05-25 14:17:27.440,33.8,12.62,3.018,34155,122.85,74.64,1666,1632,1761,5390,ON
870,2026-05-25 14:17:27.940,33.8,12.62,3.020,34172,122.77,74.72,1666,1633,1760,5430,ON
871,2026-05-25 14:17:28.440,33.8,12.63,3.019,34196,122.68,74.81,1673,1643,1768,5494,ON
872,2026-05-25 14:17:28.940,33.8,12.64,3.019,34225,122.60,74.89,1677,1650,1774,5429,ON
873,2026-05-25 14:17:29.440,33.8,12.65,3.013,34257,122.51,74.98,1674,1648,1769,5423,ON
874,2026-05-25 14:17:29.940,33.8,12.65,3.013,34299,122.41,75.08,1675,1650,1770,5471,ON
875,2026-05-25 14:17:30.440,33.8,12.66,3.011,34338,122.32,75.17,1677,1656,1772,5458,ON
876,2026-05-25 14:17:30.940,33.8,12.67,3.020,34391,122.23,75.26,1677,1657,1771,5438,ON
877,2026-05-25 14:17:31.440,33.8,12.65,3.023,34430,122.15,75.34,1675,1658,1771,5482,ON
878,2026-05-25 14:17:31.940,33.8,12.65,3.012,34468,122.06,75.43,1680,1665,1777,5502,ON
879,2026-05-25 14:17:32.440,33.8,12.66,3.021,34499,121.99,75.50,1685,1672,1782,5497,ON
880,2026-05-25 14:17:32.940,33.8,12.67,3.003,34546,121.89,75.60,1683,1673,1781,5468,ON
881,2026-05-25 14:17:33.440,33.8,12.69,3.012,34590,121.80,75.69,1681,1672,1777,5487,ON
882,2026-05-25 14:17:33.940,33.8,12.69,2.992,34623,121.72,75.77,1683,1676,1778,5510,ON
883,2026-05-25 14:17:34.440,33.8,12.71,3.016,34665,121.64,75.85,1685,1680,1780,5491,ON
884,2026-05-25 14:17:34.940,33.8,12.69,3.007,34720,121.55,75.94,1685,1685,1783,5512,ON
885,2026-05-25 14:17:35.440,33.8,12.69,3.003,34768,121.46,76.03,1686,1688,1787,5521,ON
886,2026-05-25 14:17:35.940,33.8,12.69,3.014,34804,121.38,76.11,1685,1687,1783,5494,ON
887,2026-05-25 14:17:36.440,33.8,12.70,2.993,34840,121.29,76.20,1681,1685,1779,5469,ON
888,2026-05-25 14:17:36.940,33.8,12.71,3.000,34885,121.21,76.28,1678,1682,1774,5490,ON
889,2026-05-25 14:17:37.440,33.8,12.71,3.013,34934,121.12,76.37,1679,1686,1777,5532,ON
890,2026-05-25 14:17:37.940,33.8,12.70,3.011,34963,121.03,76.46,1683,1687,1777,5517,ON
891,2026-05-25 14:17:38.440,33.8,12.70,3.009,34989,120.95,76.54,1680,1689,1775,5512,ON
892,2026-05-25 14:17:38.940,33.8,12.70,3.012,35020,120.87,76.62,1681,1695,1779,5521,ON
893,2026-05-25 14:17:39.440,33.8,12.70,3.010,35068,120.78,76.71,1683,1701,1781,5543,ON
894,2026-05-25 14:17:39.940,33.8,12.69,3.019,35104,120.69,76.80,1682,1701,1779,5503,ON
895,2026-05-25 14:17:40.440,33.8,12.69,3.003,35140,120.61,76.88,1683,1703,1780,5515,ON
896,2026-05-25 14:17:40.940,33.8,12.72,2.996,35162,120.52,76.97,1687,1710,1786,5562,ON
897,2026-05-25 14:17:41.440,33.8,12.74,3.004,35191,120.44,77.05,1691,1716,1790,5549,ON
898,2026-05-25 14:17:41.940,33.8,12.74,3.001,35223,120.35,77.14,1690,1718,1790,5590,ON
899,2026-05-25 14:17:42.440,33.8,12.74,2.997,35259,120.27,77.22,1696,1726,1797,5627,ON
900,2026-05-25 14:17:42.940,33.8,12.74,3.008,35294,120.18,77.31,1698,1730,1799,5565,ON
901,2026-05-25 14:17:43.440,33.8,12.73,2.997,35330,120.09,77.40,1692,1725,1792,5540,ON
902,2026-05-25 14:17:43.940,33.8,12.75,3.010,35382,120.01,77.47,1689,1723,1788,5586,ON
903,2026-05-25 14:17:44.440,33.8,12.73,3.005,35437,119.93,77.56,1694,1731,1794,5623,ON
904,2026-05-25 14:17:44.940,33.8,12.72,3.010,35477,119.83,77.66,1697,1736,1797,5576,ON
905,2026-05-25 14:17:45.440,33.8,12.73,3.003,35517,119.76,77.73,1695,1735,1794,5623,ON
906,2026-05-25 14:17:45.940,33.8,12.73,2.997,35541,119.67,77.82,1702,1746,1803,5674,ON
907,2026-05-25 14:17:46.440,33.8,12.73,3.005,35570,119.59,77.90,1710,1756,1812,5667,ON
908,2026-05-25 14:17:46.940,33.8,12.73,2.991,35612,119.50,77.99,1711,1760,1812,5631,ON
909,2026-05-25 14:17:47.440,33.8,12.74,3.004,35652,119.41,78.08,1709,1761,1811,5666,ON
910,2026-05-25 14:17:47.940,33.8,12.75,3.002,35692,119.33,78.16,1710,1765,1813,5660,ON
911,2026-05-25 14:17:48.440,33.8,12.74,3.015,35731,119.24,78.25,1711,1767,1813,5636,ON
912,2026-05-25 14:17:48.940,33.8,12.73,3.011,35770,119.16,78.33,1706,1764,1808,5612,ON
913,2026-05-25 14:17:49.440,33.8,12.73,3.007,35810,119.06,78.43,1704,1763,1806,5668,ON
914,2026-05-25 14:17:49.940,33.8,12.72,3.010,35840,118.97,78.52,1710,1772,1812,5697,ON
915,2026-05-25 14:17:50.440,33.8,12.72,2.992,35859,118.88,78.61,1715,1779,1817,5702,ON
916,2026-05-25 14:17:50.940,33.8,12.72,3.006,35887,118.81,78.68,1715,1782,1818,5688,ON
917,2026-05-25 14:17:51.440,33.8,12.73,2.997,35926,118.71,78.78,1714,1783,1818,5697,ON
918,2026-05-25 14:17:51.940,33.8,12.74,3.003,35965,118.62,78.87,1716,1785,1818,5685,ON
919,2026-05-25 14:17:52.440,33.8,12.75,2.996,36020,118.54,78.95,1714,1785,1815,5655,ON
920,2026-05-25 14:17:52.940,33.8,12.76,3.001,36075,118.46,79.03,1709,1781,1810,5668,ON
921,2026-05-25 14:17:53.440,33.8,12.75,3.000,36109,118.37,79.12,1710,1785,1811,5722,ON
922,2026-05-25 14:17:53.940,33.8,12.76,2.989,36130,118.28,79.21,1712,1791,1815,5684,ON
923,2026-05-25 14:17:54.440,33.8,12.78,3.007,36145,118.20,79.29,1711,1791,1814,5747,ON
924,2026-05-25 14:17:54.940,33.8,12.79,2.996,36167,118.11,79.38,1716,1800,1819,5731,ON
925,2026-05-25 14:17:55.440,33.8,12.79,2.988,36189,118.02,79.47,1718,1805,1822,5716,ON
926,2026-05-25 14:17:55.940,33.8,12.80,2.995,36209,117.94,79.55,1717,1805,1821,5720,ON
927,2026-05-25 14:17:56.440,33.8,12.80,2.997,36245,117.85,79.64,1720,1810,1824,5762,ON
928,2026-05-25 14:17:56.940,33.8,12.79,2.993,36283,117.77,79.72,1724,1818,1828,5761,ON
929,2026-05-25 14:17:57.440,33.8,12.79,2.987,36337,117.68,79.81,1725,1821,1829,5749,ON
930,2026-05-25 14:17:57.940,33.8,12.79,3.006,36386,117.60,79.89,1724,1821,1827,5741,ON
931,2026-05-25 14:17:58.440,33.8,12.78,3.014,36431,117.51,79.98,1724,1823,1828,5793,ON
932,2026-05-25 14:17:58.940,33.8,12.78,2.997,36465,117.43,80.06,1730,1832,1836,5781,ON
933,2026-05-25 14:17:59.440,33.8,12.78,3.004,36502,117.34,80.15,1729,1831,1832,5745,ON
934,2026-05-25 14:17:59.940,33.8,12.78,2.997,36548,117.25,80.24,1726,1830,1830,5774,ON
935,2026-05-25 14:18:00.440,33.8,12.77,2.996,36593,117.17,80.32,1729,1836,1833,5796,ON
936,2026-05-25 14:18:00.940,33.8,12.78,2.994,36626,117.08,80.41,1731,1840,1835,5766,ON
937,2026-05-25 14:18:01.440,33.8,12.78,2.995,36663,117.00,80.49,1730,1841,1834,5781,ON
938,2026-05-25 14:18:01.940,33.8,12.79,2.992,36704,116.92,80.57,1730,1843,1835,5830,ON
939,2026-05-25 14:18:02.440,33.8,12.79,2.997,36731,116.83,80.66,1734,1850,1839,5824,ON
940,2026-05-25 14:18:02.940,33.8,12.80,2.993,36758,116.74,80.75,1735,1852,1839,5794,ON
941,2026-05-25 14:18:03.440,33.8,12.81,2.988,36775,116.65,80.83,1732,1850,1836,5795,ON
942,2026-05-25 14:18:03.940,33.8,12.80,3.002,36800,116.57,80.92,1732,1853,1837,5848,ON
943,2026-05-25 14:18:04.440,33.8,12.78,3.003,36832,116.49,81.00,1734,1858,1837,5837,ON
944,2026-05-25 14:18:04.940,33.8,12.79,2.989,36867,116.40,81.09,1735,1861,1836,5799,ON
945,2026-05-25 14:18:05.440,33.8,12.79,2.998,36897,116.31,81.18,1736,1866,1840,5841,ON
946,2026-05-25 14:18:05.940,33.8,12.79,2.990,36932,116.24,81.25,1737,1868,1841,5807,ON
947,2026-05-25 14:18:06.440,33.8,12.80,2.983,36985,116.14,81.35,1732,1865,1837,5820,ON
948,2026-05-25 14:18:06.940,33.8,12.82,2.983,37024,116.06,81.43,1734,1868,1839,5815,ON
949,2026-05-25 14:18:07.440,33.8,12.82,2.995,37064,115.97,81.52,1736,1873,1841,5840,ON
950,2026-05-25 14:18:07.940,33.8,12.81,2.995,37088,115.89,81.60,1734,1873,1839,5801,ON
951,2026-05-25 14:18:08.440,33.8,12.80,2.994,37112,115.80,81.69,1731,1870,1836,5827,ON
952,2026-05-25 14:18:08.940,33.8,12.80,3.008,37142,115.72,81.77,1735,1877,1839,5876,ON
953,2026-05-25 14:18:09.440,33.8,12.80,2.995,37177,115.63,81.86,1739,1884,1844,5885,ON
954,2026-05-25 14:18:09.940,33.8,12.80,2.996,37214,115.53,81.96,1739,1886,1844,5845,ON
955,2026-05-25 14:18:10.440,33.8,12.79,2.999,37269,115.45,82.04,1737,1885,1841,5895,ON
956,2026-05-25 14:18:10.940,33.8,12.78,2.993,37319,115.36,82.13,1743,1894,1847,5901,ON
957,2026-05-25 14:18:11.440,33.8,12.78,2.996,37356,115.27,82.22,1744,1898,1849,5886,ON
958,2026-05-25 14:18:11.940,33.8,12.78,2.999,37378,115.18,82.31,1743,1899,1849,5889,ON
959,2026-05-25 14:18:12.440,33.8,12.79,2.984,37408,115.11,82.38,1748,1906,1854,5954,ON
960,2026-05-25 14:18:12.940,33.8,12.78,2.998,37427,115.02,82.47,1753,1917,1862,5961,ON
961,2026-05-25 14:18:13.440,33.8,12.78,2.991,37447,114.94,82.55,1754,1921,1863,5910,ON
962,2026-05-25 14:18:13.940,33.8,12.79,2.999,37483,114.85,82.64,1751,1918,1860,5940,ON
963,2026-05-25 14:18:14.440,33.8,12.78,2.987,37530,114.76,82.73,1753,1924,1863,5971,ON
964,2026-05-25 14:18:14.940,33.8,12.80,2.982,37575,114.67,82.82,1756,1929,1865,5955,ON
965,2026-05-25 14:18:15.440,33.8,12.82,2.992,37619,114.59,82.90,1756,1931,1865,5922,ON
966,2026-05-25 14:18:15.940,33.8,12.81,2.993,37662,114.50,82.99,1758,1935,1867,5973,ON
967,2026-05-25 14:18:16.440,33.8,12.81,2.993,37705,114.42,83.07,1757,1937,1866,5940,ON
968,2026-05-25 14:18:16.940,33.8,12.80,2.999,37739,114.33,83.16,1753,1933,1861,5933,ON
969,2026-05-25 14:18:17.440,33.8,12.81,2.986,37768,114.24,83.25,1753,1935,1861,5990,ON
970,2026-05-25 14:18:17.940,33.8,12.82,2.988,37793,114.15,83.34,1758,1942,1868,5982,ON
971,2026-05-25 14:18:18.440,33.8,12.83,2.985,37825,114.08,83.41,1758,1945,1867,5976,ON
972,2026-05-25 14:18:18.940,33.8,12.84,2.991,37844,113.99,83.50,1750,1938,1859,5948,ON
973,2026-05-25 14:18:19.440,33.8,12.83,2.994,37873,113.90,83.59,1752,1942,1860,5979,ON
974,2026-05-25 14:18:19.940,33.8,12.83,2.983,37907,113.81,83.68,1754,1947,1862,5974,ON
975,2026-05-25 14:18:20.440,33.8,12.83,2.991,37936,113.73,83.76,1751,1945,1858,5931,ON
976,2026-05-25 14:18:20.940,33.8,12.82,2.999,37962,113.64,83.85,1748,1943,1854,5984,ON
977,2026-05-25 14:18:21.440,33.8,12.80,2.987,37977,113.56,83.93,1753,1951,1861,6014,ON
978,2026-05-25 14:18:21.940,33.8,12.79,2.992,38003,113.47,84.02,1757,1959,1865,5986,ON
979,2026-05-25 14:18:22.440,33.8,12.80,2.986,38029,113.38,84.11,1756,1959,1864,5981,ON
980,2026-05-25 14:18:22.940,33.8,12.81,2.991,38068,113.30,84.19,1755,1961,1864,5998,ON
981,2026-05-25 14:18:23.440,33.8,12.81,2.996,38109,113.21,84.28,1758,1966,1867,6014,ON
982,2026-05-25 14:18:23.940,33.8,12.80,2.993,38143,113.13,84.36,1759,1970,1869,5989,ON
983,2026-05-25 14:18:24.440,33.8,12.80,2.994,38197,113.04,84.45,1757,1969,1866,6013,ON
984,2026-05-25 14:18:24.940,33.8,12.80,2.986,38247,112.95,84.54,1758,1972,1868,6025,ON
985,2026-05-25 14:18:25.440,33.8,12.80,2.996,38285,112.87,84.62,1761,1978,1869,6029,ON
986,2026-05-25 14:18:25.940,33.8,12.80,2.990,38325,112.79,84.70,1761,1979,1869,5989,ON
987,2026-05-25 14:18:26.440,33.8,12.80,2.985,38366,112.69,84.80,1756,1976,1864,6056,ON
988,2026-05-25 14:18:26.940,33.8,12.83,2.974,38401,112.61,84.88,1765,1989,1874,6089,ON
989,2026-05-25 14:18:27.440,33.8,12.85,2.992,38439,112.52,84.97,1770,1997,1879,6053,ON
990,2026-05-25 14:18:27.940,33.8,12.85,2.996,38469,112.44,85.05,1766,1995,1875,6026,ON
991,2026-05-25 14:18:28.440,33.8,12.86,2.984,38505,112.35,85.14,1762,1991,1870,6069,ON
992,2026-05-25 14:18:28.940,33.8,12.85,2.990,38536,112.27,85.22,1767,2000,1876,6095,ON
993,2026-05-25 14:18:29.440,33.8,12.84,2.983,38562,112.18,85.31,1771,2008,1881,6089,ON
994,2026-05-25 14:18:29.940,33.8,12.85,2.979,38578,112.08,85.41,1770,2008,1880,6055,ON
995,2026-05-25 14:18:30.440,33.8,12.85,2.980,38588,111.99,85.50,1769,2009,1879,6110,ON
