SampleIndex,Timestamp,Temp,pH,Volt,EC,Weight,Weightloss,R,G,B,C,RelayStatus
0,2026-05-25 14:56:42.649,29.2,1.21,4.660,31629,197.70,0.12,1468,2232,1673,5884,ON
1,2026-05-25 14:56:43.149,29.2,1.24,4.671,31611,197.61,0.21,1480,2247,1683,5916,ON
2,2026-05-25 14:56:43.649,29.2,1.24,4.673,31573,197.53,0.30,1482,2251,1686,5795,ON
3,2026-05-25 14:56:44.149,29.2,1.25,4.672,31525,197.43,0.39,1474,2240,1679,5778,ON
4,2026-05-25 14:56:44.649,29.2,1.26,4.671,31471,197.34,0.48,1481,2249,1686,5893,ON
5,2026-05-25 14:56:45.149,29.2,1.28,4.671,31381,197.26,0.56,1491,2261,1694,6100,ON
6,2026-05-25 14:56:45.649,29.2,1.28,4.674,31247,197.17,0.65,1518,2295,1719,6006,ON
7,2026-05-25 14:56:46.149,29.2,1.29,4.668,31117,197.08,0.74,1517,2297,1717,5922,ON
8,2026-05-25 14:56:46.649,29.2,1.30,4.678,30988,197.00,0.82,1503,2281,1707,5931,ON
9,2026-05-25 14:56:47.149,29.2,1.29,4.670,30886,196.92,0.90,1498,2272,1701,6045,ON
10,2026-05-25 14:56:47.649,29.2,1.28,4.670,30782,196.84,0.99,1498,2269,1699,5967,ON
11,2026-05-25 14:56:48.149,29.2,1.29,4.661,30683,196.74,1.08,1514,2290,1714,6114,ON
12,2026-05-25 14:56:48.649,29.2,1.31,4.647,30587,196.66,1.16,1523,2302,1723,5944,ON
13,2026-05-25 14:56:49.149,29.2,1.32,4.661,30505,196.58,1.24,1518,2293,1716,5847,ON
14,2026-05-25 14:56:49.649,29.3,1.31,4.668,30417,196.49,1.33,1520,2295,1718,5976,ON
15,2026-05-25 14:56:50.149,29.3,1.30,4.670,30312,196.40,1.42,1523,2297,1719,6007,ON
16,2026-05-25 14:56:50.649,29.3,1.29,4.668,30201,196.33,1.50,1529,2305,1724,6127,ON
17,2026-05-25 14:56:51.149,29.3,1.29,4.669,30086,196.24,1.58,1531,2311,1728,6058,ON
18,2026-05-25 14:56:51.649,29.3,1.29,4.673,29970,196.15,1.67,1522,2300,1721,5978,ON
19,2026-05-25 14:56:52.149,29.3,1.29,4.670,29865,196.06,1.76,1511,2289,1714,6079,ON
20,2026-05-25 14:56:52.649,29.4,1.30,4.676,29755,195.98,1.85,1524,2305,1725,5867,ON
21,2026-05-25 14:56:53.149,29.4,1.28,4.673,29665,195.89,1.93,1504,2279,1707,5915,ON
22,2026-05-25 14:56:53.649,29.4,1.27,4.675,29565,195.81,2.01,1503,2271,1701,5932,ON
23,2026-05-25 14:56:54.149,29.4,1.26,4.673,29488,195.72,2.10,1514,2287,1713,5969,ON
24,2026-05-25 14:56:54.649,29.4,1.25,4.677,29396,195.64,2.19,1518,2293,1717,6006,ON
25,2026-05-25 14:56:55.149,29.4,1.26,4.670,29294,195.55,2.27,1519,2293,1718,6024,ON
26,2026-05-25 14:56:55.649,29.4,1.25,4.668,29199,195.46,2.36,1516,2289,1714,5990,ON
27,2026-05-25 14:56:56.149,29.4,1.25,4.668,29119,195.36,2.46,1511,2281,1708,5900,ON
28,2026-05-25 14:56:56.649,29.4,1.26,4.642,29042,195.27,2.55,1508,2278,1705,6001,ON
29,2026-05-25 14:56:57.149,29.5,1.27,4.663,28962,195.19,2.63,1525,2297,1720,6110,ON
30,2026-05-25 14:56:57.649,29.5,1.26,4.675,28858,195.10,2.72,1531,2305,1726,6012,ON
31,2026-05-25 14:56:58.149,29.5,1.25,4.673,28734,195.02,2.80,1531,2303,1724,6068,ON
32,2026-05-25 14:56:58.649,29.5,1.24,4.676,28616,194.94,2.88,1530,2305,1726,6035,ON
33,2026-05-25 14:56:59.149,29.5,1.24,4.678,28517,194.85,2.97,1527,2302,1725,5996,ON
34,2026-05-25 14:56:59.649,29.5,1.25,4.673,28414,194.76,3.06,1530,2307,1727,6084,ON
35,2026-05-25 14:57:00.149,29.6,1.25,4.677,28308,194.67,3.15,1539,2320,1736,6109,ON
36,2026-05-25 14:57:00.649,29.6,1.26,4.673,28207,194.59,3.23,1547,2329,1742,6110,ON
37,2026-05-25 14:57:01.149,29.6,1.26,4.675,28108,194.51,3.31,1543,2324,1738,6037,ON
38,2026-05-25 14:57:01.649,29.6,1.26,4.675,28006,194.42,3.40,1536,2315,1732,5963,ON
39,2026-05-25 14:57:02.149,29.6,1.25,4.676,27912,194.33,3.49,1528,2301,1722,5974,ON
40,2026-05-25 14:57:02.649,29.6,1.24,4.673,27829,194.25,3.57,1523,2294,1717,5946,ON
41,2026-05-25 14:57:03.149,29.6,1.26,4.664,27758,194.16,3.66,1527,2298,1720,6119,ON
42,2026-05-25 14:57:03.649,29.7,1.27,4.666,27678,194.07,3.75,1538,2311,1731,6109,ON
43,2026-05-25 14:57:04.149,29.7,1.27,4.660,27588,193.99,3.83,1544,2319,1736,6248,ON
44,2026-05-25 14:57:04.649,29.7,1.28,4.668,27496,193.90,3.92,1558,2337,1750,6178,ON
45,2026-05-25 14:57:05.149,29.7,1.27,4.670,27399,193.82,4.00,1567,2349,1759,6100,ON
46,2026-05-25 14:57:05.649,29.7,1.27,4.673,27306,193.73,4.09,1565,2346,1756,6040,ON
47,2026-05-25 14:57:06.149,29.7,1.26,4.671,27208,193.64,4.18,1553,2333,1746,5975,ON
48,2026-05-25 14:57:06.649,29.7,1.26,4.672,27114,193.56,4.27,1550,2330,1743,6065,ON
49,2026-05-25 14:57:07.149,29.7,1.26,4.673,27022,193.47,4.35,1556,2337,1747,6210,ON
50,2026-05-25 14:57:07.649,29.7,1.28,4.673,26925,193.38,4.44,1567,2350,1758,6272,ON
51,2026-05-25 14:57:08.149,29.7,1.27,4.673,26821,193.30,4.52,1575,2360,1766,6244,ON
52,2026-05-25 14:57:08.649,29.8,1.27,4.671,26709,193.22,4.60,1569,2354,1761,6137,ON
53,2026-05-25 14:57:09.149,29.8,1.28,4.671,26616,193.13,4.69,1566,2350,1758,6132,ON
54,2026-05-25 14:57:09.649,29.8,1.26,4.673,26526,193.04,4.78,1565,2347,1756,6125,ON
55,2026-05-25 14:57:10.149,29.8,1.25,4.669,26452,192.95,4.87,1564,2345,1755,6028,ON
56,2026-05-25 14:57:10.649,29.9,1.27,4.661,26377,192.88,4.94,1557,2330,1743,6218,ON
57,2026-05-25 14:57:11.149,29.9,1.28,4.652,26302,192.79,5.03,1569,2344,1755,6121,ON
58,2026-05-25 14:57:11.649,29.9,1.29,4.663,26218,192.70,5.12,1563,2341,1753,6041,ON
59,2026-05-25 14:57:12.149,29.9,1.29,4.668,26130,192.61,5.21,1565,2345,1755,6207,ON
60,2026-05-25 14:57:12.649,29.9,1.28,4.675,26053,192.53,5.29,1573,2356,1763,6199,ON
61,2026-05-25 14:57:13.149,29.9,1.27,4.676,25967,192.45,5.38,1565,2348,1757,6027,ON
62,2026-05-25 14:57:13.649,29.9,1.26,4.670,25877,192.36,5.46,1560,2342,1753,6250,ON
63,2026-05-25 14:57:14.149,29.9,1.26,4.669,25803,192.27,5.55,1584,2372,1776,6310,ON
64,2026-05-25 14:57:14.649,29.9,1.28,4.671,25730,192.19,5.63,1599,2389,1789,6197,ON
65,2026-05-25 14:57:15.149,29.9,1.29,4.670,25654,192.10,5.72,1585,2372,1775,6125,ON
66,2026-05-25 14:57:15.649,29.9,1.29,4.669,25580,192.02,5.81,1572,2356,1764,6175,ON
67,2026-05-25 14:57:16.149,30.0,1.30,4.671,25496,191.93,5.89,1571,2353,1762,6243,ON
68,2026-05-25 14:57:16.649,30.0,1.29,4.671,25405,191.83,5.99,1577,2362,1769,6167,ON
69,2026-05-25 14:57:17.149,30.0,1.28,4.672,25321,191.74,6.08,1578,2363,1771,6227,ON
70,2026-05-25 14:57:17.649,30.0,1.27,4.671,25243,191.67,6.15,1589,2373,1778,6256,ON
71,2026-05-25 14:57:18.149,30.0,1.29,4.660,25164,191.57,6.25,1594,2378,1781,6240,ON
72,2026-05-25 14:57:18.649,30.0,1.31,4.653,25094,191.48,6.34,1595,2380,1783,6255,ON
73,2026-05-25 14:57:19.149,30.1,1.32,4.651,25029,191.40,6.42,1596,2385,1786,6214,ON
74,2026-05-25 14:57:19.649,30.1,1.32,4.660,24962,191.32,6.50,1597,2384,1784,6262,ON
75,2026-05-25 14:57:20.149,30.1,1.32,4.665,24884,191.23,6.59,1598,2386,1786,6263,ON
76,2026-05-25 14:57:20.649,30.1,1.31,4.667,24797,191.14,6.68,1591,2378,1780,6183,ON
77,2026-05-25 14:57:21.149,30.1,1.30,4.669,24712,191.06,6.77,1592,2381,1782,6289,ON
78,2026-05-25 14:57:21.649,30.1,1.28,4.672,24615,190.97,6.85,1599,2389,1788,6272,ON
79,2026-05-25 14:57:22.149,30.1,1.28,4.672,24511,190.88,6.94,1600,2390,1789,6342,ON
80,2026-05-25 14:57:22.649,30.1,1.30,4.672,24417,190.80,7.03,1607,2398,1795,6371,ON
81,2026-05-25 14:57:23.149,30.2,1.31,4.671,24337,190.71,7.11,1607,2397,1795,6307,ON
82,2026-05-25 14:57:23.649,30.2,1.31,4.668,24263,190.63,7.20,1602,2393,1791,6262,ON
83,2026-05-25 14:57:24.149,30.2,1.29,4.670,24200,190.54,7.28,1601,2393,1790,6243,ON
84,2026-05-25 14:57:24.649,30.2,1.29,4.668,24119,190.45,7.37,1600,2391,1789,6230,ON
85,2026-05-25 14:57:25.149,30.2,1.28,4.670,24046,190.37,7.45,1609,2398,1795,6224,ON
86,2026-05-25 14:57:25.649,30.2,1.28,4.667,23975,190.29,7.53,1603,2391,1790,6155,ON
87,2026-05-25 14:57:26.149,30.2,1.30,4.654,23884,190.19,7.63,1596,2385,1785,6274,ON
88,2026-05-25 14:57:26.649,30.3,1.32,4.657,23792,190.11,7.71,1597,2387,1786,6436,ON
89,2026-05-25 14:57:27.149,30.3,1.33,4.664,23713,190.02,7.80,1613,2406,1801,6476,ON
90,2026-05-25 14:57:27.649,30.3,1.31,4.663,23634,189.94,7.88,1612,2403,1799,6339,ON
91,2026-05-25 14:57:28.149,30.3,1.31,4.669,23556,189.85,7.97,1606,2398,1795,6249,ON
92,2026-05-25 14:57:28.649,30.3,1.30,4.667,23484,189.77,8.05,1604,2393,1792,6256,ON
93,2026-05-25 14:57:29.149,30.3,1.29,4.669,23420,189.69,8.14,1610,2402,1798,6171,ON
94,2026-05-25 14:57:29.649,30.3,1.28,4.667,23360,189.60,8.22,1615,2404,1801,6255,ON
95,2026-05-25 14:57:30.149,30.4,1.30,4.667,23295,189.52,8.31,1617,2405,1801,6172,ON
96,2026-05-25 14:57:30.649,30.4,1.31,4.670,23214,189.42,8.40,1614,2403,1799,6210,ON
97,2026-05-25 14:57:31.149,30.4,1.30,4.670,23125,189.34,8.48,1621,2410,1804,6333,ON
98,2026-05-25 14:57:31.649,30.4,1.29,4.670,23047,189.25,8.57,1628,2420,1812,6467,ON
99,2026-05-25 14:57:32.149,30.4,1.29,4.670,22979,189.17,8.65,1629,2424,1814,6334,ON
100,2026-05-25 14:57:32.649,30.4,1.29,4.669,22913,189.08,8.74,1620,2413,1806,6401,ON
101,2026-05-25 14:57:33.149,30.4,1.31,4.657,22853,189.00,8.82,1620,2410,1804,6348,ON
102,2026-05-25 14:57:33.649,30.4,1.32,4.664,22784,188.91,8.91,1626,2415,1808,6308,ON
103,2026-05-25 14:57:34.149,30.4,1.33,4.646,22712,188.83,8.99,1632,2425,1815,6245,ON
104,2026-05-25 14:57:34.649,30.5,1.34,4.655,22644,188.74,9.08,1631,2423,1814,6280,ON
105,2026-05-25 14:57:35.149,30.5,1.35,4.663,22582,188.66,9.16,1627,2416,1808,6388,ON
106,2026-05-25 14:57:35.649,30.5,1.33,4.664,22517,188.57,9.25,1634,2428,1817,6513,ON
107,2026-05-25 14:57:36.149,30.5,1.32,4.663,22439,188.49,9.34,1649,2447,1831,6541,ON
108,2026-05-25 14:57:36.649,30.5,1.32,4.665,22357,188.40,9.42,1638,2432,1820,6394,ON
109,2026-05-25 14:57:37.149,30.5,1.31,4.669,22276,188.30,9.52,1631,2423,1814,6363,ON
110,2026-05-25 14:57:37.649,30.5,1.31,4.667,22196,188.22,9.61,1636,2429,1819,6397,ON
111,2026-05-25 14:57:38.149,30.6,1.33,4.665,22117,188.12,9.70,1642,2438,1825,6236,ON
112,2026-05-25 14:57:38.649,30.6,1.33,4.667,22038,188.05,9.77,1638,2433,1821,6249,ON
113,2026-05-25 14:57:39.149,30.6,1.32,4.668,21967,187.96,9.86,1632,2426,1816,6412,ON
114,2026-05-25 14:57:39.649,30.6,1.32,4.668,21890,187.87,9.95,1636,2431,1820,6520,ON
115,2026-05-25 14:57:40.149,30.6,1.30,4.671,21810,187.79,10.03,1648,2445,1830,6559,ON
116,2026-05-25 14:57:40.649,30.6,1.30,4.662,21738,187.70,10.12,1649,2443,1829,6456,ON
117,2026-05-25 14:57:41.149,30.6,1.31,4.660,21677,187.62,10.21,1653,2438,1825,6458,ON
118,2026-05-25 14:57:41.649,30.6,1.31,4.663,21628,187.53,10.29,1658,2445,1830,6510,ON
119,2026-05-25 14:57:42.149,30.6,1.31,4.662,21576,187.45,10.37,1649,2437,1824,6396,ON
120,2026-05-25 14:57:42.649,30.6,1.31,4.654,21515,187.36,10.47,1648,2438,1825,6380,ON
121,2026-05-25 14:57:43.149,30.7,1.31,4.670,21445,187.27,10.55,1651,2446,1831,6305,ON
122,2026-05-25 14:57:43.649,30.7,1.29,4.668,21369,187.19,10.64,1653,2449,1832,6333,ON
123,2026-05-25 14:57:44.149,30.7,1.29,4.670,21294,187.10,10.72,1645,2438,1824,6417,ON
124,2026-05-25 14:57:44.649,30.7,1.29,4.670,21219,187.02,10.80,1651,2445,1829,6469,ON
125,2026-05-25 14:57:45.149,30.7,1.30,4.668,21145,186.93,10.89,1657,2454,1836,6623,ON
126,2026-05-25 14:57:45.649,30.7,1.30,4.668,21066,186.84,10.98,1664,2461,1841,6545,ON
127,2026-05-25 14:57:46.149,30.7,1.30,4.670,20992,186.76,11.07,1660,2457,1839,6486,ON
128,2026-05-25 14:57:46.649,30.7,1.30,4.667,20925,186.67,11.15,1666,2466,1845,6488,ON
129,2026-05-25 14:57:47.149,30.7,1.30,4.668,20870,186.59,11.24,1668,2467,1846,6382,ON
130,2026-05-25 14:57:47.649,30.8,1.29,4.671,20829,186.50,11.32,1662,2457,1839,6305,ON
131,2026-05-25 14:57:48.149,30.8,1.30,4.662,20793,186.41,11.41,1655,2450,1834,6359,ON
132,2026-05-25 14:57:48.649,30.8,1.30,4.661,20733,186.33,11.49,1659,2453,1837,6495,ON
133,2026-05-25 14:57:49.149,30.8,1.32,4.646,20668,186.24,11.58,1660,2456,1839,6449,ON
134,2026-05-25 14:57:49.649,30.8,1.33,4.660,20601,186.15,11.67,1660,2456,1839,6535,ON
135,2026-05-25 14:57:50.149,30.8,1.32,4.666,20540,186.07,11.75,1664,2462,1843,6586,ON
136,2026-05-25 14:57:50.649,30.9,1.31,4.667,20480,185.99,11.83,1670,2468,1849,6566,ON
137,2026-05-25 14:57:51.149,30.9,1.30,4.667,20422,185.90,11.92,1677,2479,1856,6484,ON
138,2026-05-25 14:57:51.649,30.9,1.30,4.669,20343,185.82,12.01,1672,2473,1852,6312,ON
139,2026-05-25 14:57:52.149,30.9,1.31,4.667,20263,185.72,12.10,1660,2455,1839,6349,ON
140,2026-05-25 14:57:52.649,30.9,1.31,4.666,20197,185.65,12.17,1667,2463,1845,6472,ON
141,2026-05-25 14:57:53.149,30.9,1.33,4.666,20146,185.56,12.26,1672,2469,1849,6427,ON
142,2026-05-25 14:57:53.649,30.9,1.33,4.666,20087,185.47,12.35,1665,2460,1848,6408,ON
143,2026-05-25 14:57:54.149,30.9,1.33,4.664,20012,185.38,12.44,1667,2460,1847,6500,ON
144,2026-05-25 14:57:54.649,30.9,1.32,4.666,19943,185.30,12.52,1673,2463,1846,6583,ON
145,2026-05-25 14:57:55.149,30.9,1.31,4.664,19887,185.21,12.61,1677,2472,1852,6621,ON
146,2026-05-25 14:57:55.649,30.9,1.31,4.662,19838,185.13,12.69,1676,2473,1851,6550,ON
147,2026-05-25 14:57:56.149,30.9,1.32,4.660,19787,185.02,12.80,1665,2457,1840,6425,ON
148,2026-05-25 14:57:56.649,31.0,1.31,4.661,19732,184.94,12.88,1662,2452,1835,6392,ON
149,2026-05-25 14:57:57.149,31.0,1.31,4.654,19670,184.85,12.97,1666,2460,1842,6469,ON
150,2026-05-25 14:57:57.649,31.0,1.33,4.662,19609,184.77,13.05,1679,2479,1856,6497,ON
151,2026-05-25 14:57:58.149,31.0,1.32,4.672,19539,184.68,13.14,1687,2487,1862,6579,ON
152,2026-05-25 14:57:58.649,31.0,1.31,4.669,19464,184.60,13.22,1691,2494,1868,6597,ON
153,2026-05-25 14:57:59.149,31.0,1.29,4.670,19389,184.51,13.31,1695,2497,1869,6653,ON
154,2026-05-25 14:57:59.649,31.0,1.29,4.668,19319,184.43,13.39,1694,2496,1868,6598,ON
155,2026-05-25 14:58:00.149,31.0,1.30,4.671,19260,184.35,13.48,1691,2493,1865,6595,ON
156,2026-05-25 14:58:00.649,31.0,1.31,4.671,19201,184.26,13.56,1682,2484,1859,6470,ON
157,2026-05-25 14:58:01.149,31.0,1.30,4.670,19144,184.17,13.65,1677,2476,1853,6467,ON
158,2026-05-25 14:58:01.649,31.1,1.30,4.673,19083,184.09,13.73,1682,2482,1857,6447,ON
159,2026-05-25 14:58:02.149,31.1,1.29,4.671,19024,184.01,13.82,1688,2488,1862,6475,ON
160,2026-05-25 14:58:02.649,31.1,1.28,4.676,18966,183.92,13.90,1684,2480,1856,6542,ON
161,2026-05-25 14:58:03.149,31.1,1.27,4.673,18912,183.83,13.99,1684,2483,1858,6609,ON
162,2026-05-25 14:58:03.649,31.1,1.28,4.662,18854,183.75,14.07,1690,2492,1864,6669,ON
163,2026-05-25 14:58:04.149,31.1,1.28,4.654,18794,183.66,14.16,1694,2497,1868,6643,ON
164,2026-05-25 14:58:04.649,31.1,1.28,4.669,18733,183.58,14.24,1694,2500,1871,6516,ON
165,2026-05-25 14:58:05.149,31.2,1.28,4.667,18678,183.49,14.33,1692,2495,1867,6499,ON
166,2026-05-25 14:58:05.649,31.2,1.28,4.669,18622,183.41,14.42,1694,2498,1869,6378,ON
167,2026-05-25 14:58:06.149,31.2,1.27,4.673,18570,183.32,14.50,1697,2501,1871,6474,ON
168,2026-05-25 14:58:06.649,31.2,1.27,4.670,18523,183.23,14.59,1693,2495,1866,6498,ON
169,2026-05-25 14:58:07.149,31.2,1.26,4.668,18473,183.15,14.67,1685,2486,1860,6619,ON
170,2026-05-25 14:58:07.649,31.2,1.27,4.674,18416,183.06,14.76,1700,2505,1865,6712,ON
171,2026-05-25 14:58:08.149,31.2,1.28,4.672,18363,182.97,14.85,1715,2524,1869,6730,ON
172,2026-05-25 14:58:08.649,31.2,1.29,4.672,18315,182.89,14.93,1710,2517,1875,6615,ON
173,2026-05-25 14:58:09.149,31.2,1.29,4.674,18272,182.81,15.01,1695,2501,1867,6516,ON
174,2026-05-25 14:58:09.649,31.2,1.28,4.673,18224,182.72,15.10,1688,2488,1860,6598,ON
175,2026-05-25 14:58:10.149,31.3,1.27,4.673,18167,182.63,15.19,1691,2492,1865,6564,ON
176,2026-05-25 14:58:10.649,31.3,1.28,4.665,18101,182.55,15.28,1694,2496,1868,6540,ON
177,2026-05-25 14:58:11.149,31.3,1.29,4.661,18040,182.46,15.36,1703,2507,1877,6457,ON
178,2026-05-25 14:58:11.649,31.3,1.30,4.655,17991,182.38,15.44,1700,2503,1874,6470,ON
179,2026-05-25 14:58:12.149,31.3,1.31,4.660,17943,182.29,15.53,1693,2494,1867,6570,ON
180,2026-05-25 14:58:12.649,31.3,1.31,4.666,17891,182.20,15.62,1697,2496,1869,6739,ON
181,2026-05-25 14:58:13.149,31.3,1.30,4.674,17842,182.12,15.70,1714,2522,1888,6755,ON
182,2026-05-25 14:58:13.649,31.4,1.30,4.668,17801,182.03,15.79,1724,2535,1898,6750,ON
183,2026-05-25 14:58:14.149,31.4,1.29,4.668,17749,181.94,15.88,1718,2527,1892,6673,ON
184,2026-05-25 14:58:14.649,31.4,1.29,4.673,17698,181.87,15.95,1711,2517,1884,6560,ON
185,2026-05-25 14:58:15.149,31.4,1.30,4.671,17649,181.78,16.04,1706,2509,1878,6532,ON
186,2026-05-25 14:58:15.649,31.4,1.29,4.672,17605,181.69,16.13,1707,2510,1879,6529,ON
187,2026-05-25 14:58:16.149,31.4,1.29,4.673,17558,181.60,16.22,1714,2523,1888,6597,ON
188,2026-05-25 14:58:16.649,31.4,1.28,4.670,17495,181.50,16.32,1715,2525,1889,6571,ON
189,2026-05-25 14:58:17.149,31.4,1.28,4.668,17420,181.42,16.40,1714,2521,1887,6600,ON
190,2026-05-25 14:58:17.649,31.4,1.28,4.672,17358,181.32,16.50,1712,2516,1883,6738,ON
191,2026-05-25 14:58:18.149,31.4,1.28,4.663,17301,181.25,16.57,1723,2531,1894,6726,ON
192,2026-05-25 14:58:18.649,31.4,1.29,4.665,17258,181.15,16.67,1725,2532,1895,6667,ON
193,2026-05-25 14:58:19.149,31.4,1.29,4.655,17217,181.07,16.75,1715,2523,1889,6528,ON
194,2026-05-25 14:58:19.649,31.4,1.30,4.650,17176,180.99,16.83,1710,2516,1884,6587,ON
195,2026-05-25 14:58:20.149,31.4,1.30,4.663,17120,180.90,16.92,1717,2526,1891,6663,ON
196,2026-05-25 14:58:20.649,31.5,1.29,4.672,17063,180.82,17.00,1724,2535,1898,6585,ON
197,2026-05-25 14:58:21.149,31.5,1.29,4.672,17013,180.73,17.09,1724,2536,1894,6630,ON
198,2026-05-25 14:58:21.649,31.5,1.28,4.670,16960,180.64,17.18,1724,2536,1889,6672,ON
199,2026-05-25 14:58:22.149,31.5,1.27,4.673,16915,180.55,17.27,1733,2546,1901,6741,ON
200,2026-05-25 14:58:22.649,31.6,1.29,4.668,16868,180.47,17.35,1734,2547,1905,6687,ON
201,2026-05-25 14:58:23.149,31.6,1.29,4.672,16826,180.38,17.44,1733,2546,1905,6831,ON
202,2026-05-25 14:58:23.649,31.6,1.29,4.669,16789,180.30,17.52,1738,2553,1909,6747,ON
203,2026-05-25 14:58:24.149,31.6,1.30,4.666,16755,180.21,17.61,1734,2548,1906,6715,ON
204,2026-05-25 14:58:24.649,31.6,1.30,4.673,16719,180.13,17.69,1736,2552,1910,6641,ON
205,2026-05-25 14:58:25.149,31.6,1.29,4.670,16681,180.04,17.78,1738,2555,1912,6725,ON
206,2026-05-25 14:58:25.649,31.6,1.29,4.671,16621,179.95,17.87,1741,2558,1914,6572,ON
207,2026-05-25 14:58:26.149,31.6,1.30,4.660,16551,179.87,17.95,1736,2551,1909,6686,ON
208,2026-05-25 14:58:26.649,31.6,1.31,4.656,16488,179.79,18.03,1732,2549,1907,6709,ON
209,2026-05-25 14:58:27.149,31.6,1.32,4.658,16442,179.70,18.13,1732,2546,1904,6764,ON
210,2026-05-25 14:58:27.649,31.6,1.32,4.663,16399,179.61,18.21,1738,2554,1910,6765,ON
211,2026-05-25 14:58:28.149,31.6,1.31,4.664,16357,179.53,18.29,1739,2555,1912,6731,ON
212,2026-05-25 14:58:28.649,31.6,1.30,4.672,16315,179.44,18.38,1733,2547,1905,6652,ON
213,2026-05-25 14:58:29.149,31.7,1.28,4.671,16260,179.36,18.46,1735,2549,1908,6728,ON
214,2026-05-25 14:58:29.649,31.7,1.27,4.671,16200,179.26,18.56,1740,2556,1913,6668,ON
215,2026-05-25 14:58:30.149,31.7,1.27,4.673,16138,179.19,18.63,1737,2552,1909,6664,ON
216,2026-05-25 14:58:30.649,31.7,1.27,4.676,16089,179.10,18.72,1740,2557,1912,6727,ON
217,2026-05-25 14:58:31.149,31.7,1.29,4.666,16051,179.01,18.81,1739,2555,1911,6694,ON
218,2026-05-25 14:58:31.649,31.7,1.31,4.672,16017,178.93,18.89,1739,2555,1912,6759,ON
219,2026-05-25 14:58:32.149,31.7,1.29,4.675,15987,178.85,18.97,1744,2561,1916,6765,ON
220,2026-05-25 14:58:32.649,31.7,1.28,4.677,15950,178.76,19.07,1748,2568,1921,6748,ON
221,2026-05-25 14:58:33.149,31.7,1.26,4.677,15901,178.67,19.15,1750,2570,1922,6732,ON
222,2026-05-25 14:58:33.649,31.7,1.27,4.661,15852,178.59,19.23,1748,2566,1920,6740,ON
223,2026-05-25 14:58:34.149,31.7,1.29,4.651,15807,178.50,19.32,1748,2565,1919,6732,ON
224,2026-05-25 14:58:34.649,31.8,1.32,4.651,15759,178.42,19.41,1745,2564,1920,6673,ON
225,2026-05-25 14:58:35.149,31.8,1.33,4.668,15710,178.33,19.49,1745,2564,1919,6725,ON
226,2026-05-25 14:58:35.649,31.8,1.31,4.667,15668,178.24,19.58,1744,2561,1917,6726,ON
227,2026-05-25 14:58:36.149,31.8,1.30,4.667,15628,178.16,19.66,1747,2563,1918,6805,ON
228,2026-05-25 14:58:36.649,31.8,1.30,4.674,15587,178.07,19.75,1755,2572,1923,6840,ON
229,2026-05-25 14:58:37.149,31.8,1.31,4.659,15538,177.99,19.84,1754,2572,1923,6801,ON
230,2026-05-25 14:58:37.649,31.8,1.31,4.663,15486,177.90,19.92,1751,2569,1922,6761,ON
231,2026-05-25 14:58:38.149,31.8,1.33,4.660,15440,177.80,20.02,1746,2561,1916,6709,ON
232,2026-05-25 14:58:38.649,31.8,1.35,4.668,15390,177.71,20.11,1745,2555,1912,6706,ON
233,2026-05-25 14:58:39.149,31.9,1.33,4.670,15350,177.63,20.20,1745,2557,1914,6628,ON
234,2026-05-25 14:58:39.649,31.9,1.32,4.670,15316,177.55,20.28,1743,2551,1909,6599,ON
235,2026-05-25 14:58:40.149,31.9,1.33,4.665,15290,177.46,20.37,1747,2547,1906,6694,ON
236,2026-05-25 14:58:40.649,31.9,1.33,4.676,15257,177.37,20.45,1750,2559,1915,6709,ON
237,2026-05-25 14:58:41.149,31.9,1.34,4.655,15218,177.28,20.54,1748,2562,1917,6679,ON
238,2026-05-25 14:58:41.649,31.9,1.34,4.646,15185,177.19,20.63,1747,2558,1915,6802,ON
239,2026-05-25 14:58:42.149,31.9,1.36,4.659,15145,177.11,20.71,1753,2566,1921,6857,ON
240,2026-05-25 14:58:42.649,31.9,1.35,4.663,15101,177.02,20.80,1757,2573,1926,6981,ON
241,2026-05-25 14:58:43.149,31.9,1.34,4.663,15056,176.94,20.88,1757,2575,1927,6863,ON
242,2026-05-25 14:58:43.649,31.9,1.34,4.671,15019,176.85,20.97,1755,2571,1923,6742,ON
243,2026-05-25 14:58:44.149,31.9,1.32,4.667,14985,176.77,21.05,1754,2568,1920,6707,ON
244,2026-05-25 14:58:44.649,32.0,1.33,4.658,14953,176.68,21.14,1754,2570,1923,6653,ON
245,2026-05-25 14:58:45.149,32.0,1.34,4.666,14921,176.60,21.22,1753,2567,1921,6641,ON
246,2026-05-25 14:58:45.649,32.0,1.35,4.669,14891,176.52,21.30,1762,2582,1930,6817,ON
247,2026-05-25 14:58:46.149,32.0,1.35,4.654,14861,176.42,21.40,1765,2588,1935,6844,ON
248,2026-05-25 14:58:46.649,32.0,1.35,4.665,14832,176.34,21.49,1766,2588,1934,6860,ON
249,2026-05-25 14:58:47.149,32.0,1.36,4.652,14790,176.26,21.56,1766,2585,1932,6903,ON
250,2026-05-25 14:58:47.649,32.0,1.36,4.652,14746,176.17,21.65,1762,2581,1930,6804,ON
251,2026-05-25 14:58:48.149,32.0,1.38,4.640,14703,176.08,21.74,1755,2572,1924,6716,ON
252,2026-05-25 14:58:48.649,32.1,1.40,4.640,14658,176.00,21.82,1751,2565,1919,6654,ON
253,2026-05-25 14:58:49.149,32.1,1.41,4.646,14613,175.91,21.91,1757,2573,1925,6727,ON
254,2026-05-25 14:58:49.649,32.1,1.41,4.643,14569,175.83,21.99,1759,2576,1928,6721,ON
255,2026-05-25 14:58:50.149,32.1,1.41,4.657,14533,175.74,22.08,1766,2586,1934,6811,ON
256,2026-05-25 14:58:50.649,32.1,1.41,4.639,14502,175.66,22.17,1766,2589,1936,6898,ON
257,2026-05-25 14:58:51.149,32.1,1.43,4.639,14474,175.57,22.26,1770,2591,1936,6931,ON
258,2026-05-25 14:58:51.649,32.1,1.44,4.647,14445,175.49,22.33,1771,2590,1937,6908,ON
259,2026-05-25 14:58:52.149,32.1,1.45,4.634,14416,175.40,22.42,1766,2584,1932,6801,ON
260,2026-05-25 14:58:52.649,32.1,1.47,4.643,14385,175.31,22.51,1767,2586,1933,6751,ON
261,2026-05-25 14:58:53.149,32.1,1.48,4.646,14358,175.23,22.59,1766,2584,1932,6699,ON
262,2026-05-25 14:58:53.649,32.2,1.47,4.650,14330,175.15,22.68,1763,2579,1928,6625,ON
263,2026-05-25 14:58:54.149,32.2,1.48,4.634,14301,175.06,22.76,1769,2590,1937,6830,ON
264,2026-05-25 14:58:54.649,32.2,1.49,4.623,14272,174.97,22.85,1770,2594,1940,6848,ON
265,2026-05-25 14:58:55.149,32.2,1.50,4.634,14236,174.89,22.93,1769,2599,1943,6925,ON
266,2026-05-25 14:58:55.649,32.2,1.52,4.625,14201,174.80,23.02,1769,2602,1945,6869,ON
267,2026-05-25 14:58:56.149,32.2,1.55,4.629,14169,174.71,23.11,1770,2595,1940,6917,ON
268,2026-05-25 14:58:56.649,32.2,1.56,4.630,14140,174.62,23.20,1774,2597,1942,6980,ON
269,2026-05-25 14:58:57.149,32.2,1.55,4.613,14114,174.54,23.28,1774,2596,1942,6831,ON
270,2026-05-25 14:58:57.649,32.2,1.57,4.618,14094,174.46,23.36,1776,2595,1942,6757,ON
271,2026-05-25 14:58:58.149,32.2,1.57,4.631,14077,174.37,23.45,1773,2593,1940,6790,ON
272,2026-05-25 14:58:58.649,32.2,1.56,4.620,14058,174.29,23.53,1774,2593,1940,6655,ON
273,2026-05-25 14:58:59.149,32.2,1.56,4.634,14040,174.19,23.63,1775,2597,1943,6806,ON
274,2026-05-25 14:58:59.649,32.2,1.55,4.621,14020,174.10,23.72,1780,2603,1946,6859,ON
275,2026-05-25 14:59:00.149,32.2,1.57,4.626,13996,174.01,23.81,1782,2605,1947,6898,ON
276,2026-05-25 14:59:00.649,32.2,1.57,4.618,13971,173.93,23.89,1776,2593,1940,6848,ON
277,2026-05-25 14:59:01.149,32.3,1.59,4.628,13945,173.84,23.98,1772,2587,1935,6935,ON
278,2026-05-25 14:59:01.649,32.3,1.61,4.622,13920,173.76,24.07,1771,2588,1934,6790,ON
279,2026-05-25 14:59:02.149,32.3,1.62,4.610,13894,173.67,24.15,1770,2585,1933,6749,ON
280,2026-05-25 14:59:02.649,32.3,1.64,4.609,13874,173.59,24.23,1771,2585,1933,6750,ON
281,2026-05-25 14:59:03.149,32.3,1.65,4.607,13862,173.50,24.32,1773,2586,1933,6771,ON
282,2026-05-25 14:59:03.649,32.3,1.66,4.612,13848,173.41,24.41,1782,2599,1943,6898,ON
283,2026-05-25 14:59:04.149,32.4,1.66,4.603,13835,173.33,24.50,1788,2609,1950,6916,ON
284,2026-05-25 14:59:04.649,32.4,1.69,4.585,13818,173.24,24.58,1792,2614,1953,6908,ON
285,2026-05-25 14:59:05.149,32.4,1.70,4.609,13799,173.16,24.66,1785,2603,1945,6843,ON
286,2026-05-25 14:59:05.649,32.4,1.70,4.609,13782,173.07,24.75,1783,2597,1941,6884,ON
287,2026-05-25 14:59:06.149,32.4,1.73,4.594,13767,172.98,24.84,1783,2600,1944,6949,ON
288,2026-05-25 14:59:06.649,32.4,1.76,4.596,13753,172.91,24.92,1792,2616,1956,6921,ON
289,2026-05-25 14:59:07.149,32.4,1.77,4.601,13745,172.81,25.01,1796,2620,1959,6845,ON
290,2026-05-25 14:59:07.649,32.4,1.78,4.588,13740,172.73,25.09,1790,2609,1950,6800,ON
291,2026-05-25 14:59:08.149,32.4,1.81,4.593,13737,172.65,25.18,1784,2601,1944,6821,ON
292,2026-05-25 14:59:08.649,32.4,1.82,4.592,13735,172.56,25.26,1786,2605,1947,6849,ON
293,2026-05-25 14:59:09.149,32.4,1.83,4.595,13731,172.47,25.35,1783,2602,1945,6755,ON
294,2026-05-25 14:59:09.649,32.4,1.83,4.583,13725,172.39,25.43,1783,2601,1943,6912,ON
295,2026-05-25 14:59:10.149,32.4,1.85,4.589,13719,172.30,25.52,1789,2607,1947,6941,ON
296,2026-05-25 14:59:10.649,32.5,1.85,4.590,13715,172.21,25.61,1791,2610,1950,7011,ON
297,2026-05-25 14:59:11.149,32.5,1.86,4.580,13714,172.13,25.69,1795,2618,1957,6930,ON
298,2026-05-25 14:59:11.649,32.5,1.89,4.578,13716,172.05,25.77,1794,2617,1956,6861,ON
299,2026-05-25 14:59:12.149,32.5,1.90,4.575,13721,171.96,25.86,1791,2612,1953,6784,ON
300,2026-05-25 14:59:12.649,32.5,1.93,4.563,13727,171.88,25.94,1788,2607,1949,6818,ON
301,2026-05-25 14:59:13.149,32.5,1.96,4.564,13733,171.79,26.03,1792,2613,1954,6847,ON
302,2026-05-25 14:59:13.649,32.5,1.99,4.581,13741,171.71,26.11,1790,2608,1949,6935,ON
303,2026-05-25 14:59:14.149,32.5,2.00,4.568,13747,171.62,26.20,1794,2612,1952,6919,ON
304,2026-05-25 14:59:14.649,32.5,2.02,4.562,13750,171.54,26.29,1795,2615,1955,7033,ON
305,2026-05-25 14:59:15.149,32.5,2.03,4.570,13754,171.46,26.37,1799,2616,1956,6953,ON
306,2026-05-25 14:59:15.649,32.6,2.03,4.575,13758,171.37,26.46,1794,2615,1954,6894,ON
307,2026-05-25 14:59:16.149,32.6,2.04,4.564,13768,171.28,26.54,1789,2606,1948,6854,ON
308,2026-05-25 14:59:16.649,32.6,2.05,4.566,13782,171.19,26.63,1791,2608,1949,6894,ON
309,2026-05-25 14:59:17.149,32.6,2.04,4.563,13802,171.10,26.72,1794,2612,1953,6841,ON
310,2026-05-25 14:59:17.649,32.6,2.05,4.557,13825,171.02,26.80,1794,2613,1954,6821,ON
311,2026-05-25 14:59:18.149,32.6,2.07,4.567,13848,170.94,26.88,1793,2610,1951,6879,ON
312,2026-05-25 14:59:18.649,32.6,2.06,4.563,13863,170.85,26.97,1794,2609,1950,6893,ON
313,2026-05-25 14:59:19.149,32.6,2.08,4.543,13878,170.76,27.06,1794,2610,1950,7008,ON
314,2026-05-25 14:59:19.649,32.6,2.10,4.550,13893,170.68,27.14,1802,2624,1961,7021,ON
315,2026-05-25 14:59:20.149,32.6,2.12,4.538,13912,170.60,27.23,1801,2624,1962,6922,ON
316,2026-05-25 14:59:20.649,32.6,2.16,4.544,13930,170.51,27.31,1799,2621,1960,6901,ON
317,2026-05-25 14:59:21.149,32.6,2.17,4.554,13947,170.41,27.41,1797,2619,1958,6817,ON
318,2026-05-25 14:59:21.649,32.7,2.18,4.541,13966,170.32,27.50,1799,2620,1959,6899,ON
319,2026-05-25 14:59:22.149,32.7,2.19,4.547,13984,170.24,27.58,1804,2626,1964,6891,ON
320,2026-05-25 14:59:22.649,32.7,2.20,4.536,14003,170.16,27.66,1802,2621,1959,6929,ON
321,2026-05-25 14:59:23.149,32.7,2.22,4.539,14027,170.08,27.75,1805,2627,1963,6983,ON
322,2026-05-25 14:59:23.649,32.7,2.25,4.527,14048,169.98,27.84,1809,2636,1970,7044,ON
323,2026-05-25 14:59:24.149,32.7,2.28,4.528,14067,169.90,27.92,1808,2634,1969,6984,ON
324,2026-05-25 14:59:24.649,32.7,2.30,4.519,14085,169.81,28.01,1805,2627,1964,6865,ON
325,2026-05-25 14:59:25.149,32.7,2.32,4.523,14110,169.72,28.10,1800,2618,1958,6850,ON
326,2026-05-25 14:59:25.649,32.7,2.34,4.521,14141,169.64,28.18,1802,2621,1958,6811,ON
327,2026-05-25 14:59:26.149,32.7,2.35,4.524,14169,169.56,28.26,1803,2624,1962,6860,ON
328,2026-05-25 14:59:26.649,32.7,2.36,4.518,14197,169.47,28.35,1806,2627,1964,6973,ON
329,2026-05-25 14:59:27.149,32.7,2.37,4.519,14232,169.38,28.44,1810,2633,1968,6986,ON
330,2026-05-25 14:59:27.649,32.7,2.38,4.510,14270,169.30,28.52,1812,2636,1969,7051,ON
331,2026-05-25 14:59:28.149,32.8,2.40,4.512,14301,169.21,28.61,1815,2642,1974,7033,ON
332,2026-05-25 14:59:28.649,32.8,2.41,4.522,14322,169.13,28.69,1812,2637,1970,6997,ON
333,2026-05-25 14:59:29.149,32.8,2.42,4.516,14347,169.04,28.78,1810,2634,1967,6906,ON
334,2026-05-25 14:59:29.649,32.8,2.42,4.516,14371,168.95,28.87,1807,2632,1967,6800,ON
335,2026-05-25 14:59:30.149,32.8,2.42,4.513,14409,168.87,28.95,1807,2634,1968,6823,ON
336,2026-05-25 14:59:30.649,32.8,2.43,4.509,14453,168.78,29.04,1810,2631,1966,6889,ON
337,2026-05-25 14:59:31.149,32.8,2.45,4.505,14488,168.70,29.13,1809,2631,1966,6867,ON
338,2026-05-25 14:59:31.649,32.9,2.47,4.512,14512,168.61,29.21,1815,2640,1974,6949,ON
339,2026-05-25 14:59:32.149,32.9,2.49,4.490,14536,168.53,29.29,1814,2640,1974,6922,ON
340,2026-05-25 14:59:32.649,32.9,2.50,4.504,14563,168.44,29.38,1811,2633,1967,6945,ON
341,2026-05-25 14:59:33.149,32.9,2.51,4.489,14585,168.35,29.47,1809,2628,1964,7045,ON
342,2026-05-25 14:59:33.649,32.9,2.54,4.508,14609,168.27,29.55,1817,2643,1976,7116,ON
343,2026-05-25 14:59:34.149,32.9,2.53,4.500,14629,168.19,29.64,1820,2648,1979,7024,ON
344,2026-05-25 14:59:34.649,32.9,2.54,4.493,14657,168.10,29.72,1816,2638,1971,6930,ON
345,2026-05-25 14:59:35.149,32.9,2.56,4.493,14693,168.01,29.81,1813,2633,1968,6928,ON
346,2026-05-25 14:59:35.649,32.9,2.57,4.491,14731,167.93,29.89,1813,2633,1968,6912,ON
347,2026-05-25 14:59:36.149,32.9,2.58,4.501,14765,167.85,29.97,1816,2638,1972,6934,ON
348,2026-05-25 14:59:36.649,32.9,2.60,4.489,14795,167.76,30.06,1821,2647,1979,6981,ON
349,2026-05-25 14:59:37.149,33.0,2.61,4.473,14827,167.67,30.15,1825,2653,1984,6949,ON
350,2026-05-25 14:59:37.649,33.0,2.63,4.488,14857,167.57,30.25,1819,2643,1977,6987,ON
351,2026-05-25 14:59:38.149,33.0,2.65,4.470,14892,167.49,30.33,1818,2641,1975,7103,ON
352,2026-05-25 14:59:38.649,33.0,2.69,4.480,14929,167.40,30.42,1823,2650,1982,7060,ON
353,2026-05-25 14:59:39.149,33.0,2.69,4.482,14961,167.31,30.51,1826,2654,1984,7037,ON
354,2026-05-25 14:59:39.649,33.0,2.68,4.482,14990,167.23,30.60,1819,2644,1976,6922,ON
355,2026-05-25 14:59:40.149,33.0,2.68,4.473,15022,167.14,30.68,1816,2639,1972,6956,ON
356,2026-05-25 14:59:40.649,33.0,2.69,4.471,15059,167.06,30.76,1818,2641,1973,6917,ON
357,2026-05-25 14:59:41.149,33.0,2.70,4.473,15099,166.97,30.85,1825,2653,1983,6982,ON
358,2026-05-25 14:59:41.649,33.0,2.74,4.455,15132,166.89,30.93,1824,2650,1981,7007,ON
359,2026-05-25 14:59:42.149,33.0,2.78,4.453,15163,166.80,31.02,1826,2651,1981,7118,ON
360,2026-05-25 14:59:42.649,33.1,2.80,4.456,15198,166.72,31.10,1833,2663,1991,7121,ON
361,2026-05-25 14:59:43.149,33.1,2.81,4.473,15241,166.63,31.19,1835,2667,1995,7062,ON
362,2026-05-25 14:59:43.649,33.1,2.81,4.466,15280,166.55,31.27,1837,2671,1997,7132,ON
363,2026-05-25 14:59:44.149,33.1,2.82,4.460,15316,166.47,31.36,1832,2663,1991,6954,ON
364,2026-05-25 14:59:44.649,33.1,2.81,4.468,15349,166.38,31.45,1828,2655,1985,6973,ON
365,2026-05-25 14:59:45.149,33.1,2.80,4.468,15375,166.29,31.53,1828,2658,1986,7015,ON
366,2026-05-25 14:59:45.649,33.1,2.80,4.450,15402,166.20,31.62,1833,2666,1993,6954,ON
367,2026-05-25 14:59:46.149,33.1,2.82,4.463,15436,166.12,31.70,1833,2664,1992,6969,ON
368,2026-05-25 14:59:46.649,33.1,2.85,4.451,15467,166.03,31.79,1826,2652,1983,6966,ON
369,2026-05-25 14:59:47.149,33.1,2.87,4.454,15493,165.95,31.87,1823,2646,1978,7044,ON
370,2026-05-25 14:59:47.649,33.1,2.88,4.462,15521,165.87,31.95,1827,2655,1985,7146,ON
371,2026-05-25 14:59:48.149,33.1,2.87,4.463,15549,165.78,32.04,1835,2666,1993,7097,ON
372,2026-05-25 14:59:48.649,33.1,2.86,4.462,15584,165.69,32.13,1827,2653,1982,6882,ON
373,2026-05-25 14:59:49.149,33.1,2.86,4.439,15623,165.61,32.21,1820,2642,1975,6945,ON
374,2026-05-25 14:59:49.649,33.1,2.86,4.454,15656,165.52,32.30,1821,2644,1977,6987,ON
375,2026-05-25 14:59:50.149,33.2,2.87,4.442,15686,165.44,32.38,1831,2658,1988,6994,ON
376,2026-05-25 14:59:50.649,33.2,2.90,4.450,15712,165.35,32.47,1836,2666,1994,7024,ON
377,2026-05-25 14:59:51.149,33.2,2.91,4.453,15735,165.25,32.57,1835,2664,1993,7125,ON
378,2026-05-25 14:59:51.649,33.2,2.93,4.432,15767,165.17,32.65,1840,2670,1997,7079,ON
379,2026-05-25 14:59:52.149,33.2,2.94,4.452,15805,165.09,32.73,1837,2665,1993,7187,ON
380,2026-05-25 14:59:52.649,33.2,2.95,4.440,15842,165.01,32.81,1842,2673,1999,7104,ON
381,2026-05-25 14:59:53.149,33.2,2.96,4.447,15878,164.92,32.90,1839,2668,1995,6982,ON
382,2026-05-25 14:59:53.649,33.2,2.97,4.437,15916,164.84,32.99,1834,2661,1989,6981,ON
383,2026-05-25 14:59:54.149,33.2,2.98,4.449,15951,164.75,33.07,1838,2669,1996,7027,ON
384,2026-05-25 14:59:54.649,33.2,2.98,4.435,15991,164.66,33.17,1844,2678,2003,7038,ON
385,2026-05-25 14:59:55.149,33.2,2.99,4.439,16033,164.56,33.26,1848,2684,2007,7069,ON
386,2026-05-25 14:59:55.649,33.2,3.00,4.439,16066,164.48,33.34,1847,2684,2007,7120,ON
387,2026-05-25 14:59:56.149,33.2,3.00,4.441,16089,164.39,33.43,1844,2677,2001,7020,ON
388,2026-05-25 14:59:56.649,33.2,3.00,4.447,16118,164.30,33.52,1839,2668,1993,7037,ON
389,2026-05-25 14:59:57.149,33.2,3.02,4.435,16150,164.22,33.60,1841,2670,1994,7133,ON
390,2026-05-25 14:59:57.649,33.2,3.03,4.432,16179,164.13,33.69,1850,2684,2007,7097,ON
391,2026-05-25 14:59:58.149,33.3,3.03,4.437,16207,164.05,33.78,1852,2687,2010,7090,ON
392,2026-05-25 14:59:58.649,33.3,3.04,4.429,16245,163.96,33.86,1853,2687,2011,6966,ON
393,2026-05-25 14:59:59.149,33.3,3.05,4.438,16284,163.88,33.94,1847,2679,2004,7008,ON
394,2026-05-25 14:59:59.649,33.3,3.05,4.428,16330,163.79,34.03,1844,2676,2001,7000,ON
395,2026-05-25 15:00:00.149,33.4,3.07,4.421,16368,163.71,34.11,1849,2682,2005,7108,ON
396,2026-05-25 15:00:00.649,33.4,3.07,4.439,16396,163.62,34.20,1852,2688,2011,7177,ON
397,2026-05-25 15:00:01.149,33.3,3.06,4.427,16432,163.53,34.29,1854,2692,2014,7057,ON
398,2026-05-25 15:00:01.649,33.3,3.07,4.432,16474,163.45,34.37,1849,2682,2008,7079,ON
399,2026-05-25 15:00:02.149,33.4,3.07,4.426,16514,163.36,34.46,1850,2682,2007,7078,ON
400,2026-05-25 15:00:02.649,33.4,3.08,4.425,16544,163.27,34.55,1854,2689,2011,7179,ON
401,2026-05-25 15:00:03.149,33.4,3.09,4.423,16569,163.19,34.63,1854,2692,2012,7100,ON
402,2026-05-25 15:00:03.649,33.4,3.10,4.425,16592,163.11,34.71,1849,2683,2006,7030,ON
403,2026-05-25 15:00:04.149,33.4,3.10,4.430,16615,163.02,34.80,1844,2674,1999,7085,ON
404,2026-05-25 15:00:04.649,33.4,3.10,4.409,16646,162.93,34.89,1849,2683,2006,7109,ON
405,2026-05-25 15:00:05.149,33.4,3.13,4.420,16681,162.85,34.97,1855,2691,2013,7060,ON
406,2026-05-25 15:00:05.649,33.4,3.16,4.410,16717,162.77,35.06,1850,2684,2007,7037,ON
407,2026-05-25 15:00:06.149,33.4,3.18,4.423,16747,162.68,35.14,1848,2681,2005,7062,ON
408,2026-05-25 15:00:06.649,33.4,3.17,4.427,16772,162.59,35.23,1844,2673,1999,7007,ON
409,2026-05-25 15:00:07.149,33.4,3.20,4.398,16804,162.51,35.31,1842,2669,1996,7170,ON
410,2026-05-25 15:00:07.649,33.4,3.23,4.410,16831,162.42,35.40,1857,2693,2015,7147,ON
411,2026-05-25 15:00:08.149,33.4,3.22,4.408,16862,162.34,35.48,1860,2697,2018,7090,ON
412,2026-05-25 15:00:08.649,33.4,3.23,4.407,16897,162.25,35.57,1854,2687,2010,6937,ON
413,2026-05-25 15:00:09.149,33.5,3.24,4.409,16926,162.17,35.66,1838,2662,1991,7096,ON
414,2026-05-25 15:00:09.649,33.5,3.23,4.416,16962,162.08,35.74,1851,2683,2008,7167,ON
415,2026-05-25 15:00:10.149,33.5,3.22,4.411,16988,162.00,35.82,1861,2699,2020,7094,ON
416,2026-05-25 15:00:10.649,33.5,3.23,4.407,17015,161.91,35.91,1858,2693,2015,7090,ON
417,2026-05-25 15:00:11.149,33.5,3.24,4.391,17048,161.81,36.01,1850,2682,2005,7004,ON
418,2026-05-25 15:00:11.649,33.5,3.27,4.399,17094,161.72,36.10,1841,2669,1997,7089,ON
419,2026-05-25 15:00:12.149,33.5,3.27,4.404,17135,161.64,36.18,1849,2680,2005,7189,ON
420,2026-05-25 15:00:12.649,33.5,3.27,4.412,17174,161.55,36.27,1858,2692,2013,7146,ON
421,2026-05-25 15:00:13.149,33.5,3.26,4.403,17197,161.46,36.36,1862,2699,2018,7145,ON
422,2026-05-25 15:00:13.649,33.5,3.26,4.403,17217,161.38,36.44,1864,2700,2020,7124,ON
423,2026-05-25 15:00:14.149,33.6,3.30,4.386,17246,161.29,36.53,1863,2699,2020,7117,ON
424,2026-05-25 15:00:14.649,33.6,3.30,4.403,17277,161.21,36.61,1865,2703,2024,7108,ON
425,2026-05-25 15:00:15.149,33.6,3.30,4.384,17307,161.12,36.70,1868,2704,2024,7141,ON
426,2026-05-25 15:00:15.649,33.6,3.31,4.394,17341,161.04,36.78,1868,2704,2024,7136,ON
427,2026-05-25 15:00:16.149,33.6,3.33,4.388,17376,160.96,36.86,1867,2704,2024,7183,ON
428,2026-05-25 15:00:16.649,33.6,3.35,4.392,17411,160.86,36.96,1869,2707,2027,7202,ON
429,2026-05-25 15:00:17.149,33.6,3.35,4.401,17447,160.78,37.04,1870,2710,2028,7174,ON
430,2026-05-25 15:00:17.649,33.6,3.36,4.384,17481,160.70,37.12,1873,2715,2031,7063,ON
431,2026-05-25 15:00:18.149,33.6,3.38,4.405,17506,160.62,37.20,1859,2704,2021,7043,ON
432,2026-05-25 15:00:18.649,33.6,3.38,4.384,17533,160.52,37.30,1858,2697,2016,7119,ON
433,2026-05-25 15:00:19.149,33.7,3.40,4.382,17561,160.44,37.38,1863,2701,2021,7068,ON
434,2026-05-25 15:00:19.649,33.7,3.40,4.392,17596,160.35,37.47,1862,2701,2021,7048,ON
435,2026-05-25 15:00:20.149,33.7,3.38,4.390,17646,160.27,37.55,1870,2709,2028,7200,ON
436,2026-05-25 15:00:20.649,33.7,3.38,4.391,17684,160.18,37.64,1875,2717,2034,7275,ON
437,2026-05-25 15:00:21.149,33.7,3.39,4.387,17713,160.10,37.72,1878,2721,2036,7230,ON
438,2026-05-25 15:00:21.649,33.7,3.38,4.392,17731,160.01,37.81,1879,2723,2037,7259,ON
439,2026-05-25 15:00:22.149,33.7,3.38,4.380,17754,159.92,37.90,1879,2725,2039,7244,ON
440,2026-05-25 15:00:22.649,33.7,3.39,4.402,17771,159.84,37.98,1878,2724,2037,7193,ON
441,2026-05-25 15:00:23.149,33.7,3.40,4.374,17799,159.75,38.07,1880,2724,2037,7051,ON
442,2026-05-25 15:00:23.649,33.7,3.40,4.383,17834,159.67,38.15,1873,2716,2032,7091,ON
443,2026-05-25 15:00:24.149,33.7,3.43,4.371,17875,159.58,38.24,1876,2720,2036,7169,ON
444,2026-05-25 15:00:24.649,33.7,3.46,4.366,17913,159.50,38.32,1880,2726,2040,7192,ON
445,2026-05-25 15:00:25.149,33.7,3.47,4.379,17950,159.41,38.41,1880,2726,2040,7227,ON
446,2026-05-25 15:00:25.649,33.8,3.47,4.378,17980,159.32,38.50,1880,2723,2038,7286,ON
447,2026-05-25 15:00:26.149,33.8,3.47,4.374,18008,159.24,38.58,1880,2725,2039,7224,ON
448,2026-05-25 15:00:26.649,33.8,3.48,4.384,18034,159.15,38.67,1877,2720,2036,7172,ON
449,2026-05-25 15:00:27.149,33.8,3.47,4.380,18059,159.07,38.75,1874,2717,2033,7094,ON
450,2026-05-25 15:00:27.649,33.8,3.48,4.373,18081,158.98,38.84,1868,2707,2026,7000,ON
451,2026-05-25 15:00:28.149,33.8,3.49,4.372,18108,158.90,38.92,1863,2697,2020,7059,ON
452,2026-05-25 15:00:28.649,33.8,3.49,4.371,18137,158.80,39.02,1862,2695,2021,7086,ON
453,2026-05-25 15:00:29.149,33.8,3.51,4.367,18167,158.71,39.11,1866,2700,2023,7105,ON
454,2026-05-25 15:00:29.649,33.8,3.52,4.376,18198,158.62,39.20,1873,2711,2030,7164,ON
455,2026-05-25 15:00:30.149,33.8,3.55,4.360,18228,158.54,39.28,1873,2711,2030,7269,ON
456,2026-05-25 15:00:30.649,33.8,3.57,4.369,18261,158.45,39.37,1877,2717,2033,7239,ON
457,2026-05-25 15:00:31.149,33.8,3.57,4.374,18284,158.37,39.45,1878,2719,2035,7270,ON
458,2026-05-25 15:00:31.649,33.8,3.58,4.363,18306,158.28,39.54,1881,2724,2039,7224,ON
459,2026-05-25 15:00:32.149,33.8,3.58,4.361,18332,158.20,39.62,1885,2730,2042,7156,ON
460,2026-05-25 15:00:32.649,33.9,3.58,4.366,18358,158.11,39.71,1883,2726,2041,7079,ON
461,2026-05-25 15:00:33.149,33.9,3.57,4.361,18389,158.03,39.79,1880,2721,2038,7152,ON
462,2026-05-25 15:00:33.649,33.9,3.58,4.358,18430,157.94,39.88,1877,2715,2035,7114,ON
463,2026-05-25 15:00:34.149,33.9,3.60,4.352,18476,157.86,39.97,1869,2703,2024,7227,ON
464,2026-05-25 15:00:34.649,33.9,3.61,4.367,18517,157.77,40.05,1871,2705,2026,7204,ON
465,2026-05-25 15:00:35.149,33.9,3.61,4.356,18548,157.68,40.14,1874,2708,2029,7283,ON
466,2026-05-25 15:00:35.649,33.9,3.62,4.347,18572,157.60,40.22,1876,2713,2033,7204,ON
467,2026-05-25 15:00:36.149,33.9,3.62,4.351,18599,157.52,40.30,1879,2715,2034,7087,ON
468,2026-05-25 15:00:36.649,33.9,3.63,4.359,18622,157.43,40.39,1876,2712,2032,7144,ON
469,2026-05-25 15:00:37.149,33.9,3.63,4.346,18644,157.34,40.48,1878,2715,2034,7148,ON
470,2026-05-25 15:00:37.649,33.9,3.63,4.355,18678,157.26,40.56,1883,2723,2040,7203,ON
471,2026-05-25 15:00:38.149,33.9,3.64,4.354,18715,157.17,40.65,1884,2726,2042,7214,ON
472,2026-05-25 15:00:38.649,33.9,3.65,4.357,18748,157.09,40.73,1885,2728,2043,7351,ON
473,2026-05-25 15:00:39.149,33.9,3.67,4.344,18776,157.01,40.82,1886,2733,2046,7296,ON
474,2026-05-25 15:00:39.649,33.9,3.70,4.349,18801,156.91,40.91,1880,2720,2038,7158,ON
475,2026-05-25 15:00:40.149,33.9,3.69,4.343,18832,156.83,40.99,1877,2713,2034,7093,ON
476,2026-05-25 15:00:40.649,34.0,3.70,4.341,18869,156.74,41.08,1870,2704,2028,7052,ON
477,2026-05-25 15:00:41.149,34.0,3.69,4.353,18898,156.66,41.16,1864,2694,2020,7074,ON
478,2026-05-25 15:00:41.649,34.0,3.68,4.352,18922,156.58,41.24,1868,2698,2024,7211,ON
479,2026-05-25 15:00:42.149,34.0,3.71,4.338,18944,156.49,41.33,1873,2709,2032,7236,ON
480,2026-05-25 15:00:42.649,34.0,3.74,4.351,18969,156.40,41.42,1879,2717,2037,7313,ON
481,2026-05-25 15:00:43.149,34.0,3.73,4.347,18997,156.32,41.50,1888,2733,2048,7283,ON
482,2026-05-25 15:00:43.649,34.0,3.73,4.336,19023,156.24,41.58,1888,2733,2048,7218,ON
483,2026-05-25 15:00:44.149,34.0,3.75,4.337,19049,156.15,41.67,1888,2733,2047,7166,ON
484,2026-05-25 15:00:44.649,34.0,3.76,4.338,19077,156.06,41.76,1886,2727,2044,7151,ON
485,2026-05-25 15:00:45.149,34.1,3.77,4.339,19101,155.98,41.84,1886,2724,2043,7209,ON
486,2026-05-25 15:00:45.649,34.1,3.77,4.328,19128,155.90,41.92,1888,2730,2046,7249,ON
487,2026-05-25 15:00:46.149,34.1,3.79,4.333,19158,155.81,42.01,1890,2734,2048,7217,ON
488,2026-05-25 15:00:46.649,34.1,3.80,4.339,19185,155.72,42.10,1887,2733,2047,7237,ON
489,2026-05-25 15:00:47.149,34.1,3.79,4.332,19218,155.63,42.19,1889,2732,2049,7240,ON
490,2026-05-25 15:00:47.649,34.1,3.81,4.323,19254,155.56,42.27,1890,2733,2049,7249,ON
491,2026-05-25 15:00:48.149,34.1,3.84,4.331,19296,155.47,42.35,1885,2722,2042,7208,ON
492,2026-05-25 15:00:48.649,34.1,3.84,4.334,19337,155.38,42.44,1884,2720,2040,7220,ON
493,2026-05-25 15:00:49.149,34.1,3.83,4.325,19371,155.29,42.53,1889,2729,2048,7264,ON
494,2026-05-25 15:00:49.649,34.1,3.84,4.331,19399,155.21,42.62,1894,2740,2054,7194,ON
495,2026-05-25 15:00:50.149,34.1,3.85,4.310,19419,155.11,42.71,1887,2725,2045,7081,ON
496,2026-05-25 15:00:50.649,34.1,3.87,4.322,19444,155.02,42.80,1884,2720,2041,7229,ON
497,2026-05-25 15:00:51.149,34.1,3.87,4.321,19473,154.94,42.88,1886,2727,2046,7200,ON
498,2026-05-25 15:00:51.649,34.1,3.86,4.333,19500,154.85,42.97,1885,2726,2044,7203,ON
499,2026-05-25 15:00:52.149,34.1,3.87,4.318,19526,154.77,43.05,1883,2719,2040,7183,ON
500,2026-05-25 15:00:52.649,34.1,3.90,4.321,19556,154.68,43.14,1875,2707,2030,7082,ON
501,2026-05-25 15:00:53.149,34.1,3.90,4.319,19593,154.59,43.23,1866,2694,2019,7145,ON
502,2026-05-25 15:00:53.649,34.2,3.90,4.324,19625,154.51,43.31,1869,2695,2024,7116,ON
503,2026-05-25 15:00:54.149,34.2,3.90,4.326,19645,154.43,43.39,1879,2712,2036,7223,ON
504,2026-05-25 15:00:54.649,34.2,3.91,4.313,19664,154.34,43.48,1884,2721,2042,7217,ON
505,2026-05-25 15:00:55.149,34.2,3.93,4.314,19679,154.26,43.56,1886,2722,2043,7234,ON
506,2026-05-25 15:00:55.649,34.2,3.95,4.315,19694,154.16,43.66,1892,2732,2051,7266,ON
507,2026-05-25 15:00:56.149,34.2,3.97,4.309,19720,154.09,43.73,1893,2740,2056,7205,ON
508,2026-05-25 15:00:56.649,34.2,3.98,4.310,19746,154.00,43.82,1889,2740,2058,7301,ON
509,2026-05-25 15:00:57.149,34.2,3.98,4.317,19779,153.91,43.91,1893,2737,2056,7250,ON
510,2026-05-25 15:00:57.649,34.2,3.96,4.316,19813,153.83,43.99,1895,2736,2056,7248,ON
511,2026-05-25 15:00:58.149,34.2,3.95,4.307,19850,153.75,44.07,1896,2738,2056,7178,ON
512,2026-05-25 15:00:58.649,34.2,3.98,4.304,19882,153.66,44.16,1892,2731,2051,7084,ON
513,2026-05-25 15:00:59.149,34.2,3.99,4.320,19901,153.57,44.25,1880,2714,2036,7148,ON
514,2026-05-25 15:00:59.649,34.2,3.99,4.302,19923,153.49,44.33,1876,2705,2031,7192,ON
515,2026-05-25 15:01:00.149,34.2,4.01,4.319,19954,153.41,44.41,1879,2707,2034,7262,ON
516,2026-05-25 15:01:00.649,34.2,3.99,4.319,19993,153.32,44.50,1888,2722,2045,7276,ON
517,2026-05-25 15:01:01.149,34.2,3.98,4.320,20027,153.23,44.59,1887,2719,2045,7198,ON
518,2026-05-25 15:01:01.649,34.3,3.98,4.313,20057,153.15,44.67,1887,2718,2044,7162,ON
519,2026-05-25 15:01:02.149,34.3,3.98,4.314,20085,153.06,44.76,1887,2715,2043,7105,ON
520,2026-05-25 15:01:02.649,34.3,3.99,4.301,20113,152.98,44.85,1881,2702,2037,7067,ON
521,2026-05-25 15:01:03.149,34.3,4.00,4.305,20134,152.90,44.92,1875,2692,2028,7247,ON
522,2026-05-25 15:01:03.649,34.3,4.02,4.291,20149,152.81,45.01,1885,2714,2041,7301,ON
523,2026-05-25 15:01:04.149,34.3,4.06,4.303,20162,152.72,45.10,1893,2731,2052,7312,ON
524,2026-05-25 15:01:04.649,34.3,4.05,4.287,20184,152.63,45.19,1892,2729,2051,7229,ON
525,2026-05-25 15:01:05.149,34.3,4.09,4.299,20207,152.56,45.26,1893,2729,2053,7199,ON
526,2026-05-25 15:01:05.649,34.3,4.08,4.296,20239,152.47,45.35,1892,2727,2051,7140,ON
527,2026-05-25 15:01:06.149,34.3,4.08,4.298,20265,152.38,45.44,1890,2721,2049,7165,ON
528,2026-05-25 15:01:06.649,34.3,4.09,4.298,20298,152.30,45.53,1896,2727,2056,7249,ON
529,2026-05-25 15:01:07.149,34.4,4.11,4.285,20328,152.19,45.63,1897,2727,2058,7226,ON
530,2026-05-25 15:01:07.649,34.4,4.13,4.296,20354,152.11,45.71,1897,2725,2056,7218,ON
531,2026-05-25 15:01:08.149,34.4,4.13,4.285,20372,152.02,45.80,1895,2722,2054,7236,ON
532,2026-05-25 15:01:08.649,34.4,4.14,4.288,20401,151.93,45.89,1893,2714,2050,7199,ON
533,2026-05-25 15:01:09.149,34.4,4.14,4.289,20426,151.85,45.97,1893,2714,2050,7269,ON
534,2026-05-25 15:01:09.649,34.4,4.16,4.278,20452,151.77,46.05,1895,2721,2053,7249,ON
535,2026-05-25 15:01:10.149,34.4,4.19,4.291,20480,151.68,46.14,1896,2726,2057,7229,ON
536,2026-05-25 15:01:10.649,34.4,4.20,4.280,20512,151.59,46.23,1895,2724,2058,7267,ON
537,2026-05-25 15:01:11.149,34.4,4.20,4.260,20545,151.51,46.31,1898,2732,2064,7192,ON
538,2026-05-25 15:01:11.649,34.4,4.25,4.270,20576,151.43,46.39,1902,2736,2065,7267,ON
539,2026-05-25 15:01:12.149,34.4,4.27,4.287,20609,151.34,46.48,1904,2735,2064,7220,ON
540,2026-05-25 15:01:12.649,34.4,4.28,4.267,20636,151.25,46.57,1906,2741,2067,7303,ON
541,2026-05-25 15:01:13.149,34.4,4.30,4.264,20656,151.17,46.66,1905,2740,2066,7197,ON
542,2026-05-25 15:01:13.649,34.4,4.32,4.270,20679,151.08,46.75,1897,2721,2058,7240,ON
543,2026-05-25 15:01:14.149,34.4,4.32,4.262,20707,150.99,46.83,1893,2710,2052,7168,ON
544,2026-05-25 15:01:14.649,34.4,4.33,4.263,20738,150.91,46.91,1890,2706,2049,7184,ON
545,2026-05-25 15:01:15.149,34.4,4.36,4.251,20773,150.82,47.00,1888,2705,2049,7283,ON
546,2026-05-25 15:01:15.649,34.4,4.38,4.255,20800,150.74,47.08,1892,2716,2052,7244,ON
547,2026-05-25 15:01:16.149,34.5,4.39,4.251,20819,150.65,47.17,1895,2718,2056,7146,ON
548,2026-05-25 15:01:16.649,34.5,4.40,4.267,20834,150.56,47.26,1891,2705,2050,7155,ON
549,2026-05-25 15:01:17.149,34.5,4.40,4.259,20851,150.48,47.34,1894,2711,2055,7244,ON
550,2026-05-25 15:01:17.649,34.5,4.39,4.267,20871,150.40,47.42,1899,2722,2063,7300,ON
551,2026-05-25 15:01:18.149,34.5,4.39,4.259,20892,150.32,47.50,1904,2730,2072,7292,ON
552,2026-05-25 15:01:18.649,34.5,4.38,4.257,20916,150.23,47.59,1903,2725,2070,7224,ON
553,2026-05-25 15:01:19.149,34.5,4.40,4.250,20944,150.15,47.68,1899,2710,2062,7196,ON
554,2026-05-25 15:01:19.649,34.5,4.41,4.247,20968,150.06,47.76,1889,2690,2048,7113,ON
555,2026-05-25 15:01:20.149,34.5,4.43,4.243,20993,149.97,47.85,1885,2679,2042,7148,ON
556,2026-05-25 15:01:20.649,34.5,4.46,4.234,21015,149.88,47.94,1885,2679,2042,7126,ON
557,2026-05-25 15:01:21.149,34.5,4.49,4.240,21033,149.81,48.02,1885,2681,2042,7061,ON
558,2026-05-25 15:01:21.649,34.5,4.50,4.239,21055,149.72,48.10,1889,2684,2048,7172,ON
559,2026-05-25 15:01:22.149,34.5,4.51,4.242,21078,149.63,48.19,1894,2691,2054,7234,ON
560,2026-05-25 15:01:22.649,34.6,4.51,4.222,21100,149.55,48.27,1897,2694,2059,7195,ON
561,2026-05-25 15:01:23.149,34.6,4.54,4.235,21124,149.46,48.36,1895,2682,2057,7161,ON
562,2026-05-25 15:01:23.649,34.6,4.57,4.226,21153,149.37,48.45,1889,2670,2052,7118,ON
563,2026-05-25 15:01:24.149,34.6,4.60,4.227,21182,149.28,48.54,1887,2668,2050,7121,ON
564,2026-05-25 15:01:24.649,34.6,4.62,4.217,21206,149.20,48.62,1886,2671,2050,7057,ON
565,2026-05-25 15:01:25.149,34.6,4.65,4.217,21231,149.11,48.71,1882,2648,2040,7016,ON
566,2026-05-25 15:01:25.649,34.6,4.66,4.212,21262,149.03,48.79,1879,2635,2034,7031,ON
567,2026-05-25 15:01:26.149,34.6,4.69,4.219,21288,148.95,48.88,1882,2644,2039,7105,ON
568,2026-05-25 15:01:26.649,34.6,4.70,4.203,21311,148.84,48.98,1888,2660,2047,7195,ON
569,2026-05-25 15:01:27.149,34.6,4.72,4.202,21336,148.75,49.07,1891,2664,2051,7091,ON
570,2026-05-25 15:01:27.649,34.6,4.75,4.206,21363,148.67,49.16,1884,2651,2044,7150,ON
571,2026-05-25 15:01:28.149,34.7,4.77,4.200,21390,148.58,49.24,1882,2641,2041,7120,ON
572,2026-05-25 15:01:28.649,34.7,4.81,4.202,21422,148.50,49.32,1879,2627,2040,7031,ON
573,2026-05-25 15:01:29.149,34.6,4.84,4.194,21451,148.41,49.41,1876,2616,2036,7021,ON
574,2026-05-25 15:01:29.649,34.7,4.87,4.190,21477,148.32,49.50,1876,2618,2036,7047,ON
575,2026-05-25 15:01:30.149,34.7,4.88,4.184,21496,148.24,49.58,1877,2619,2037,7006,ON
576,2026-05-25 15:01:30.649,34.7,4.89,4.192,21511,148.15,49.67,1874,2601,2033,7046,ON
577,2026-05-25 15:01:31.149,34.7,4.92,4.177,21532,148.07,49.75,1874,2590,2033,7037,ON
578,2026-05-25 15:01:31.649,34.7,4.95,4.166,21555,147.98,49.84,1866,2575,2022,6956,ON
579,2026-05-25 15:01:32.149,34.7,5.01,4.160,21577,147.89,49.93,1855,2552,2010,6858,ON
580,2026-05-25 15:01:32.649,34.7,5.05,4.158,21598,147.80,50.02,1854,2536,2010,6922,ON
581,2026-05-25 15:01:33.149,34.7,5.08,4.158,21615,147.72,50.10,1861,2537,2021,6956,ON
582,2026-05-25 15:01:33.649,34.7,5.11,4.146,21635,147.64,50.18,1859,2525,2018,6697,ON
583,2026-05-25 15:01:34.149,34.7,5.15,4.144,21648,147.55,50.27,1841,2452,2000,6519,ON
584,2026-05-25 15:01:34.649,34.7,5.20,4.135,21660,147.46,50.36,1833,2423,1991,6742,ON
585,2026-05-25 15:01:35.149,34.7,5.24,4.135,21675,147.38,50.44,1836,2419,1992,6744,ON
586,2026-05-25 15:01:35.649,34.7,5.28,4.118,21687,147.29,50.53,1832,2378,1977,6647,ON
587,2026-05-25 15:01:36.149,34.7,5.35,4.115,21702,147.20,50.62,1821,2382,1979,6565,ON
588,2026-05-25 15:01:36.649,34.7,5.43,4.097,21719,147.12,50.70,1822,2373,1980,6538,ON
589,2026-05-25 15:01:37.149,34.7,5.52,4.055,21736,147.03,50.79,1803,2293,1957,6102,ON
590,2026-05-25 15:01:37.649,34.8,5.72,3.994,21747,146.95,50.88,1762,2119,1911,5561,ON
591,2026-05-25 15:01:38.149,34.8,6.76,3.932,21758,146.86,50.96,1710,1903,1849,5024,ON
592,2026-05-25 15:01:38.649,34.8,6.98,3.854,21764,146.77,51.05,1639,1644,1758,4444,ON
593,2026-05-25 15:01:39.149,34.8,7.44,3.687,21768,146.68,51.14,1545,1357,1638,3941,ON
594,2026-05-25 15:01:39.649,34.8,8.87,3.561,21776,146.60,51.22,1471,1134,1542,3860,ON
595,2026-05-25 15:01:40.149,34.8,9.29,3.483,21791,146.51,51.31,1426,997,1483,3823,ON
596,2026-05-25 15:01:40.649,34.8,9.72,3.415,21819,146.43,51.39,1400,918,1448,3782,ON
597,2026-05-25 15:01:41.149,34.8,10.10,3.362,21855,146.34,51.48,1381,870,1423,3735,ON
598,2026-05-25 15:01:41.649,34.8,10.41,3.344,21932,146.25,51.57,1369,842,1406,3728,ON
599,2026-05-25 15:01:42.149,34.8,10.54,3.328,22047,146.17,51.65,1362,827,1397,3699,ON
600,2026-05-25 15:01:42.649,34.8,10.65,3.295,22220,146.08,51.74,1358,818,1391,3684,ON
601,2026-05-25 15:01:43.149,34.8,10.81,3.281,22452,145.99,51.83,1360,818,1395,3700,ON
602,2026-05-25 15:01:43.649,34.8,10.92,3.270,22710,145.91,51.91,1361,816,1395,3711,ON
603,2026-05-25 15:01:44.149,34.8,11.02,3.266,22955,145.82,52.00,1362,817,1397,3816,ON
604,2026-05-25 15:01:44.649,34.8,11.06,3.263,23193,145.73,52.10,1369,823,1406,3814,ON
605,2026-05-25 15:01:45.149,34.8,11.08,3.264,23395,145.64,52.18,1369,823,1405,3786,ON
606,2026-05-25 15:01:45.649,34.8,11.13,3.250,23547,145.55,52.27,1365,817,1400,3739,ON
607,2026-05-25 15:01:46.149,34.8,11.16,3.234,23660,145.46,52.36,1365,815,1400,3717,ON
608,2026-05-25 15:01:46.649,34.8,11.24,3.245,23745,145.37,52.45,1362,814,1397,3716,ON
609,2026-05-25 15:01:47.149,34.8,11.26,3.228,23818,145.29,52.53,1366,818,1401,3715,ON
610,2026-05-25 15:01:47.649,34.8,11.29,3.225,23881,145.20,52.62,1368,819,1404,3724,ON
611,2026-05-25 15:01:48.149,34.8,11.31,3.212,23961,145.12,52.70,1365,815,1399,3760,ON
612,2026-05-25 15:01:48.649,34.8,11.33,3.224,24032,145.03,52.79,1365,815,1398,3801,ON
613,2026-05-25 15:01:49.149,34.8,11.35,3.213,24083,144.94,52.88,1369,820,1405,3793,ON
614,2026-05-25 15:01:49.649,34.8,11.38,3.203,24121,144.86,52.97,1363,816,1399,3706,ON
615,2026-05-25 15:01:50.149,34.8,11.43,3.184,24155,144.77,53.05,1359,810,1393,3678,ON
616,2026-05-25 15:01:50.649,34.8,11.48,3.193,24209,144.68,53.14,1357,808,1388,3697,ON
617,2026-05-25 15:01:51.149,34.8,11.50,3.184,24279,144.60,53.22,1364,814,1397,3756,ON
618,2026-05-25 15:01:51.649,34.8,11.53,3.176,24341,144.51,53.31,1367,819,1403,3733,ON
619,2026-05-25 15:01:52.149,34.8,11.57,3.173,24404,144.44,53.39,1362,814,1395,3695,ON
620,2026-05-25 15:01:52.649,34.8,11.60,3.173,24479,144.34,53.48,1357,808,1387,3811,ON
621,2026-05-25 15:01:53.149,34.8,11.62,3.174,24587,144.26,53.57,1368,820,1402,3825,ON
622,2026-05-25 15:01:53.649,34.8,11.64,3.175,24676,144.17,53.65,1372,825,1409,3793,ON
623,2026-05-25 15:01:54.149,34.8,11.66,3.166,24740,144.08,53.74,1374,823,1409,3709,ON
624,2026-05-25 15:01:54.649,34.8,11.68,3.167,24778,144.00,53.82,1374,825,1407,3784,ON
625,2026-05-25 15:01:55.149,34.8,11.70,3.152,24807,143.91,53.92,1374,825,1408,3691,ON
626,2026-05-25 15:01:55.649,34.8,11.74,3.158,24828,143.83,53.99,1369,823,1404,3733,ON
627,2026-05-25 15:01:56.149,34.8,11.74,3.161,24864,143.74,54.08,1372,823,1406,3740,ON
628,2026-05-25 15:01:56.649,34.8,11.76,3.145,24931,143.65,54.17,1366,817,1398,3705,ON
629,2026-05-25 15:01:57.149,34.8,11.78,3.142,25013,143.57,54.25,1361,814,1391,3799,ON
630,2026-05-25 15:01:57.649,34.8,11.78,3.154,25085,143.48,54.34,1367,820,1399,3776,ON
631,2026-05-25 15:01:58.149,34.8,11.80,3.137,25133,143.40,54.42,1370,822,1403,3804,ON
632,2026-05-25 15:01:58.649,34.8,11.82,3.144,25168,143.31,54.51,1375,828,1411,3742,ON
633,2026-05-25 15:01:59.149,34.8,11.84,3.138,25213,143.22,54.60,1372,826,1407,3723,ON
634,2026-05-25 15:01:59.649,34.8,11.86,3.141,25269,143.13,54.69,1374,827,1411,3797,ON
635,2026-05-25 15:02:00.149,34.8,11.88,3.125,25333,143.05,54.77,1378,832,1414,3797,ON
636,2026-05-25 15:02:00.649,34.8,11.91,3.132,25397,142.96,54.86,1379,833,1416,3790,ON
637,2026-05-25 15:02:01.149,34.8,11.93,3.130,25452,142.87,54.95,1374,830,1411,3752,ON
638,2026-05-25 15:02:01.649,34.8,11.95,3.119,25505,142.78,55.04,1372,826,1406,3784,ON
639,2026-05-25 15:02:02.149,34.8,11.97,3.121,25560,142.70,55.12,1374,828,1408,3812,ON
640,2026-05-25 15:02:02.649,34.8,11.98,3.115,25627,142.61,55.21,1379,835,1416,3827,ON
641,2026-05-25 15:02:03.149,34.8,11.98,3.119,25725,142.53,55.29,1381,841,1422,3808,ON
642,2026-05-25 15:02:03.649,34.8,11.99,3.119,25806,142.45,55.37,1382,841,1423,3799,ON
643,2026-05-25 15:02:04.149,34.8,11.99,3.107,25856,142.36,55.46,1381,839,1421,3803,ON
644,2026-05-25 15:02:04.649,34.8,12.01,3.110,25896,142.27,55.55,1381,839,1420,3774,ON
645,2026-05-25 15:02:05.149,34.8,12.03,3.107,25930,142.17,55.65,1382,839,1420,3821,ON
646,2026-05-25 15:02:05.649,34.8,12.05,3.105,25969,142.08,55.74,1383,841,1423,3811,ON
647,2026-05-25 15:02:06.149,34.8,12.07,3.098,26008,141.99,55.83,1384,842,1424,3733,ON
648,2026-05-25 15:02:06.649,34.8,12.09,3.113,26051,141.90,55.92,1376,835,1413,3752,ON
649,2026-05-25 15:02:07.149,34.8,12.11,3.100,26087,141.82,56.00,1376,835,1412,3875,ON
650,2026-05-25 15:02:07.649,34.8,12.11,3.101,26143,141.73,56.09,1385,844,1425,3906,ON
651,2026-05-25 15:02:08.149,34.8,12.12,3.098,26220,141.65,56.17,1385,844,1424,3813,ON
652,2026-05-25 15:02:08.649,34.8,12.12,3.101,26302,141.56,56.26,1379,839,1417,3780,ON
653,2026-05-25 15:02:09.149,34.8,12.12,3.099,26368,141.48,56.34,1377,837,1413,3777,ON
654,2026-05-25 15:02:09.649,34.8,12.13,3.095,26420,141.39,56.43,1379,840,1416,3815,ON
655,2026-05-25 15:02:10.149,34.8,12.14,3.094,26484,141.31,56.51,1385,846,1425,3840,ON
656,2026-05-25 15:02:10.649,34.8,12.15,3.082,26551,141.22,56.60,1390,851,1432,3827,ON
657,2026-05-25 15:02:11.149,34.8,12.17,3.090,26600,141.13,56.69,1388,850,1429,3843,ON
658,2026-05-25 15:02:11.649,34.8,12.18,3.090,26646,141.04,56.78,1389,850,1429,3899,ON
659,2026-05-25 15:02:12.149,34.8,12.18,3.075,26703,140.96,56.87,1392,854,1434,3889,ON
660,2026-05-25 15:02:12.649,34.8,12.22,3.085,26758,140.87,56.95,1390,853,1431,3852,ON
661,2026-05-25 15:02:13.149,34.8,12.21,3.074,26817,140.79,57.03,1389,853,1430,3826,ON
662,2026-05-25 15:02:13.649,34.8,12.23,3.083,26883,140.70,57.12,1389,853,1430,3846,ON
663,2026-05-25 15:02:14.149,34.8,12.24,3.080,26938,140.61,57.21,1392,857,1435,3865,ON
664,2026-05-25 15:02:14.649,34.8,12.24,3.080,26997,140.53,57.29,1395,861,1441,3833,ON
665,2026-05-25 15:02:15.149,34.8,12.24,3.080,27068,140.44,57.38,1390,855,1434,3822,ON
666,2026-05-25 15:02:15.649,34.8,12.24,3.089,27135,140.36,57.46,1387,849,1431,3888,ON
667,2026-05-25 15:02:16.149,34.8,12.24,3.068,27220,140.26,57.56,1393,855,1434,3898,ON
668,2026-05-25 15:02:16.649,34.8,12.24,3.083,27296,140.18,57.64,1393,857,1434,3863,ON
669,2026-05-25 15:02:17.149,34.8,12.25,3.074,27346,140.10,57.72,1391,855,1430,3803,ON
670,2026-05-25 15:02:17.649,34.8,12.27,3.073,27383,140.01,57.81,1386,851,1425,3786,ON
671,2026-05-25 15:02:18.149,34.8,12.28,3.075,27410,139.92,57.90,1390,854,1429,3847,ON
672,2026-05-25 15:02:18.649,34.8,12.28,3.073,27448,139.84,57.98,1393,856,1432,3834,ON
673,2026-05-25 15:02:19.149,34.8,12.29,3.075,27512,139.75,58.07,1395,859,1436,3860,ON
674,2026-05-25 15:02:19.649,34.8,12.30,3.070,27576,139.67,58.15,1396,861,1436,3860,ON
675,2026-05-25 15:02:20.149,34.8,12.31,3.070,27634,139.58,58.24,1396,860,1435,3856,ON
676,2026-05-25 15:02:20.649,34.8,12.31,3.073,27672,139.50,58.32,1392,856,1430,3904,ON
677,2026-05-25 15:02:21.149,34.8,12.30,3.078,27706,139.40,58.42,1397,862,1438,3943,ON
678,2026-05-25 15:02:21.649,34.8,12.29,3.080,27753,139.32,58.50,1401,868,1444,3891,ON
679,2026-05-25 15:02:22.149,34.8,12.30,3.069,27813,139.24,58.58,1400,868,1443,3857,ON
680,2026-05-25 15:02:22.649,34.8,12.31,3.068,27879,139.15,58.67,1398,866,1440,3868,ON
681,2026-05-25 15:02:23.149,34.8,12.32,3.070,27943,139.07,58.75,1399,868,1441,3884,ON
682,2026-05-25 15:02:23.649,34.8,12.32,3.065,27987,138.98,58.85,1403,873,1448,3905,ON
683,2026-05-25 15:02:24.149,34.8,12.34,3.070,28024,138.89,58.93,1403,875,1449,3914,ON
684,2026-05-25 15:02:24.649,34.8,12.33,3.065,28057,138.81,59.01,1401,872,1445,3872,ON
685,2026-05-25 15:02:25.149,34.8,12.33,3.064,28088,138.71,59.11,1399,868,1440,3920,ON
686,2026-05-25 15:02:25.649,34.8,12.34,3.058,28142,138.64,59.19,1404,875,1448,3924,ON
687,2026-05-25 15:02:26.149,34.8,12.35,3.068,28210,138.54,59.28,1407,879,1452,3873,ON
688,2026-05-25 15:02:26.649,34.8,12.35,3.053,28278,138.44,59.38,1403,875,1446,3865,ON
689,2026-05-25 15:02:27.149,34.8,12.35,3.074,28347,138.36,59.46,1399,872,1440,3898,ON
690,2026-05-25 15:02:27.649,34.8,12.34,3.055,28406,138.27,59.55,1399,871,1439,3886,ON
691,2026-05-25 15:02:28.149,34.8,12.35,3.065,28460,138.19,59.63,1401,873,1441,3913,ON
692,2026-05-25 15:02:28.649,34.7,12.36,3.059,28505,138.09,59.73,1405,877,1445,3898,ON
693,2026-05-25 15:02:29.149,34.7,12.37,3.052,28538,138.00,59.82,1405,880,1447,3881,ON
694,2026-05-25 15:02:29.649,34.7,12.38,3.058,28579,137.92,59.90,1405,881,1448,3904,ON
695,2026-05-25 15:02:30.149,34.7,12.38,3.062,28637,137.83,59.99,1408,884,1453,3942,ON
696,2026-05-25 15:02:30.649,34.7,12.39,3.057,28707,137.75,60.07,1411,887,1456,3974,ON
697,2026-05-25 15:02:31.149,34.7,12.39,3.053,28783,137.66,60.16,1414,891,1460,3963,ON
698,2026-05-25 15:02:31.649,34.7,12.40,3.052,28856,137.58,60.24,1412,891,1458,3952,ON
699,2026-05-25 15:02:32.149,34.7,12.40,3.059,28906,137.49,60.34,1407,887,1451,3901,ON
700,2026-05-25 15:02:32.649,34.7,12.40,3.041,28939,137.39,60.43,1405,886,1449,3914,ON
701,2026-05-25 15:02:33.149,34.7,12.43,3.047,28985,137.31,60.51,1408,889,1453,3921,ON
702,2026-05-25 15:02:33.649,34.7,12.44,3.051,29035,137.23,60.60,1410,892,1456,3934,ON
703,2026-05-25 15:02:34.149,34.7,12.45,3.045,29094,137.14,60.68,1408,892,1455,3928,ON
704,2026-05-25 15:02:34.649,34.7,12.45,3.054,29161,137.06,60.76,1410,893,1456,3978,ON
705,2026-05-25 15:02:35.149,34.7,12.45,3.053,29230,136.97,60.85,1414,897,1462,4012,ON
706,2026-05-25 15:02:35.649,34.7,12.44,3.047,29283,136.88,60.94,1417,901,1465,3992,ON
707,2026-05-25 15:02:36.149,34.7,12.44,3.051,29318,136.80,61.02,1411,896,1458,3907,ON
708,2026-05-25 15:02:36.649,34.7,12.44,3.052,29363,136.71,61.11,1406,890,1449,3913,ON
709,2026-05-25 15:02:37.149,34.7,12.42,3.058,29435,136.63,61.19,1408,892,1450,3935,ON
710,2026-05-25 15:02:37.649,34.7,12.42,3.048,29483,136.54,61.28,1415,897,1455,3957,ON
711,2026-05-25 15:02:38.149,34.7,12.44,3.055,29528,136.45,61.37,1414,901,1459,3916,ON
712,2026-05-25 15:02:38.649,34.7,12.44,3.047,29561,136.37,61.45,1411,898,1455,3945,ON
713,2026-05-25 15:02:39.149,34.7,12.45,3.045,29604,136.28,61.54,1411,899,1455,3974,ON
714,2026-05-25 15:02:39.649,34.7,12.46,3.035,29669,136.19,61.63,1415,902,1459,4012,ON
715,2026-05-25 15:02:40.149,34.7,12.48,3.051,29738,136.11,61.71,1415,904,1461,4002,ON
716,2026-05-25 15:02:40.649,34.7,12.47,3.040,29815,136.02,61.80,1418,909,1466,3936,ON
717,2026-05-25 15:02:41.149,34.7,12.47,3.051,29896,135.94,61.88,1417,908,1464,3973,ON
718,2026-05-25 15:02:41.649,34.7,12.46,3.041,29963,135.84,61.98,1415,907,1462,3984,ON
719,2026-05-25 15:02:42.149,34.7,12.47,3.040,30020,135.76,62.06,1418,913,1468,3921,ON
720,2026-05-25 15:02:42.649,34.7,12.48,3.039,30071,135.67,62.15,1417,917,1474,3956,ON
721,2026-05-25 15:02:43.149,34.7,12.49,3.042,30103,135.58,62.24,1415,919,1470,4052,ON
722,2026-05-25 15:02:43.649,34.7,12.49,3.042,30140,135.51,62.31,1423,923,1475,4083,ON
723,2026-05-25 15:02:44.149,34.7,12.48,3.045,30182,135.42,62.40,1430,930,1485,4066,ON
724,2026-05-25 15:02:44.649,34.7,12.48,3.047,30224,135.33,62.49,1428,928,1482,4001,ON
725,2026-05-25 15:02:45.149,34.7,12.50,3.039,30273,135.24,62.58,1426,924,1476,3988,ON
726,2026-05-25 15:02:45.649,34.7,12.50,3.035,30321,135.15,62.67,1422,921,1471,3996,ON
727,2026-05-25 15:02:46.149,34.7,12.51,3.041,30368,135.07,62.75,1424,921,1471,4002,ON
728,2026-05-25 15:02:46.649,34.7,12.50,3.042,30421,134.98,62.84,1425,922,1473,4005,ON
729,2026-05-25 15:02:47.149,34.7,12.49,3.047,30483,134.90,62.92,1426,926,1475,3988,ON
730,2026-05-25 15:02:47.649,34.7,12.50,3.045,30532,134.81,63.01,1425,925,1473,4003,ON
731,2026-05-25 15:02:48.149,34.7,12.50,3.030,30569,134.73,63.09,1425,926,1473,4018,ON
732,2026-05-25 15:02:48.649,34.7,12.53,3.038,30596,134.64,63.18,1426,928,1475,4060,ON
733,2026-05-25 15:02:49.149,34.7,12.53,3.032,30631,134.56,63.26,1430,932,1480,4112,ON
734,2026-05-25 15:02:49.649,34.7,12.53,3.039,30689,134.47,63.35,1430,936,1483,4046,ON
735,2026-05-25 15:02:50.149,34.7,12.54,3.031,30749,134.36,63.46,1431,937,1483,4014,ON
736,2026-05-25 15:02:50.649,34.7,12.54,3.029,30810,134.29,63.54,1431,938,1483,4039,ON
737,2026-05-25 15:02:51.149,34.7,12.55,3.037,30859,134.20,63.62,1432,939,1485,4020,ON
738,2026-05-25 15:02:51.649,34.7,12.54,3.040,30906,134.11,63.71,1432,942,1485,4040,ON
739,2026-05-25 15:02:52.149,34.7,12.53,3.043,30947,134.02,63.80,1431,942,1483,4070,ON
740,2026-05-25 15:02:52.649,34.7,12.53,3.032,31004,133.93,63.89,1433,944,1485,4094,ON
741,2026-05-25 15:02:53.149,34.7,12.55,3.022,31050,133.85,63.98,1437,946,1488,4091,ON
742,2026-05-25 15:02:53.649,34.7,12.56,3.040,31091,133.76,64.06,1439,948,1491,4080,ON
743,2026-05-25 15:02:54.149,34.7,12.55,3.038,31129,133.67,64.15,1440,951,1492,4059,ON
744,2026-05-25 15:02:54.649,34.7,12.55,3.037,31164,133.58,64.24,1439,952,1491,4040,ON
745,2026-05-25 15:02:55.149,34.7,12.54,3.031,31203,133.50,64.32,1437,950,1489,4044,ON
746,2026-05-25 15:02:55.649,34.7,12.54,3.031,31239,133.42,64.40,1440,952,1492,4089,ON
747,2026-05-25 15:02:56.149,34.7,12.55,3.038,31273,133.33,64.50,1442,954,1494,4107,ON
748,2026-05-25 15:02:56.649,34.7,12.56,3.027,31301,133.25,64.57,1444,957,1497,4111,ON
749,2026-05-25 15:02:57.149,34.7,12.57,3.033,31343,133.16,64.67,1442,958,1495,4107,ON
750,2026-05-25 15:02:57.649,34.7,12.57,3.032,31426,133.07,64.75,1440,956,1491,4081,ON
751,2026-05-25 15:02:58.149,34.7,12.57,3.044,31513,132.99,64.83,1440,957,1492,4094,ON
752,2026-05-25 15:02:58.649,34.7,12.55,3.041,31593,132.89,64.93,1442,960,1494,4094,ON
753,2026-05-25 15:02:59.149,34.7,12.54,3.032,31652,132.81,65.02,1443,963,1497,4082,ON
754,2026-05-25 15:02:59.649,34.7,12.54,3.035,31721,132.72,65.10,1441,964,1495,4053,ON
755,2026-05-25 15:03:00.149,34.7,12.55,3.033,31781,132.64,65.18,1438,959,1489,4103,ON
756,2026-05-25 15:03:00.649,34.7,12.56,3.025,31830,132.55,65.27,1442,961,1488,4116,ON
757,2026-05-25 15:03:01.149,34.7,12.57,3.023,31868,132.47,65.35,1445,966,1492,4098,ON
758,2026-05-25 15:03:01.649,34.7,12.58,3.039,31896,132.38,65.44,1445,970,1498,4169,ON
759,2026-05-25 15:03:02.149,34.7,12.58,3.022,31927,132.29,65.53,1451,978,1508,4177,ON
760,2026-05-25 15:03:02.649,34.7,12.58,3.024,31958,132.21,65.61,1450,978,1507,4122,ON
761,2026-05-25 15:03:03.149,34.7,12.59,3.021,31996,132.12,65.70,1450,978,1505,4130,ON
762,2026-05-25 15:03:03.649,34.7,12.60,3.021,32051,132.04,65.78,1451,982,1508,4143,ON
763,2026-05-25 15:03:04.149,34.7,12.61,3.031,32098,131.95,65.87,1452,985,1510,4144,ON
764,2026-05-25 15:03:04.649,34.7,12.59,3.017,32159,131.86,65.96,1453,987,1511,4143,ON
765,2026-05-25 15:03:05.149,34.7,12.61,3.021,32220,131.78,66.05,1452,986,1509,4219,ON
766,2026-05-25 15:03:05.649,34.7,12.61,3.019,32270,131.69,66.13,1455,990,1513,4178,ON
767,2026-05-25 15:03:06.149,34.7,12.61,3.028,32309,131.61,66.22,1454,990,1512,4150,ON
768,2026-05-25 15:03:06.649,34.7,12.60,3.026,32353,131.52,66.30,1453,989,1510,4162,ON
769,2026-05-25 15:03:07.149,34.7,12.60,3.027,32412,131.43,66.39,1455,992,1514,4180,ON
770,2026-05-25 15:03:07.649,34.7,12.61,3.029,32448,131.35,66.47,1460,1000,1523,4214,ON
771,2026-05-25 15:03:08.149,34.7,12.59,3.030,32484,131.26,66.56,1462,1003,1524,4139,ON
772,2026-05-25 15:03:08.649,34.7,12.59,3.024,32533,131.17,66.65,1455,996,1514,4170,ON
773,2026-05-25 15:03:09.149,34.7,12.60,3.019,32586,131.08,66.74,1455,997,1515,4225,ON
774,2026-05-25 15:03:09.649,34.7,12.61,3.024,32641,130.99,66.83,1460,1003,1520,4210,ON
775,2026-05-25 15:03:10.149,34.7,12.62,3.021,32680,130.90,66.92,1460,1004,1520,4181,ON
776,2026-05-25 15:03:10.649,34.7,12.62,3.026,32731,130.82,67.00,1457,1003,1516,4165,ON
777,2026-05-25 15:03:11.149,34.7,12.61,3.020,32788,130.73,67.09,1457,1002,1514,4181,ON
778,2026-05-25 15:03:11.649,34.7,12.60,3.023,32843,130.64,67.18,1458,1005,1517,4195,ON
779,2026-05-25 15:03:12.149,34.7,12.59,3.022,32882,130.56,67.26,1464,1012,1523,4213,ON
780,2026-05-25 15:03:12.649,34.6,12.59,3.023,32920,130.47,67.35,1466,1016,1527,4220,ON
781,2026-05-25 15:03:13.149,34.7,12.60,3.022,32964,130.38,67.44,1467,1017,1529,4244,ON
782,2026-05-25 15:03:13.649,34.7,12.60,3.015,32996,130.30,67.53,1469,1020,1530,4263,ON
783,2026-05-25 15:03:14.149,34.6,12.62,3.024,33037,130.21,67.62,1471,1024,1534,4256,ON
784,2026-05-25 15:03:14.649,34.6,12.62,3.018,33084,130.12,67.70,1470,1026,1533,4215,ON
785,2026-05-25 15:03:15.149,34.6,12.63,3.009,33135,130.04,67.78,1469,1025,1531,4225,ON
786,2026-05-25 15:03:15.649,34.6,12.63,3.023,33200,129.95,67.87,1469,1026,1532,4230,ON
787,2026-05-25 15:03:16.149,34.6,12.63,3.011,33257,129.87,67.95,1473,1026,1530,4259,ON
788,2026-05-25 15:03:16.649,34.6,12.64,3.015,33292,129.78,68.04,1475,1032,1530,4237,ON
789,2026-05-25 15:03:17.149,34.6,12.64,3.023,33334,129.69,68.13,1474,1033,1533,4229,ON
790,2026-05-25 15:03:17.649,34.6,12.64,3.019,33387,129.61,68.21,1472,1034,1533,4242,ON
791,2026-05-25 15:03:18.149,34.6,12.64,3.022,33433,129.52,68.30,1473,1036,1534,4289,ON
792,2026-05-25 15:03:18.649,34.6,12.64,3.012,33481,129.44,68.38,1475,1038,1537,4276,ON
793,2026-05-25 15:03:19.149,34.6,12.65,3.016,33546,129.34,68.48,1474,1040,1538,4290,ON
794,2026-05-25 15:03:19.649,34.6,12.65,3.017,33619,129.26,68.56,1475,1043,1539,4280,ON
795,2026-05-25 15:03:20.149,34.6,12.64,3.022,33677,129.17,68.65,1474,1043,1538,4261,ON
796,2026-05-25 15:03:20.649,34.6,12.63,3.024,33727,129.09,68.73,1474,1044,1537,4260,ON
797,2026-05-25 15:03:21.149,34.6,12.63,3.020,33764,129.00,68.82,1474,1046,1538,4262,ON
798,2026-05-25 15:03:21.649,34.6,12.63,3.005,33807,128.92,68.90,1479,1052,1545,4302,ON
799,2026-05-25 15:03:22.149,34.6,12.64,3.009,33862,128.84,68.98,1481,1056,1547,4308,ON
800,2026-05-25 15:03:22.649,34.6,12.65,3.016,33923,128.74,69.08,1481,1058,1548,4315,ON
801,2026-05-25 15:03:23.149,34.6,12.65,3.024,33974,128.65,69.17,1482,1059,1548,4309,ON
802,2026-05-25 15:03:23.649,34.6,12.66,3.006,34005,128.57,69.25,1482,1060,1547,4318,ON
803,2026-05-25 15:03:24.149,34.6,12.69,3.025,34024,128.48,69.34,1485,1062,1550,4310,ON
804,2026-05-25 15:03:24.649,34.6,12.67,3.017,34036,128.40,69.42,1484,1065,1551,4293,ON
805,2026-05-25 15:03:25.149,34.6,12.67,3.012,34085,128.31,69.51,1486,1069,1552,4326,ON
806,2026-05-25 15:03:25.649,34.6,12.68,3.007,34129,128.22,69.60,1486,1070,1553,4353,ON
807,2026-05-25 15:03:26.149,34.6,12.68,3.023,34172,128.14,69.68,1488,1075,1556,4359,ON
808,2026-05-25 15:03:26.649,34.6,12.67,3.017,34222,128.06,69.76,1489,1077,1556,4339,ON
809,2026-05-25 15:03:27.149,34.6,12.66,3.016,34265,127.97,69.85,1486,1076,1552,4332,ON
810,2026-05-25 15:03:27.649,34.6,12.67,3.014,34299,127.87,69.95,1486,1079,1553,4350,ON
811,2026-05-25 15:03:28.149,34.6,12.66,3.016,34345,127.78,70.04,1490,1082,1557,4370,ON
812,2026-05-25 15:03:28.649,34.6,12.66,3.014,34387,127.70,70.12,1492,1086,1561,4314,ON
813,2026-05-25 15:03:29.149,34.6,12.68,3.001,34424,127.62,70.20,1490,1086,1559,4344,ON
814,2026-05-25 15:03:29.649,34.6,12.69,3.014,34480,127.52,70.30,1493,1091,1563,4397,ON
815,2026-05-25 15:03:30.149,34.6,12.68,3.021,34544,127.44,70.38,1497,1095,1568,4379,ON
816,2026-05-25 15:03:30.649,34.6,12.67,3.004,34595,127.36,70.46,1497,1097,1569,4384,ON
817,2026-05-25 15:03:31.149,34.6,12.68,3.018,34640,127.26,70.56,1497,1097,1570,4385,ON
818,2026-05-25 15:03:31.649,34.6,12.68,3.022,34676,127.18,70.64,1498,1098,1569,4426,ON
819,2026-05-25 15:03:32.149,34.6,12.69,3.002,34712,127.10,70.73,1499,1099,1572,4402,ON
820,2026-05-25 15:03:32.649,34.6,12.69,3.007,34749,127.01,70.81,1499,1103,1575,4430,ON
821,2026-05-25 15:03:33.149,34.6,12.70,3.005,34800,126.92,70.90,1499,1103,1573,4400,ON
822,2026-05-25 15:03:33.649,34.6,12.70,3.013,34838,126.84,70.98,1495,1101,1567,4353,ON
823,2026-05-25 15:03:34.149,34.6,12.70,3.012,34871,126.75,71.07,1495,1102,1567,4410,ON
824,2026-05-25 15:03:34.649,34.6,12.71,3.004,34919,126.67,71.15,1500,1110,1575,4444,ON
825,2026-05-25 15:03:35.149,34.6,12.71,3.006,34962,126.58,71.24,1505,1117,1582,4412,ON
826,2026-05-25 15:03:35.649,34.6,12.71,3.009,35018,126.50,71.32,1504,1115,1578,4453,ON
827,2026-05-25 15:03:36.149,34.6,12.71,3.009,35075,126.41,71.41,1507,1118,1581,4474,ON
828,2026-05-25 15:03:36.649,34.6,12.70,3.007,35123,126.32,71.50,1510,1124,1585,4466,ON
829,2026-05-25 15:03:37.149,34.6,12.71,3.005,35152,126.24,71.58,1511,1126,1586,4457,ON
830,2026-05-25 15:03:37.649,34.6,12.71,3.008,35178,126.16,71.67,1509,1125,1583,4436,ON
831,2026-05-25 15:03:38.149,34.6,12.71,3.016,35208,126.07,71.75,1508,1125,1582,4443,ON
832,2026-05-25 15:03:38.649,34.6,12.70,3.016,35242,125.98,71.85,1509,1128,1584,4455,ON
833,2026-05-25 15:03:39.149,34.6,12.70,3.009,35277,125.89,71.93,1510,1131,1585,4427,ON
834,2026-05-25 15:03:39.649,34.6,12.71,3.006,35352,125.81,72.01,1510,1132,1585,4470,ON
835,2026-05-25 15:03:40.149,34.6,12.70,3.011,35444,125.72,72.10,1512,1134,1586,4522,ON
836,2026-05-25 15:03:40.649,34.6,12.69,3.002,35527,125.64,72.18,1514,1140,1590,4501,ON
837,2026-05-25 15:03:41.149,34.6,12.71,3.009,35577,125.55,72.27,1514,1142,1591,4490,ON
838,2026-05-25 15:03:41.649,34.6,12.71,3.009,35611,125.47,72.36,1512,1142,1588,4468,ON
839,2026-05-25 15:03:42.149,34.6,12.71,3.002,35643,125.38,72.44,1510,1143,1587,4452,ON
840,2026-05-25 15:03:42.649,34.6,12.72,3.010,35671,125.30,72.52,1511,1145,1588,4469,ON
841,2026-05-25 15:03:43.149,34.6,12.72,3.004,35734,125.21,72.61,1515,1149,1592,4520,ON
842,2026-05-25 15:03:43.649,34.6,12.72,3.004,35803,125.12,72.70,1518,1155,1596,4520,ON
843,2026-05-25 15:03:44.149,34.6,12.73,2.998,35851,125.04,72.78,1516,1156,1595,4489,ON
844,2026-05-25 15:03:44.649,34.6,12.75,3.008,35881,124.95,72.87,1514,1156,1593,4476,ON
845,2026-05-25 15:03:45.149,34.6,12.73,3.018,35902,124.87,72.96,1512,1155,1590,4543,ON
846,2026-05-25 15:03:45.649,34.6,12.71,3.013,35917,124.78,73.04,1517,1161,1597,4563,ON
847,2026-05-25 15:03:46.149,34.6,12.70,3.001,35926,124.68,73.14,1520,1166,1600,4548,ON
848,2026-05-25 15:03:46.649,34.6,12.71,3.004,35984,124.59,73.23,1519,1168,1599,4531,ON
849,2026-05-25 15:03:47.149,34.6,12.73,2.998,36028,124.50,73.32,1520,1170,1601,4496,ON
850,2026-05-25 15:03:47.649,34.6,12.72,3.016,36070,124.42,73.40,1520,1171,1600,4557,ON
851,2026-05-25 15:03:48.149,34.6,12.71,3.005,36105,124.33,73.49,1523,1177,1604,4554,ON
852,2026-05-25 15:03:48.649,34.6,12.71,3.002,36148,124.25,73.58,1525,1181,1606,4573,ON
853,2026-05-25 15:03:49.149,34.6,12.71,3.009,36190,124.16,73.66,1526,1184,1608,4587,ON
854,2026-05-25 15:03:49.649,34.6,12.72,2.999,36216,124.07,73.75,1528,1187,1611,4593,ON
855,2026-05-25 15:03:50.149,34.6,12.73,2.997,36246,123.98,73.84,1525,1188,1608,4563,ON
856,2026-05-25 15:03:50.649,34.6,12.74,3.011,36280,123.90,73.92,1525,1190,1608,4566,ON
857,2026-05-25 15:03:51.149,34.6,12.73,3.008,36310,123.81,74.01,1525,1192,1608,4567,ON
858,2026-05-25 15:03:51.649,34.6,12.72,3.008,36344,123.73,74.09,1526,1194,1610,4580,ON
859,2026-05-25 15:03:52.149,34.6,12.71,3.008,36380,123.64,74.18,1531,1199,1615,4633,ON
860,2026-05-25 15:03:52.649,34.6,12.72,2.997,36424,123.55,74.27,1535,1204,1619,4626,ON
861,2026-05-25 15:03:53.149,34.6,12.74,2.995,36476,123.47,74.35,1537,1207,1620,4633,ON
862,2026-05-25 15:03:53.649,34.6,12.74,3.002,36514,123.39,74.44,1539,1211,1621,4639,ON
863,2026-05-25 15:03:54.149,34.6,12.74,3.014,36546,123.30,74.52,1543,1214,1624,4607,ON
864,2026-05-25 15:03:54.649,34.6,12.74,2.999,36581,123.21,74.61,1545,1216,1625,4634,ON
865,2026-05-25 15:03:55.149,34.6,12.74,2.996,36625,123.13,74.69,1546,1219,1624,4656,ON
866,2026-05-25 15:03:55.649,34.6,12.75,2.991,36658,123.05,74.78,1548,1221,1626,4665,ON
867,2026-05-25 15:03:56.149,34.6,12.75,3.003,36696,122.96,74.86,1550,1224,1627,4678,ON
868,2026-05-25 15:03:56.649,34.6,12.75,2.999,36744,122.87,74.95,1551,1226,1627,4664,ON
869,2026-05-25 15:03:57.149,34.6,12.76,2.995,36801,122.78,75.04,1548,1224,1622,4602,ON
870,2026-05-25 15:03:57.649,34.6,12.77,2.996,36851,122.70,75.12,1548,1224,1621,4650,ON
871,2026-05-25 15:03:58.149,34.6,12.77,2.999,36890,122.62,75.21,1549,1225,1623,4637,ON
872,2026-05-25 15:03:58.649,34.6,12.78,2.995,36924,122.52,75.30,1552,1231,1625,4673,ON
873,2026-05-25 15:03:59.149,34.6,12.77,3.004,36961,122.44,75.38,1553,1235,1627,4682,ON
874,2026-05-25 15:03:59.649,34.6,12.77,2.990,36983,122.35,75.47,1554,1239,1630,4696,ON
875,2026-05-25 15:04:00.149,34.6,12.79,3.001,37013,122.27,75.55,1554,1242,1633,4711,ON
876,2026-05-25 15:04:00.649,34.6,12.77,2.996,37037,122.19,75.63,1555,1246,1634,4701,ON
877,2026-05-25 15:04:01.149,34.6,12.77,2.994,37077,122.10,75.72,1556,1250,1636,4711,ON
878,2026-05-25 15:04:01.649,34.6,12.78,2.989,37134,122.01,75.81,1558,1253,1638,4705,ON
879,2026-05-25 15:04:02.149,34.6,12.79,2.992,37178,121.92,75.90,1557,1257,1641,4722,ON
880,2026-05-25 15:04:02.649,34.6,12.80,2.986,37221,121.84,75.98,1560,1264,1646,4749,ON
881,2026-05-25 15:04:03.149,34.6,12.81,2.993,37254,121.75,76.07,1562,1268,1649,4762,ON
882,2026-05-25 15:04:03.649,34.6,12.80,3.003,37274,121.67,76.15,1563,1271,1651,4768,ON
883,2026-05-25 15:04:04.149,34.6,12.80,2.993,37295,121.58,76.24,1561,1270,1648,4731,ON
884,2026-05-25 15:04:04.649,34.6,12.81,2.985,37321,121.50,76.33,1558,1269,1643,4716,ON
885,2026-05-25 15:04:05.149,34.6,12.83,2.997,37347,121.41,76.41,1557,1270,1641,4730,ON
886,2026-05-25 15:04:05.649,34.6,12.81,2.991,37388,121.32,76.50,1563,1279,1651,4776,ON
887,2026-05-25 15:04:06.149,34.6,12.81,2.993,37420,121.24,76.58,1565,1284,1654,4762,ON
888,2026-05-25 15:04:06.649,34.6,12.81,2.992,37449,121.15,76.67,1564,1285,1653,4772,ON
889,2026-05-25 15:04:07.149,34.6,12.80,2.986,37490,121.06,76.76,1564,1287,1654,4820,ON
890,2026-05-25 15:04:07.649,34.6,12.81,2.989,37515,120.96,76.86,1567,1294,1659,4828,ON
891,2026-05-25 15:04:08.149,34.6,12.81,2.983,37547,120.88,76.95,1569,1299,1662,4823,ON
892,2026-05-25 15:04:08.649,34.6,12.83,2.981,37598,120.78,77.04,1567,1297,1658,4778,ON
893,2026-05-25 15:04:09.149,34.6,12.85,2.990,37646,120.70,77.12,1565,1296,1655,4784,ON
894,2026-05-25 15:04:09.649,34.6,12.84,2.993,37701,120.61,77.21,1566,1299,1655,4791,ON
895,2026-05-25 15:04:10.149,34.6,12.82,2.994,37759,120.53,77.29,1567,1302,1656,4757,ON
896,2026-05-25 15:04:10.649,34.5,12.81,2.996,37810,120.44,77.38,1567,1304,1657,4854,ON
897,2026-05-25 15:04:11.149,34.5,12.80,2.997,37841,120.35,77.47,1570,1308,1661,4867,ON
898,2026-05-25 15:04:11.649,34.5,12.80,2.987,37877,120.27,77.55,1573,1314,1664,4837,ON
899,2026-05-25 15:04:12.149,34.6,12.82,2.997,37899,120.18,77.64,1574,1317,1665,4868,ON
900,2026-05-25 15:04:12.649,34.6,12.82,2.989,37918,120.10,77.72,1575,1321,1667,4866,ON
901,2026-05-25 15:04:13.149,34.6,12.82,2.990,37940,120.01,77.81,1577,1325,1671,4848,ON
902,2026-05-25 15:04:13.649,34.6,12.81,3.000,37964,119.92,77.90,1577,1326,1671,4831,ON
903,2026-05-25 15:04:14.149,34.6,12.80,2.995,37991,119.84,77.99,1576,1328,1670,4823,ON
904,2026-05-25 15:04:14.649,34.6,12.80,2.985,38038,119.75,78.07,1579,1333,1673,4850,ON
905,2026-05-25 15:04:15.149,34.6,12.80,2.989,38100,119.67,78.16,1584,1341,1679,4888,ON
906,2026-05-25 15:04:15.649,34.6,12.81,2.977,38162,119.58,78.24,1586,1343,1680,4923,ON
907,2026-05-25 15:04:16.149,34.6,12.81,2.986,38216,119.50,78.32,1586,1346,1681,4920,ON
908,2026-05-25 15:04:16.649,34.6,12.82,2.992,38255,119.40,78.42,1585,1347,1679,4915,ON
909,2026-05-25 15:04:17.149,34.6,12.82,3.000,38293,119.32,78.50,1585,1349,1678,4893,ON
910,2026-05-25 15:04:17.649,34.6,12.80,2.999,38319,119.23,78.59,1586,1351,1679,4878,ON
911,2026-05-25 15:04:18.149,34.6,12.82,2.981,38344,119.15,78.67,1586,1354,1680,4860,ON
912,2026-05-25 15:04:18.649,34.6,12.83,2.993,38393,119.07,78.75,1583,1353,1677,4839,ON
913,2026-05-25 15:04:19.149,34.5,12.82,3.000,38442,118.98,78.84,1585,1357,1679,4921,ON
914,2026-05-25 15:04:19.649,34.5,12.82,2.984,38477,118.89,78.93,1587,1361,1681,4969,ON
915,2026-05-25 15:04:20.149,34.5,12.82,2.995,38526,118.81,79.01,1590,1367,1685,4955,ON
916,2026-05-25 15:04:20.649,34.5,12.81,2.992,38583,118.72,79.10,1589,1370,1684,4935,ON
917,2026-05-25 15:04:21.149,34.5,12.81,2.991,38625,118.64,79.18,1588,1371,1683,4918,ON
918,2026-05-25 15:04:21.649,34.6,12.81,3.004,38651,118.55,79.27,1592,1371,1682,4978,ON
919,2026-05-25 15:04:22.149,34.6,12.80,2.994,38667,118.46,79.36,1594,1378,1687,4947,ON
920,2026-05-25 15:04:22.649,34.5,12.80,2.996,38693,118.37,79.45,1593,1381,1688,4920,ON
921,2026-05-25 15:04:23.149,34.5,12.79,2.986,38725,118.30,79.53,1592,1382,1688,4908,ON
922,2026-05-25 15:04:23.649,34.5,12.81,2.998,38773,118.21,79.61,1591,1384,1686,4919,ON
923,2026-05-25 15:04:24.149,34.5,12.80,2.986,38813,118.12,79.70,1591,1386,1687,4995,ON
924,2026-05-25 15:04:24.649,34.5,12.80,2.991,38849,118.03,79.79,1595,1392,1691,4998,ON
925,2026-05-25 15:04:25.149,34.5,12.80,2.995,38896,117.92,79.90,1595,1395,1692,5019,ON
926,2026-05-25 15:04:25.649,34.5,12.80,2.995,38934,117.84,79.98,1596,1398,1692,4981,ON
927,2026-05-25 15:04:26.149,34.5,12.81,2.991,38965,117.76,80.06,1597,1401,1693,4967,ON
928,2026-05-25 15:04:26.649,34.5,12.81,3.002,38994,117.68,80.14,1600,1406,1697,4984,ON
929,2026-05-25 15:04:27.149,34.5,12.81,2.994,39050,117.59,80.24,1602,1411,1699,4985,ON
930,2026-05-25 15:04:27.649,34.6,12.81,2.982,39109,117.51,80.31,1604,1415,1702,5023,ON
931,2026-05-25 15:04:28.149,34.5,12.82,2.983,39170,117.42,80.40,1605,1419,1704,5041,ON
932,2026-05-25 15:04:28.649,34.5,12.81,2.997,39217,117.33,80.49,1606,1421,1704,5054,ON
933,2026-05-25 15:04:29.149,34.5,12.80,3.001,39253,117.25,80.58,1606,1424,1704,5043,ON
934,2026-05-25 15:04:29.649,34.5,12.79,2.993,39278,117.16,80.66,1606,1427,1703,5016,ON
935,2026-05-25 15:04:30.149,34.5,12.80,2.986,39318,117.07,80.75,1605,1427,1702,5012,ON
936,2026-05-25 15:04:30.649,34.5,12.81,2.993,39360,117.00,80.83,1605,1430,1703,5017,ON
937,2026-05-25 15:04:31.149,34.5,12.82,2.994,39410,116.91,80.91,1608,1437,1704,5049,ON
938,2026-05-25 15:04:31.649,34.5,12.81,2.991,39459,116.82,81.00,1608,1441,1704,5046,ON
939,2026-05-25 15:04:32.149,34.5,12.82,2.979,39498,116.73,81.09,1611,1447,1706,5088,ON
940,2026-05-25 15:04:32.649,34.5,12.84,2.981,39558,116.64,81.18,1614,1449,1709,5099,ON
941,2026-05-25 15:04:33.149,34.5,12.85,2.977,39602,116.56,81.26,1613,1450,1710,5066,ON
942,2026-05-25 15:04:33.649,34.5,12.84,3.003,39638,116.48,81.34,1614,1452,1711,5095,ON
943,2026-05-25 15:04:34.149,34.5,12.83,2.986,39672,116.38,81.44,1612,1452,1710,5091,ON
944,2026-05-25 15:04:34.649,34.5,12.84,2.983,39695,116.30,81.52,1610,1452,1707,5050,ON
945,2026-05-25 15:04:35.149,34.5,12.84,2.985,39724,116.21,81.61,1608,1451,1705,5043,ON
946,2026-05-25 15:04:35.649,34.5,12.84,2.978,39745,116.13,81.69,1608,1454,1706,5064,ON
947,2026-05-25 15:04:36.149,34.5,12.85,2.987,39785,116.04,81.78,1615,1465,1714,5120,ON
948,2026-05-25 15:04:36.649,34.5,12.84,2.993,39818,115.96,81.86,1618,1471,1718,5124,ON
949,2026-05-25 15:04:37.149,34.5,12.83,2.992,39855,115.87,81.95,1620,1475,1719,5134,ON
950,2026-05-25 15:04:37.649,34.5,12.83,2.986,39896,115.79,82.03,1621,1478,1720,5145,ON
951,2026-05-25 15:04:38.149,34.5,12.83,2.986,39921,115.70,82.12,1621,1481,1722,5132,ON
952,2026-05-25 15:04:38.649,34.5,12.84,2.985,39964,115.61,82.21,1621,1483,1722,5127,ON
953,2026-05-25 15:04:39.149,34.5,12.85,2.979,40027,115.52,82.30,1621,1486,1722,5130,ON
954,2026-05-25 15:04:39.649,34.5,12.86,2.992,40072,115.44,82.38,1622,1489,1722,5137,ON
955,2026-05-25 15:04:40.149,34.5,12.84,2.990,40118,115.35,82.47,1622,1491,1721,5140,ON
956,2026-05-25 15:04:40.649,34.5,12.84,2.987,40146,115.26,82.56,1622,1492,1721,5169,ON
957,2026-05-25 15:04:41.149,34.5,12.84,2.991,40163,115.18,82.64,1622,1494,1720,5157,ON
958,2026-05-25 15:04:41.649,34.5,12.85,2.973,40184,115.08,82.75,1622,1497,1719,5145,ON
959,2026-05-25 15:04:42.149,34.5,12.87,2.984,40215,114.99,82.83,1622,1498,1719,5167,ON
960,2026-05-25 15:04:42.649,34.5,12.86,2.987,40260,114.90,82.92,1623,1501,1720,5183,ON
961,2026-05-25 15:04:43.149,34.5,12.85,2.994,40305,114.82,83.01,1625,1506,1722,5202,ON
962,2026-05-25 15:04:43.649,34.5,12.85,2.975,40351,114.73,83.09,1629,1515,1728,5203,ON
963,2026-05-25 15:04:44.149,34.5,12.87,2.993,40386,114.65,83.17,1631,1520,1732,5225,ON
964,2026-05-25 15:04:44.649,34.5,12.86,2.987,40419,114.56,83.26,1631,1523,1735,5238,ON
965,2026-05-25 15:04:45.149,34.5,12.85,2.981,40445,114.47,83.35,1634,1528,1738,5218,ON
966,2026-05-25 15:04:45.649,34.5,12.84,2.995,40483,114.39,83.43,1634,1531,1740,5245,ON
967,2026-05-25 15:04:46.149,34.5,12.83,2.993,40533,114.30,83.52,1636,1535,1742,5260,ON
968,2026-05-25 15:04:46.649,34.5,12.83,2.992,40581,114.22,83.60,1637,1538,1745,5259,ON
969,2026-05-25 15:04:47.149,34.5,12.83,2.990,40618,114.13,83.69,1635,1539,1744,5234,ON
970,2026-05-25 15:04:47.649,34.5,12.83,2.990,40662,114.04,83.78,1635,1541,1745,5253,ON
971,2026-05-25 15:04:48.149,34.5,12.83,2.989,40716,113.96,83.86,1635,1544,1748,5248,ON
972,2026-05-25 15:04:48.649,34.5,12.83,2.990,40748,113.87,83.95,1635,1546,1749,5224,ON
973,2026-05-25 15:04:49.149,34.5,12.82,2.990,40768,113.79,84.03,1636,1548,1750,5265,ON
974,2026-05-25 15:04:49.649,34.5,12.82,2.988,40780,113.71,84.11,1637,1552,1753,5290,ON
975,2026-05-25 15:04:50.149,34.5,12.83,2.982,40788,113.62,84.20,1640,1557,1757,5299,ON
976,2026-05-25 15:04:50.649,34.5,12.84,2.970,40808,113.53,84.29,1641,1561,1758,5301,ON
977,2026-05-25 15:04:51.149,34.5,12.86,2.978,40833,113.45,84.37,1642,1566,1759,5294,ON
978,2026-05-25 15:04:51.649,34.5,12.87,2.987,40867,113.35,84.47,1642,1568,1759,5285,ON
979,2026-05-25 15:04:52.149,34.5,12.85,2.991,40907,113.27,84.55,1642,1569,1758,5273,ON
980,2026-05-25 15:04:52.649,34.5,12.84,2.983,40962,113.18,84.64,1644,1575,1758,5297,ON
981,2026-05-25 15:04:53.149,34.5,12.85,2.981,41004,113.10,84.72,1646,1580,1759,5317,ON
982,2026-05-25 15:04:53.649,34.5,12.86,2.979,41040,113.02,84.80,1647,1584,1759,5326,ON
983,2026-05-25 15:04:54.149,34.5,12.87,2.995,41069,112.93,84.89,1648,1587,1760,5349,ON
984,2026-05-25 15:04:54.649,34.5,12.87,2.983,41098,112.84,84.98,1649,1592,1762,5348,ON
985,2026-05-25 15:04:55.149,34.5,12.86,2.979,41172,112.76,85.06,1649,1594,1762,5336,ON
986,2026-05-25 15:04:55.649,34.5,12.87,2.977,41232,112.67,85.15,1650,1598,1763,5350,ON
987,2026-05-25 15:04:56.149,34.5,12.88,2.987,41269,112.59,85.23,1651,1601,1765,5317,ON
988,2026-05-25 15:04:56.649,34.5,12.87,2.982,41303,112.50,85.32,1650,1602,1760,5320,ON
989,2026-05-25 15:04:57.149,34.5,12.87,2.988,41343,112.42,85.40,1652,1608,1761,5349,ON
990,2026-05-25 15:04:57.649,34.5,12.87,2.985,41368,112.32,85.50,1655,1613,1765,5369,ON
