SampleIndex,Timestamp,Temp,pH,Volt,EC,Weight,Weightloss,R,G,B,C,RelayStatus
0,2026-05-19 16:28:55.982,32.0,0.94,4.694,3793,203.26,0.27,1259,2009,1528,5250,ON
1,2026-05-19 16:28:56.482,32.0,0.96,4.684,3775,203.17,0.35,1260,2012,1529,5323,ON
2,2026-05-19 16:28:56.982,32.0,0.98,4.705,3746,203.08,0.45,1263,2013,1530,5185,ON
3,2026-05-19 16:28:57.482,32.0,1.00,4.674,3709,202.99,0.54,1260,2011,1529,5212,ON
4,2026-05-19 16:28:57.982,32.0,1.03,4.703,3665,202.90,0.62,1260,2013,1530,5230,ON
5,2026-05-19 16:28:58.482,32.0,1.05,4.692,3618,202.82,0.71,1260,2013,1530,5213,ON
6,2026-05-19 16:28:58.982,32.0,1.07,4.685,3570,202.74,0.79,1265,2019,1535,5299,ON
7,2026-05-19 16:28:59.482,32.0,1.09,4.680,3518,202.65,0.88,1269,2025,1540,5277,ON
8,2026-05-19 16:28:59.982,32.0,1.11,4.675,3465,202.56,0.96,1265,2020,1536,5214,ON
9,2026-05-19 16:29:00.482,32.0,1.13,4.670,3418,202.48,1.05,1257,2007,1527,5172,ON
10,2026-05-19 16:29:00.982,32.0,1.14,4.656,3376,202.39,1.14,1256,2004,1525,5222,ON
11,2026-05-19 16:29:01.482,32.0,1.18,4.658,3336,202.30,1.22,1265,2018,1534,5303,ON
12,2026-05-19 16:29:01.982,32.1,1.21,4.664,3297,202.22,1.31,1272,2029,1543,5305,ON
13,2026-05-19 16:29:02.482,32.1,1.21,4.685,3259,202.13,1.40,1274,2034,1546,5132,ON
14,2026-05-19 16:29:02.982,32.1,1.19,4.666,3223,202.05,1.48,1266,2020,1536,5198,ON
15,2026-05-19 16:29:03.482,32.1,1.22,4.666,3191,201.96,1.57,1261,2010,1528,5252,ON
16,2026-05-19 16:29:03.982,32.1,1.25,4.664,3162,201.87,1.65,1265,2016,1533,5304,ON
17,2026-05-19 16:29:04.482,32.1,1.26,4.665,3136,201.79,1.74,1271,2026,1540,5264,ON
18,2026-05-19 16:29:04.982,32.1,1.26,4.649,3114,201.69,1.83,1269,2025,1540,5210,ON
19,2026-05-19 16:29:05.482,32.1,1.27,4.661,3095,201.61,1.92,1263,2015,1533,5170,ON
20,2026-05-19 16:29:05.982,32.1,1.27,4.667,3078,201.53,2.00,1257,2006,1527,5220,ON
21,2026-05-19 16:29:06.482,32.1,1.26,4.665,3067,201.44,2.09,1268,2021,1537,5264,ON
22,2026-05-19 16:29:06.982,32.1,1.27,4.672,3057,201.36,2.17,1267,2018,1535,5211,ON
23,2026-05-19 16:29:07.482,32.1,1.25,4.655,3051,201.27,2.26,1263,2011,1530,5291,ON
24,2026-05-19 16:29:07.982,32.1,1.29,4.648,3046,201.18,2.35,1263,2016,1533,5227,ON
25,2026-05-19 16:29:08.482,32.2,1.32,4.643,3044,201.09,2.43,1266,2020,1537,5265,ON
26,2026-05-19 16:29:08.982,32.2,1.33,4.659,3042,201.01,2.51,1271,2027,1541,5259,ON
27,2026-05-19 16:29:09.482,32.2,1.32,4.627,3042,200.92,2.61,1273,2029,1543,5196,ON
28,2026-05-19 16:29:09.982,32.2,1.36,4.638,3045,200.84,2.69,1266,2021,1537,5219,ON
29,2026-05-19 16:29:10.482,32.2,1.39,4.647,3049,200.75,2.78,1267,2023,1539,5285,ON
30,2026-05-19 16:29:10.982,32.2,1.40,4.645,3055,200.66,2.86,1271,2029,1543,5325,ON
31,2026-05-19 16:29:11.482,32.2,1.41,4.636,3062,200.58,2.95,1280,2040,1551,5293,ON
32,2026-05-19 16:29:11.982,32.2,1.44,4.636,3070,200.50,3.03,1280,2042,1551,5327,ON
33,2026-05-19 16:29:12.482,32.2,1.45,4.640,3080,200.41,3.11,1276,2043,1546,5244,ON
34,2026-05-19 16:29:12.982,32.2,1.45,4.642,3091,200.32,3.20,1270,2044,1551,5225,ON
35,2026-05-19 16:29:13.482,32.2,1.48,4.624,3105,200.24,3.29,1276,2046,1557,5354,ON
36,2026-05-19 16:29:13.982,32.2,1.52,4.624,3120,200.15,3.38,1279,2045,1555,5184,ON
37,2026-05-19 16:29:14.482,32.2,1.54,4.618,3134,200.05,3.48,1270,2026,1540,5232,ON
38,2026-05-19 16:29:14.982,32.3,1.54,4.637,3148,199.96,3.57,1265,2019,1536,5214,ON
39,2026-05-19 16:29:15.482,32.3,1.52,4.640,3164,199.87,3.65,1267,2022,1538,5278,ON
40,2026-05-19 16:29:15.982,32.3,1.53,4.623,3183,199.79,3.74,1278,2039,1551,5353,ON
41,2026-05-19 16:29:16.482,32.3,1.56,4.634,3203,199.71,3.82,1285,2047,1556,5276,ON
42,2026-05-19 16:29:16.982,32.3,1.58,4.621,3223,199.62,3.91,1281,2040,1551,5234,ON
43,2026-05-19 16:29:17.482,32.3,1.59,4.620,3242,199.52,4.00,1273,2029,1543,5301,ON
44,2026-05-19 16:29:17.982,32.3,1.59,4.617,3262,199.45,4.08,1272,2031,1545,5330,ON
45,2026-05-19 16:29:18.482,32.3,1.59,4.613,3284,199.36,4.17,1277,2036,1549,5346,ON
46,2026-05-19 16:29:18.982,32.3,1.61,4.609,3307,199.28,4.25,1284,2046,1555,5364,ON
47,2026-05-19 16:29:19.482,32.4,1.65,4.609,3330,199.18,4.34,1287,2048,1557,5305,ON
48,2026-05-19 16:29:19.982,32.4,1.70,4.600,3355,199.10,4.42,1284,2046,1555,5220,ON
49,2026-05-19 16:29:20.482,32.4,1.73,4.607,3378,199.01,4.51,1277,2035,1548,5252,ON
50,2026-05-19 16:29:20.982,32.4,1.73,4.595,3405,198.93,4.60,1273,2030,1543,5340,ON
51,2026-05-19 16:29:21.482,32.4,1.74,4.590,3434,198.84,4.68,1282,2043,1553,5411,ON
52,2026-05-19 16:29:21.982,32.4,1.75,4.596,3461,198.76,4.77,1286,2051,1559,5353,ON
53,2026-05-19 16:29:22.482,32.4,1.76,4.577,3487,198.67,4.85,1283,2048,1557,5289,ON
54,2026-05-19 16:29:22.982,32.4,1.78,4.587,3512,198.58,4.95,1279,2042,1553,5216,ON
55,2026-05-19 16:29:23.482,32.4,1.79,4.588,3541,198.49,5.04,1284,2048,1557,5295,ON
56,2026-05-19 16:29:23.982,32.4,1.80,4.585,3569,198.41,5.11,1285,2044,1553,5372,ON
57,2026-05-19 16:29:24.482,32.4,1.82,4.602,3596,198.33,5.20,1286,2047,1556,5300,ON
58,2026-05-19 16:29:24.982,32.4,1.81,4.599,3625,198.24,5.29,1282,2044,1555,5256,ON
59,2026-05-19 16:29:25.482,32.4,1.80,4.587,3653,198.15,5.37,1279,2038,1550,5264,ON
60,2026-05-19 16:29:25.982,32.4,1.82,4.581,3680,198.06,5.47,1280,2040,1551,5373,ON
61,2026-05-19 16:29:26.482,32.4,1.84,4.577,3705,197.98,5.55,1291,2054,1561,5360,ON
62,2026-05-19 16:29:26.982,32.5,1.85,4.589,3733,197.89,5.64,1294,2059,1564,5395,ON
63,2026-05-19 16:29:27.482,32.5,1.85,4.586,3757,197.81,5.72,1284,2047,1557,5210,ON
64,2026-05-19 16:29:27.982,32.5,1.86,4.587,3784,197.72,5.81,1274,2031,1545,5246,ON
65,2026-05-19 16:29:28.482,32.5,1.88,4.581,3810,197.63,5.90,1275,2032,1544,5380,ON
66,2026-05-19 16:29:28.982,32.5,1.89,4.576,3836,197.55,5.98,1287,2050,1557,5378,ON
67,2026-05-19 16:29:29.482,32.5,1.90,4.589,3866,197.46,6.07,1294,2060,1565,5351,ON
68,2026-05-19 16:29:29.982,32.5,1.91,4.580,3898,197.38,6.15,1293,2061,1567,5280,ON
69,2026-05-19 16:29:30.482,32.6,1.91,4.574,3929,197.29,6.23,1283,2046,1556,5222,ON
70,2026-05-19 16:29:30.982,32.6,1.95,4.539,3963,197.21,6.32,1273,2031,1545,5363,ON
71,2026-05-19 16:29:31.482,32.6,1.97,4.571,4000,197.12,6.41,1287,2051,1556,5435,ON
72,2026-05-19 16:29:31.982,32.6,1.98,4.569,4035,197.03,6.49,1294,2065,1561,5267,ON
73,2026-05-19 16:29:32.482,32.6,1.99,4.552,4067,196.94,6.58,1285,2051,1556,5314,ON
74,2026-05-19 16:29:32.982,32.6,1.99,4.576,4099,196.86,6.67,1282,2047,1555,5399,ON
75,2026-05-19 16:29:33.482,32.6,1.98,4.567,4126,196.77,6.75,1293,2063,1567,5354,ON
76,2026-05-19 16:29:33.982,32.6,1.98,4.560,4155,196.68,6.84,1299,2070,1573,5393,ON
77,2026-05-19 16:29:34.482,32.6,1.97,4.576,4185,196.60,6.93,1297,2066,1570,5299,ON
78,2026-05-19 16:29:34.982,32.6,1.97,4.581,4215,196.51,7.02,1290,2055,1562,5272,ON
79,2026-05-19 16:29:35.482,32.6,1.96,4.576,4243,196.43,7.10,1287,2049,1558,5300,ON
80,2026-05-19 16:29:35.982,32.6,1.96,4.575,4276,196.34,7.18,1289,2053,1560,5394,ON
81,2026-05-19 16:29:36.482,32.6,1.97,4.569,4308,196.26,7.27,1298,2064,1568,5400,ON
82,2026-05-19 16:29:36.982,32.6,2.00,4.563,4339,196.17,7.36,1305,2076,1577,5440,ON
83,2026-05-19 16:29:37.482,32.7,2.02,4.556,4373,196.09,7.44,1301,2072,1574,5308,ON
84,2026-05-19 16:29:37.982,32.7,2.04,4.523,4410,195.99,7.54,1291,2057,1564,5313,ON
85,2026-05-19 16:29:38.482,32.7,2.08,4.554,4444,195.91,7.62,1284,2045,1556,5356,ON
86,2026-05-19 16:29:38.982,32.7,2.09,4.546,4480,195.83,7.70,1292,2056,1563,5424,ON
87,2026-05-19 16:29:39.482,32.7,2.11,4.563,4513,195.73,7.79,1298,2066,1570,5402,ON
88,2026-05-19 16:29:39.982,32.7,2.10,4.522,4543,195.65,7.87,1300,2071,1574,5405,ON
89,2026-05-19 16:29:40.482,32.7,2.15,4.532,4574,195.56,7.97,1297,2066,1570,5320,ON
90,2026-05-19 16:29:40.982,32.7,2.18,4.546,4603,195.48,8.05,1290,2056,1563,5280,ON
91,2026-05-19 16:29:41.482,32.7,2.18,4.560,4633,195.39,8.14,1292,2056,1563,5368,ON
92,2026-05-19 16:29:41.982,32.7,2.17,4.535,4663,195.31,8.22,1299,2060,1564,5481,ON
93,2026-05-19 16:29:42.482,32.7,2.19,4.546,4691,195.22,8.31,1297,2056,1561,5422,ON
94,2026-05-19 16:29:42.982,32.7,2.19,4.542,4723,195.13,8.40,1292,2055,1562,5314,ON
95,2026-05-19 16:29:43.482,32.8,2.17,4.550,4758,195.05,8.48,1293,2061,1568,5322,ON
96,2026-05-19 16:29:43.982,32.8,2.17,4.539,4794,194.94,8.58,1302,2073,1575,5398,ON
97,2026-05-19 16:29:44.482,32.8,2.19,4.544,4828,194.86,8.67,1305,2075,1576,5422,ON
98,2026-05-19 16:29:44.982,32.8,2.20,4.546,4864,194.77,8.76,1303,2073,1575,5400,ON
99,2026-05-19 16:29:45.482,32.8,2.20,4.556,4895,194.69,8.84,1298,2064,1569,5327,ON
100,2026-05-19 16:29:45.982,32.8,2.21,4.525,4926,194.60,8.93,1290,2058,1565,5348,ON
101,2026-05-19 16:29:46.482,32.8,2.26,4.532,4955,194.52,9.01,1296,2063,1568,5394,ON
102,2026-05-19 16:29:46.982,32.8,2.27,4.532,4987,194.43,9.10,1302,2070,1572,5458,ON
103,2026-05-19 16:29:47.482,32.8,2.25,4.543,5021,194.34,9.19,1305,2078,1580,5434,ON
104,2026-05-19 16:29:47.982,32.8,2.23,4.537,5054,194.25,9.27,1300,2072,1575,5347,ON
105,2026-05-19 16:29:48.482,32.8,2.23,4.531,5087,194.17,9.35,1295,2064,1569,5348,ON
106,2026-05-19 16:29:48.982,32.8,2.25,4.530,5117,194.09,9.44,1297,2067,1572,5412,ON
107,2026-05-19 16:29:49.482,32.9,2.27,4.529,5148,194.00,9.53,1304,2079,1580,5441,ON
108,2026-05-19 16:29:49.982,32.9,2.29,4.544,5184,193.91,9.61,1311,2089,1587,5439,ON
109,2026-05-19 16:29:50.482,32.9,2.32,4.524,5223,193.82,9.70,1310,2086,1586,5386,ON
110,2026-05-19 16:29:50.982,32.9,2.32,4.529,5257,193.74,9.79,1302,2073,1576,5298,ON
111,2026-05-19 16:29:51.482,32.9,2.33,4.523,5288,193.66,9.87,1291,2055,1562,5415,ON
112,2026-05-19 16:29:51.982,32.9,2.33,4.536,5319,193.57,9.96,1300,2068,1572,5478,ON
113,2026-05-19 16:29:52.482,32.9,2.30,4.525,5349,193.48,10.05,1306,2078,1577,5399,ON
114,2026-05-19 16:29:52.982,32.9,2.32,4.525,5377,193.40,10.13,1308,2068,1569,5305,ON
115,2026-05-19 16:29:53.482,32.9,2.33,4.522,5405,193.31,10.21,1300,2058,1563,5365,ON
116,2026-05-19 16:29:53.982,32.9,2.34,4.484,5434,193.23,10.30,1305,2070,1573,5461,ON
117,2026-05-19 16:29:54.482,32.9,2.38,4.502,5466,193.14,10.39,1313,2087,1585,5470,ON
118,2026-05-19 16:29:54.982,32.9,2.38,4.514,5505,193.05,10.47,1319,2097,1593,5448,ON
119,2026-05-19 16:29:55.482,32.9,2.39,4.509,5537,192.96,10.57,1316,2094,1590,5414,ON
120,2026-05-19 16:29:55.982,32.9,2.41,4.504,5566,192.88,10.65,1307,2079,1579,5323,ON
121,2026-05-19 16:29:56.482,33.0,2.43,4.492,5596,192.79,10.74,1302,2072,1575,5410,ON
122,2026-05-19 16:29:56.982,33.0,2.46,4.507,5628,192.70,10.82,1307,2081,1581,5462,ON
123,2026-05-19 16:29:57.482,33.0,2.45,4.518,5663,192.62,10.91,1314,2091,1588,5458,ON
124,2026-05-19 16:29:57.982,33.0,2.45,4.503,5696,192.54,10.99,1318,2095,1591,5386,ON
125,2026-05-19 16:29:58.482,33.0,2.48,4.501,5727,192.45,11.08,1311,2085,1584,5400,ON
126,2026-05-19 16:29:58.982,33.0,2.50,4.502,5754,192.36,11.17,1307,2081,1581,5390,ON
127,2026-05-19 16:29:59.482,33.0,2.49,4.492,5787,192.28,11.25,1304,2076,1579,5427,ON
128,2026-05-19 16:29:59.982,33.0,2.50,4.495,5818,192.19,11.34,1307,2080,1580,5454,ON
129,2026-05-19 16:30:00.482,33.0,2.50,4.501,5850,192.10,11.42,1313,2089,1586,5485,ON
130,2026-05-19 16:30:00.982,33.0,2.51,4.501,5882,192.02,11.51,1318,2097,1592,5462,ON
131,2026-05-19 16:30:01.482,33.0,2.53,4.488,5917,191.93,11.60,1315,2091,1588,5392,ON
132,2026-05-19 16:30:01.982,33.1,2.56,4.493,5951,191.85,11.68,1310,2082,1581,5466,ON
133,2026-05-19 16:30:02.482,33.1,2.55,4.506,5984,191.76,11.77,1310,2084,1584,5422,ON
134,2026-05-19 16:30:02.982,33.1,2.56,4.477,6018,191.67,11.86,1315,2092,1589,5476,ON
135,2026-05-19 16:30:03.482,33.1,2.58,4.493,6056,191.59,11.94,1319,2097,1592,5452,ON
136,2026-05-19 16:30:03.982,33.1,2.59,4.492,6091,191.50,12.03,1318,2093,1588,5346,ON
137,2026-05-19 16:30:04.482,33.1,2.58,4.498,6127,191.42,12.11,1308,2078,1579,5308,ON
138,2026-05-19 16:30:04.982,33.1,2.57,4.482,6162,191.33,12.20,1310,2081,1582,5434,ON
139,2026-05-19 16:30:05.482,33.1,2.60,4.475,6195,191.24,12.29,1315,2090,1590,5513,ON
140,2026-05-19 16:30:05.982,33.1,2.62,4.478,6232,191.16,12.37,1323,2095,1594,5520,ON
141,2026-05-19 16:30:06.482,33.1,2.64,4.475,6266,191.07,12.46,1318,2084,1586,5417,ON
142,2026-05-19 16:30:06.982,33.2,2.65,4.482,6299,190.98,12.54,1314,2084,1585,5468,ON
143,2026-05-19 16:30:07.482,33.2,2.65,4.485,6331,190.90,12.63,1320,2096,1592,5480,ON
144,2026-05-19 16:30:07.982,33.2,2.65,4.485,6365,190.81,12.71,1325,2103,1597,5458,ON
145,2026-05-19 16:30:08.482,33.2,2.67,4.453,6398,190.72,12.81,1323,2102,1595,5462,ON
146,2026-05-19 16:30:08.982,33.2,2.69,4.474,6435,190.64,12.89,1315,2092,1589,5371,ON
147,2026-05-19 16:30:09.482,33.2,2.70,4.469,6473,190.55,12.97,1310,2086,1585,5413,ON
148,2026-05-19 16:30:09.982,33.2,2.72,4.460,6508,190.46,13.06,1317,2095,1591,5482,ON
149,2026-05-19 16:30:10.482,33.2,2.75,4.455,6539,190.38,13.14,1324,2106,1599,5496,ON
150,2026-05-19 16:30:10.982,33.2,2.75,4.469,6571,190.29,13.24,1328,2111,1604,5424,ON
151,2026-05-19 16:30:11.482,33.2,2.74,4.479,6603,190.21,13.32,1317,2097,1594,5407,ON
152,2026-05-19 16:30:11.982,33.2,2.74,4.470,6633,190.12,13.41,1314,2102,1597,5416,ON
153,2026-05-19 16:30:12.482,33.2,2.75,4.466,6665,190.04,13.49,1320,2108,1601,5467,ON
154,2026-05-19 16:30:12.982,33.2,2.77,4.458,6695,189.95,13.58,1322,2105,1599,5487,ON
155,2026-05-19 16:30:13.482,33.2,2.79,4.452,6724,189.86,13.67,1317,2095,1592,5423,ON
156,2026-05-19 16:30:13.982,33.2,2.80,4.460,6753,189.77,13.76,1313,2089,1588,5495,ON
157,2026-05-19 16:30:14.482,33.2,2.81,4.455,6782,189.69,13.84,1321,2100,1595,5490,ON
158,2026-05-19 16:30:14.982,33.2,2.82,4.458,6815,189.60,13.93,1327,2108,1602,5517,ON
159,2026-05-19 16:30:15.482,33.2,2.84,4.444,6851,189.50,14.03,1330,2112,1604,5475,ON
160,2026-05-19 16:30:15.982,33.2,2.84,4.463,6886,189.42,14.11,1324,2102,1597,5384,ON
161,2026-05-19 16:30:16.482,33.3,2.83,4.450,6924,189.33,14.20,1316,2092,1590,5413,ON
162,2026-05-19 16:30:16.982,33.3,2.83,4.460,6962,189.24,14.28,1322,2100,1596,5505,ON
163,2026-05-19 16:30:17.482,33.3,2.84,4.441,6995,189.15,14.37,1327,2108,1602,5574,ON
164,2026-05-19 16:30:17.982,33.3,2.89,4.428,7027,189.07,14.45,1331,2113,1605,5463,ON
165,2026-05-19 16:30:18.482,33.3,2.90,4.451,7059,188.99,14.54,1328,2107,1600,5521,ON
166,2026-05-19 16:30:18.982,33.3,2.91,4.447,7093,188.89,14.64,1322,2101,1596,5437,ON
167,2026-05-19 16:30:19.482,33.3,2.92,4.431,7130,188.81,14.71,1319,2097,1594,5446,ON
168,2026-05-19 16:30:19.982,33.3,2.97,4.444,7168,188.72,14.81,1320,2096,1593,5474,ON
169,2026-05-19 16:30:20.482,33.3,2.97,4.435,7201,188.64,14.89,1326,2106,1600,5526,ON
170,2026-05-19 16:30:20.982,33.4,2.99,4.436,7233,188.55,14.97,1335,2119,1610,5512,ON
171,2026-05-19 16:30:21.482,33.4,3.00,4.446,7268,188.47,15.06,1331,2115,1607,5455,ON
172,2026-05-19 16:30:21.982,33.4,2.99,4.445,7308,188.38,15.15,1332,2116,1607,5522,ON
173,2026-05-19 16:30:22.482,33.4,3.00,4.409,7343,188.30,15.23,1334,2119,1610,5570,ON
174,2026-05-19 16:30:22.982,33.4,3.05,4.415,7373,188.20,15.32,1335,2120,1610,5510,ON
175,2026-05-19 16:30:23.482,33.4,3.08,4.415,7405,188.12,15.41,1328,2109,1602,5391,ON
176,2026-05-19 16:30:23.982,33.4,3.06,4.428,7441,188.03,15.50,1318,2094,1592,5398,ON
177,2026-05-19 16:30:24.482,33.4,3.06,4.417,7473,187.95,15.58,1311,2085,1585,5471,ON
178,2026-05-19 16:30:24.982,33.4,3.06,4.436,7504,187.86,15.66,1321,2098,1595,5504,ON
179,2026-05-19 16:30:25.482,33.4,3.07,4.425,7534,187.77,15.75,1330,2111,1603,5548,ON
180,2026-05-19 16:30:25.982,33.4,3.07,4.439,7562,187.69,15.84,1336,2122,1612,5495,ON
181,2026-05-19 16:30:26.482,33.4,3.05,4.436,7593,187.59,15.93,1335,2120,1611,5442,ON
182,2026-05-19 16:30:26.982,33.5,3.05,4.418,7622,187.52,16.01,1332,2117,1609,5495,ON
183,2026-05-19 16:30:27.482,33.5,3.09,4.425,7644,187.43,16.09,1330,2115,1608,5553,ON
184,2026-05-19 16:30:27.982,33.5,3.09,4.414,7665,187.34,16.18,1333,2119,1612,5565,ON
185,2026-05-19 16:30:28.482,33.5,3.12,4.394,7689,187.26,16.27,1338,2124,1614,5546,ON
186,2026-05-19 16:30:28.982,33.5,3.16,4.405,7720,187.17,16.35,1339,2125,1615,5539,ON
187,2026-05-19 16:30:29.482,33.5,3.19,4.409,7755,187.08,16.44,1329,2112,1605,5427,ON
188,2026-05-19 16:30:29.982,33.5,3.20,4.416,7792,187.00,16.53,1323,2104,1599,5452,ON
189,2026-05-19 16:30:30.482,33.5,3.19,4.401,7831,186.91,16.62,1327,2109,1607,5509,ON
190,2026-05-19 16:30:30.982,33.5,3.18,4.410,7872,186.83,16.70,1333,2119,1616,5440,ON
191,2026-05-19 16:30:31.482,33.5,3.20,4.415,7908,186.74,16.79,1332,2111,1606,5526,ON
192,2026-05-19 16:30:31.982,33.5,3.23,4.394,7947,186.65,16.88,1329,2106,1601,5504,ON
193,2026-05-19 16:30:32.482,33.5,3.25,4.407,7988,186.57,16.96,1333,2116,1608,5545,ON
194,2026-05-19 16:30:32.982,33.5,3.25,4.405,8029,186.48,17.05,1343,2132,1620,5590,ON
195,2026-05-19 16:30:33.482,33.5,3.26,4.384,8062,186.39,17.13,1348,2140,1626,5556,ON
196,2026-05-19 16:30:33.982,33.5,3.29,4.404,8094,186.31,17.22,1344,2135,1622,5524,ON
197,2026-05-19 16:30:34.482,33.6,3.28,4.388,8132,186.22,17.31,1338,2125,1615,5525,ON
198,2026-05-19 16:30:34.982,33.6,3.29,4.395,8172,186.13,17.39,1338,2124,1614,5607,ON
199,2026-05-19 16:30:35.482,33.6,3.29,4.389,8217,186.05,17.48,1347,2137,1624,5627,ON
200,2026-05-19 16:30:35.982,33.6,3.31,4.409,8258,185.97,17.56,1347,2139,1625,5495,ON
201,2026-05-19 16:30:36.482,33.6,3.32,4.391,8296,185.87,17.65,1339,2127,1616,5407,ON
202,2026-05-19 16:30:36.982,33.6,3.34,4.384,8331,185.79,17.74,1337,2123,1613,5508,ON
203,2026-05-19 16:30:37.482,33.6,3.37,4.374,8373,185.70,17.83,1339,2126,1615,5534,ON
204,2026-05-19 16:30:37.982,33.6,3.39,4.384,8411,185.62,17.91,1341,2127,1617,5535,ON
205,2026-05-19 16:30:38.482,33.6,3.40,4.373,8442,185.53,18.00,1344,2132,1620,5534,ON
206,2026-05-19 16:30:38.982,33.6,3.42,4.371,8472,185.44,18.09,1342,2129,1618,5555,ON
207,2026-05-19 16:30:39.482,33.6,3.43,4.383,8508,185.35,18.17,1336,2118,1609,5494,ON
208,2026-05-19 16:30:39.982,33.6,3.43,4.369,8546,185.27,18.26,1336,2118,1609,5612,ON
209,2026-05-19 16:30:40.482,33.6,3.44,4.376,8580,185.18,18.35,1348,2136,1623,5660,ON
210,2026-05-19 16:30:40.982,33.6,3.45,4.372,8614,185.10,18.43,1353,2137,1623,5541,ON
211,2026-05-19 16:30:41.482,33.7,3.43,4.395,8652,185.01,18.52,1346,2127,1616,5473,ON
212,2026-05-19 16:30:41.982,33.7,3.39,4.388,8691,184.93,18.60,1343,2130,1618,5485,ON
213,2026-05-19 16:30:42.482,33.7,3.39,4.384,8724,184.85,18.68,1350,2142,1627,5578,ON
214,2026-05-19 16:30:42.982,33.7,3.40,4.365,8755,184.75,18.77,1353,2144,1628,5542,ON
215,2026-05-19 16:30:43.482,33.7,3.44,4.364,8784,184.67,18.86,1348,2139,1625,5477,ON
216,2026-05-19 16:30:43.982,33.7,3.46,4.374,8821,184.58,18.94,1340,2127,1617,5539,ON
217,2026-05-19 16:30:44.482,33.7,3.47,4.377,8857,184.49,19.03,1341,2127,1617,5577,ON
218,2026-05-19 16:30:44.982,33.7,3.47,4.383,8893,184.41,19.12,1352,2142,1627,5686,ON
219,2026-05-19 16:30:45.482,33.7,3.46,4.371,8927,184.32,19.20,1359,2153,1635,5629,ON
220,2026-05-19 16:30:45.982,33.7,3.48,4.367,8961,184.22,19.31,1354,2148,1632,5557,ON
221,2026-05-19 16:30:46.482,33.7,3.50,4.360,8994,184.14,19.39,1349,2140,1626,5494,ON
222,2026-05-19 16:30:46.982,33.7,3.50,4.370,9025,184.06,19.47,1347,2136,1623,5559,ON
223,2026-05-19 16:30:47.482,33.7,3.50,4.368,9053,183.96,19.56,1352,2145,1629,5601,ON
224,2026-05-19 16:30:47.982,33.7,3.50,4.379,9081,183.88,19.65,1357,2152,1635,5625,ON
225,2026-05-19 16:30:48.482,33.7,3.49,4.375,9113,183.79,19.73,1359,2155,1638,5575,ON
226,2026-05-19 16:30:48.982,33.7,3.51,4.360,9146,183.70,19.83,1352,2143,1628,5520,ON
227,2026-05-19 16:30:49.482,33.7,3.54,4.361,9174,183.62,19.90,1344,2131,1618,5558,ON
228,2026-05-19 16:30:49.982,33.7,3.56,4.383,9200,183.53,19.99,1346,2134,1621,5613,ON
229,2026-05-19 16:30:50.482,33.8,3.56,4.346,9227,183.44,20.09,1356,2148,1632,5687,ON
230,2026-05-19 16:30:50.982,33.8,3.59,4.353,9258,183.36,20.16,1361,2157,1639,5625,ON
231,2026-05-19 16:30:51.482,33.8,3.60,4.363,9291,183.27,20.26,1359,2152,1635,5507,ON
232,2026-05-19 16:30:51.982,33.8,3.60,4.350,9330,183.19,20.34,1348,2137,1623,5507,ON
233,2026-05-19 16:30:52.482,33.8,3.60,4.352,9365,183.10,20.43,1345,2132,1620,5535,ON
234,2026-05-19 16:30:52.982,33.8,3.62,4.353,9399,183.01,20.51,1350,2140,1625,5579,ON
235,2026-05-19 16:30:53.482,33.8,3.62,4.365,9437,182.93,20.59,1355,2148,1632,5543,ON
236,2026-05-19 16:30:53.982,33.8,3.60,4.342,9475,182.85,20.68,1351,2141,1628,5583,ON
237,2026-05-19 16:30:54.482,33.8,3.65,4.343,9512,182.75,20.77,1352,2143,1629,5692,ON
238,2026-05-19 16:30:54.982,33.8,3.68,4.355,9544,182.67,20.86,1362,2155,1638,5677,ON
239,2026-05-19 16:30:55.482,33.8,3.71,4.330,9574,182.58,20.94,1364,2158,1640,5626,ON
240,2026-05-19 16:30:55.982,33.9,3.73,4.344,9602,182.50,21.03,1364,2158,1641,5621,ON
241,2026-05-19 16:30:56.482,33.9,3.72,4.353,9632,182.41,21.12,1358,2151,1635,5586,ON
242,2026-05-19 16:30:56.982,33.9,3.72,4.334,9669,182.33,21.20,1360,2154,1637,5631,ON
243,2026-05-19 16:30:57.482,33.9,3.74,4.337,9704,182.24,21.29,1365,2162,1643,5647,ON
244,2026-05-19 16:30:57.982,33.9,3.75,4.340,9737,182.15,21.38,1370,2168,1647,5632,ON
245,2026-05-19 16:30:58.482,33.9,3.75,4.356,9768,182.07,21.46,1367,2163,1643,5581,ON
246,2026-05-19 16:30:58.982,33.9,3.73,4.340,9797,181.98,21.55,1362,2157,1638,5592,ON
247,2026-05-19 16:30:59.482,33.9,3.74,4.338,9831,181.90,21.63,1365,2160,1642,5692,ON
248,2026-05-19 16:30:59.982,33.9,3.74,4.332,9862,181.80,21.73,1370,2168,1648,5738,ON
249,2026-05-19 16:31:00.482,33.9,3.74,4.343,9895,181.72,21.81,1372,2171,1649,5664,ON
250,2026-05-19 16:31:00.982,33.9,3.74,4.322,9931,181.63,21.90,1370,2168,1647,5624,ON
251,2026-05-19 16:31:01.482,33.9,3.77,4.336,9966,181.55,21.98,1365,2159,1641,5638,ON
252,2026-05-19 16:31:01.982,33.9,3.78,4.324,9999,181.46,22.07,1366,2162,1644,5642,ON
253,2026-05-19 16:31:02.482,34.0,3.79,4.332,10032,181.38,22.15,1368,2164,1646,5644,ON
254,2026-05-19 16:31:02.982,34.0,3.78,4.322,10062,181.29,22.24,1374,2174,1652,5658,ON
255,2026-05-19 16:31:03.482,34.0,3.79,4.334,10087,181.20,22.33,1372,2171,1650,5618,ON
256,2026-05-19 16:31:03.982,34.0,3.80,4.318,10113,181.12,22.41,1369,2164,1646,5583,ON
257,2026-05-19 16:31:04.482,34.0,3.83,4.318,10143,181.03,22.50,1369,2167,1647,5658,ON
258,2026-05-19 16:31:04.982,34.0,3.86,4.318,10174,180.94,22.59,1373,2172,1651,5656,ON
259,2026-05-19 16:31:05.482,34.0,3.87,4.322,10203,180.86,22.67,1373,2172,1651,5672,ON
260,2026-05-19 16:31:05.982,34.0,3.87,4.323,10230,180.77,22.76,1374,2174,1651,5667,ON
261,2026-05-19 16:31:06.482,34.0,3.88,4.329,10264,180.69,22.84,1372,2170,1649,5690,ON
262,2026-05-19 16:31:06.982,34.0,3.87,4.320,10311,180.60,22.93,1372,2169,1649,5713,ON
263,2026-05-19 16:31:07.482,34.0,3.88,4.306,10354,180.51,23.02,1377,2177,1655,5735,ON
264,2026-05-19 16:31:07.982,34.0,3.88,4.324,10393,180.43,23.10,1385,2190,1664,5667,ON
265,2026-05-19 16:31:08.482,34.0,3.89,4.319,10427,180.34,23.19,1377,2179,1655,5602,ON
266,2026-05-19 16:31:08.982,34.0,3.91,4.314,10461,180.26,23.27,1372,2170,1650,5648,ON
267,2026-05-19 16:31:09.482,34.1,3.93,4.304,10498,180.17,23.36,1376,2175,1656,5694,ON
268,2026-05-19 16:31:09.982,34.1,3.93,4.316,10534,180.09,23.44,1383,2185,1661,5697,ON
269,2026-05-19 16:31:10.482,34.1,3.93,4.304,10566,180.00,23.53,1384,2183,1659,5753,ON
270,2026-05-19 16:31:10.982,34.1,3.94,4.310,10602,179.91,23.62,1381,2177,1655,5656,ON
271,2026-05-19 16:31:11.482,34.1,3.95,4.299,10637,179.81,23.72,1377,2174,1653,5685,ON
272,2026-05-19 16:31:11.982,34.1,3.99,4.303,10666,179.72,23.80,1378,2176,1654,5702,ON
273,2026-05-19 16:31:12.482,34.1,4.01,4.291,10690,179.64,23.89,1382,2183,1659,5761,ON
274,2026-05-19 16:31:12.982,34.1,4.01,4.303,10711,179.55,23.98,1386,2189,1663,5721,ON
275,2026-05-19 16:31:13.482,34.1,4.01,4.299,10735,179.47,24.06,1385,2188,1664,5639,ON
276,2026-05-19 16:31:13.982,34.1,4.03,4.308,10760,179.38,24.15,1379,2181,1658,5609,ON
277,2026-05-19 16:31:14.482,34.1,4.02,4.300,10790,179.29,24.24,1379,2179,1657,5659,ON
278,2026-05-19 16:31:14.982,34.1,4.03,4.296,10822,179.21,24.32,1383,2186,1662,5723,ON
279,2026-05-19 16:31:15.482,34.1,4.03,4.304,10856,179.12,24.41,1390,2197,1669,5747,ON
280,2026-05-19 16:31:15.982,34.1,4.02,4.302,10885,179.03,24.50,1391,2199,1670,5721,ON
281,2026-05-19 16:31:16.482,34.1,4.03,4.302,10918,178.95,24.58,1384,2188,1662,5642,ON
282,2026-05-19 16:31:16.982,34.1,4.05,4.290,10946,178.87,24.66,1376,2175,1652,5653,ON
283,2026-05-19 16:31:17.482,34.2,4.08,4.301,10974,178.77,24.75,1374,2170,1650,5728,ON
284,2026-05-19 16:31:17.982,34.2,4.07,4.285,11000,178.68,24.84,1383,2186,1661,5798,ON
285,2026-05-19 16:31:18.482,34.2,4.08,4.290,11029,178.60,24.93,1396,2206,1675,5699,ON
286,2026-05-19 16:31:18.982,34.2,4.11,4.285,11065,178.52,25.01,1396,2205,1673,5681,ON
287,2026-05-19 16:31:19.482,34.2,4.13,4.268,11100,178.43,25.10,1388,2191,1664,5644,ON
288,2026-05-19 16:31:19.982,34.2,4.13,4.296,11134,178.34,25.19,1383,2185,1661,5685,ON
289,2026-05-19 16:31:20.482,34.2,4.12,4.285,11167,178.26,25.27,1388,2191,1666,5784,ON
290,2026-05-19 16:31:20.982,34.2,4.14,4.283,11197,178.17,25.35,1395,2202,1673,5813,ON
291,2026-05-19 16:31:21.482,34.2,4.16,4.286,11224,178.08,25.44,1398,2206,1676,5774,ON
292,2026-05-19 16:31:21.982,34.2,4.18,4.286,11252,178.00,25.53,1393,2199,1670,5685,ON
293,2026-05-19 16:31:22.482,34.2,4.18,4.272,11279,177.91,25.62,1385,2186,1662,5657,ON
294,2026-05-19 16:31:22.982,34.2,4.19,4.277,11302,177.83,25.70,1382,2183,1660,5722,ON
295,2026-05-19 16:31:23.482,34.2,4.19,4.273,11325,177.73,25.79,1388,2193,1666,5745,ON
296,2026-05-19 16:31:23.982,34.2,4.22,4.268,11350,177.65,25.88,1395,2190,1664,5729,ON
297,2026-05-19 16:31:24.482,34.2,4.25,4.263,11377,177.57,25.96,1391,2181,1659,5699,ON
298,2026-05-19 16:31:24.982,34.2,4.24,4.277,11405,177.48,26.05,1391,2189,1665,5747,ON
299,2026-05-19 16:31:25.482,34.2,4.22,4.276,11432,177.39,26.14,1395,2198,1671,5727,ON
300,2026-05-19 16:31:25.982,34.2,4.23,4.277,11461,177.31,26.22,1397,2203,1673,5730,ON
301,2026-05-19 16:31:26.482,34.2,4.25,4.267,11492,177.22,26.31,1395,2202,1672,5684,ON
302,2026-05-19 16:31:26.982,34.3,4.28,4.261,11520,177.14,26.39,1387,2191,1665,5690,ON
303,2026-05-19 16:31:27.482,34.3,4.29,4.272,11550,177.05,26.48,1383,2185,1661,5785,ON
304,2026-05-19 16:31:27.982,34.3,4.29,4.269,11583,176.95,26.57,1394,2201,1672,5812,ON
305,2026-05-19 16:31:28.482,34.3,4.29,4.262,11615,176.87,26.66,1402,2212,1680,5839,ON
306,2026-05-19 16:31:28.982,34.3,4.31,4.267,11650,176.79,26.74,1403,2214,1681,5765,ON
307,2026-05-19 16:31:29.482,34.3,4.31,4.260,11680,176.70,26.83,1401,2211,1680,5689,ON
308,2026-05-19 16:31:29.982,34.3,4.32,4.245,11707,176.61,26.92,1393,2200,1672,5680,ON
309,2026-05-19 16:31:30.482,34.3,4.36,4.264,11733,176.53,27.00,1395,2201,1673,5747,ON
310,2026-05-19 16:31:30.982,34.3,4.35,4.259,11760,176.44,27.09,1399,2208,1678,5771,ON
311,2026-05-19 16:31:31.482,34.3,4.34,4.267,11784,176.36,27.17,1403,2213,1680,5749,ON
312,2026-05-19 16:31:31.982,34.3,4.33,4.254,11811,176.26,27.27,1401,2212,1679,5710,ON
313,2026-05-19 16:31:32.482,34.4,4.36,4.259,11837,176.18,27.35,1394,2201,1672,5759,ON
314,2026-05-19 16:31:32.982,34.4,4.36,4.254,11861,176.10,27.43,1393,2201,1673,5778,ON
315,2026-05-19 16:31:33.482,34.3,4.39,4.251,11882,176.01,27.52,1398,2206,1677,5856,ON
316,2026-05-19 16:31:33.982,34.4,4.39,4.257,11906,175.92,27.60,1405,2217,1683,5818,ON
317,2026-05-19 16:31:34.482,34.4,4.39,4.253,11931,175.83,27.69,1406,2219,1685,5790,ON
318,2026-05-19 16:31:34.982,34.4,4.40,4.237,11955,175.75,27.78,1403,2215,1683,5693,ON
319,2026-05-19 16:31:35.482,34.4,4.41,4.252,11979,175.66,27.86,1398,2206,1676,5698,ON
320,2026-05-19 16:31:35.982,34.4,4.42,4.253,12009,175.58,27.95,1402,2214,1681,5783,ON
321,2026-05-19 16:31:36.482,34.4,4.42,4.240,12046,175.49,28.04,1406,2219,1684,5793,ON
322,2026-05-19 16:31:36.982,34.4,4.42,4.246,12078,175.41,28.12,1409,2221,1677,5795,ON
323,2026-05-19 16:31:37.482,34.4,4.43,4.236,12104,175.32,28.21,1405,2212,1675,5780,ON
324,2026-05-19 16:31:37.982,34.4,4.47,4.242,12132,175.23,28.29,1400,2212,1677,5737,ON
325,2026-05-19 16:31:38.482,34.4,4.48,4.247,12157,175.15,28.38,1406,2224,1688,5815,ON
326,2026-05-19 16:31:38.982,34.4,4.48,4.238,12180,175.06,28.47,1410,2226,1690,5804,ON
327,2026-05-19 16:31:39.482,34.4,4.48,4.241,12207,174.97,28.56,1406,2219,1685,5739,ON
328,2026-05-19 16:31:39.982,34.4,4.49,4.240,12233,174.88,28.65,1397,2204,1675,5688,ON
329,2026-05-19 16:31:40.482,34.4,4.50,4.241,12255,174.79,28.73,1397,2204,1676,5812,ON
330,2026-05-19 16:31:40.982,34.4,4.51,4.238,12280,174.71,28.81,1407,2219,1686,5825,ON
331,2026-05-19 16:31:41.482,34.4,4.52,4.224,12307,174.63,28.90,1416,2231,1694,5779,ON
332,2026-05-19 16:31:41.982,34.4,4.54,4.234,12330,174.54,28.99,1412,2225,1689,5723,ON
333,2026-05-19 16:31:42.482,34.4,4.55,4.233,12357,174.45,29.07,1402,2211,1679,5734,ON
334,2026-05-19 16:31:42.982,34.5,4.56,4.215,12381,174.37,29.16,1398,2206,1677,5813,ON
335,2026-05-19 16:31:43.482,34.5,4.59,4.221,12402,174.28,29.25,1406,2217,1685,5860,ON
336,2026-05-19 16:31:43.982,34.5,4.60,4.231,12425,174.20,29.33,1413,2228,1692,5853,ON
337,2026-05-19 16:31:44.482,34.5,4.62,4.212,12444,174.12,29.41,1415,2230,1693,5829,ON
338,2026-05-19 16:31:44.982,34.5,4.65,4.224,12467,174.02,29.51,1413,2228,1692,5800,ON
339,2026-05-19 16:31:45.482,34.5,4.65,4.212,12492,173.94,29.58,1411,2225,1690,5735,ON
340,2026-05-19 16:31:45.982,34.5,4.67,4.227,12519,173.86,29.67,1405,2216,1684,5725,ON
341,2026-05-19 16:31:46.482,34.5,4.68,4.219,12545,173.77,29.76,1405,2217,1683,5775,ON
342,2026-05-19 16:31:46.982,34.5,4.68,4.231,12570,173.68,29.84,1410,2221,1687,5832,ON
343,2026-05-19 16:31:47.482,34.5,4.67,4.225,12591,173.58,29.94,1416,2232,1694,5847,ON
344,2026-05-19 16:31:47.982,34.5,4.68,4.205,12616,173.49,30.04,1417,2234,1696,5809,ON
345,2026-05-19 16:31:48.482,34.6,4.68,4.222,12644,173.41,30.12,1409,2220,1693,5722,ON
346,2026-05-19 16:31:48.982,34.6,4.67,4.223,12673,173.31,30.21,1401,2207,1696,5766,ON
347,2026-05-19 16:31:49.482,34.6,4.68,4.187,12701,173.23,30.30,1412,2228,1701,5877,ON
348,2026-05-19 16:31:49.982,34.6,4.72,4.220,12726,173.14,30.38,1410,2228,1696,5780,ON
349,2026-05-19 16:31:50.482,34.6,4.70,4.201,12754,173.06,30.47,1404,2215,1685,5732,ON
350,2026-05-19 16:31:50.982,34.6,4.70,4.216,12778,172.97,30.56,1401,2210,1680,5784,ON
351,2026-05-19 16:31:51.482,34.6,4.70,4.205,12803,172.89,30.64,1409,2222,1689,5853,ON
352,2026-05-19 16:31:51.982,34.6,4.72,4.199,12829,172.80,30.73,1419,2235,1699,5829,ON
353,2026-05-19 16:31:52.482,34.6,4.74,4.212,12854,172.71,30.82,1422,2238,1701,5797,ON
354,2026-05-19 16:31:52.982,34.6,4.74,4.206,12877,172.62,30.90,1418,2229,1693,5879,ON
355,2026-05-19 16:31:53.482,34.6,4.75,4.198,12898,172.54,30.98,1412,2218,1686,5882,ON
356,2026-05-19 16:31:53.982,34.6,4.75,4.207,12923,172.45,31.08,1406,2213,1683,5842,ON
357,2026-05-19 16:31:54.482,34.6,4.77,4.192,12948,172.37,31.16,1416,2230,1695,5915,ON
358,2026-05-19 16:31:54.982,34.6,4.80,4.197,12978,172.28,31.25,1427,2245,1705,5911,ON
359,2026-05-19 16:31:55.482,34.6,4.82,4.176,13002,172.19,31.34,1426,2243,1703,5833,ON
360,2026-05-19 16:31:55.982,34.6,4.82,4.197,13027,172.10,31.43,1419,2234,1696,5776,ON
361,2026-05-19 16:31:56.482,34.6,4.83,4.198,13056,172.02,31.51,1409,2219,1686,5747,ON
362,2026-05-19 16:31:56.982,34.6,4.84,4.190,13087,171.93,31.60,1407,2215,1684,5826,ON
363,2026-05-19 16:31:57.482,34.7,4.86,4.183,13111,171.84,31.69,1416,2229,1694,5860,ON
364,2026-05-19 16:31:57.982,34.7,4.88,4.178,13132,171.76,31.77,1426,2244,1704,5865,ON
365,2026-05-19 16:31:58.482,34.7,4.91,4.197,13152,171.67,31.86,1428,2247,1707,5778,ON
366,2026-05-19 16:31:58.982,34.7,4.94,4.169,13173,171.58,31.94,1417,2231,1694,5761,ON
367,2026-05-19 16:31:59.482,34.7,4.94,4.200,13201,171.50,32.03,1410,2220,1687,5773,ON
368,2026-05-19 16:31:59.982,34.7,4.94,4.175,13229,171.41,32.12,1410,2221,1689,5891,ON
369,2026-05-19 16:32:00.482,34.7,4.96,4.185,13256,171.32,32.21,1422,2238,1702,5935,ON
370,2026-05-19 16:32:00.982,34.7,4.96,4.183,13283,171.24,32.29,1431,2252,1710,5918,ON
371,2026-05-19 16:32:01.482,34.7,4.98,4.168,13304,171.15,32.38,1431,2251,1710,5859,ON
372,2026-05-19 16:32:01.982,34.7,4.99,4.181,13320,171.06,32.46,1421,2238,1707,5766,ON
373,2026-05-19 16:32:02.482,34.7,4.98,4.173,13339,170.97,32.55,1417,2232,1705,5888,ON
374,2026-05-19 16:32:02.982,34.7,4.99,4.176,13357,170.88,32.64,1425,2244,1708,5899,ON
375,2026-05-19 16:32:03.482,34.7,4.98,4.184,13376,170.80,32.72,1432,2253,1713,5825,ON
376,2026-05-19 16:32:03.982,34.7,4.96,4.173,13396,170.72,32.81,1427,2245,1707,5799,ON
377,2026-05-19 16:32:04.482,34.7,4.97,4.176,13417,170.63,32.90,1422,2238,1701,5781,ON
378,2026-05-19 16:32:04.982,34.7,4.98,4.164,13438,170.55,32.98,1419,2233,1697,5779,ON
379,2026-05-19 16:32:05.482,34.7,4.99,4.175,13457,170.46,33.07,1424,2240,1701,5874,ON
380,2026-05-19 16:32:05.982,34.8,4.98,4.179,13472,170.37,33.16,1429,2248,1706,5907,ON
381,2026-05-19 16:32:06.482,34.8,4.99,4.168,13488,170.29,33.24,1431,2251,1709,5880,ON
382,2026-05-19 16:32:06.982,34.8,5.01,4.169,13505,170.20,33.33,1427,2245,1705,5833,ON
383,2026-05-19 16:32:07.482,34.8,5.02,4.157,13521,170.12,33.41,1423,2239,1700,5832,ON
384,2026-05-19 16:32:07.982,34.8,5.05,4.161,13544,170.03,33.50,1420,2236,1697,5870,ON
385,2026-05-19 16:32:08.482,34.8,5.06,4.166,13567,169.94,33.59,1429,2249,1708,5918,ON
386,2026-05-19 16:32:08.982,34.8,5.06,4.165,13589,169.85,33.68,1437,2260,1717,5894,ON
387,2026-05-19 16:32:09.482,34.8,5.08,4.156,13613,169.76,33.77,1437,2260,1717,5789,ON
388,2026-05-19 16:32:09.982,34.8,5.11,4.154,13637,169.68,33.84,1425,2242,1704,5764,ON
389,2026-05-19 16:32:10.482,34.8,5.12,4.160,13657,169.60,33.93,1424,2240,1702,5877,ON
390,2026-05-19 16:32:10.982,34.8,5.11,4.142,13676,169.51,34.02,1432,2253,1711,5975,ON
391,2026-05-19 16:32:11.482,34.8,5.16,4.143,13694,169.42,34.11,1440,2264,1719,5936,ON
392,2026-05-19 16:32:11.982,34.9,5.18,4.150,13714,169.34,34.19,1438,2263,1718,5875,ON
393,2026-05-19 16:32:12.482,34.9,5.19,4.153,13733,169.25,34.28,1431,2252,1710,5824,ON
394,2026-05-19 16:32:12.982,34.9,5.21,4.139,13753,169.16,34.37,1424,2242,1703,5896,ON
395,2026-05-19 16:32:13.482,34.9,5.22,4.149,13776,169.07,34.45,1427,2247,1705,5926,ON
396,2026-05-19 16:32:13.982,34.9,5.21,4.132,13798,168.99,34.53,1426,2246,1704,5795,ON
397,2026-05-19 16:32:14.482,34.9,5.20,4.151,13818,168.90,34.63,1426,2245,1705,5870,ON
398,2026-05-19 16:32:14.982,34.9,5.20,4.140,13837,168.82,34.71,1429,2249,1707,5878,ON
399,2026-05-19 16:32:15.482,34.9,5.21,4.139,13853,168.73,34.79,1437,2261,1716,5920,ON
400,2026-05-19 16:32:15.982,34.9,5.22,4.136,13869,168.64,34.88,1443,2268,1722,5843,ON
401,2026-05-19 16:32:16.482,34.9,5.23,4.138,13886,168.56,34.97,1436,2257,1713,5803,ON
402,2026-05-19 16:32:16.982,34.9,5.22,4.145,13902,168.47,35.05,1425,2241,1701,5872,ON
403,2026-05-19 16:32:17.482,34.9,5.22,4.148,13924,168.39,35.14,1428,2247,1706,5952,ON
404,2026-05-19 16:32:17.982,34.9,5.22,4.157,13949,168.30,35.23,1440,2263,1719,6013,ON
405,2026-05-19 16:32:18.482,34.9,5.22,4.150,13973,168.21,35.32,1446,2272,1725,5954,ON
406,2026-05-19 16:32:18.982,34.9,5.23,4.144,13995,168.13,35.40,1437,2260,1715,5831,ON
407,2026-05-19 16:32:19.482,34.9,5.23,4.144,14022,168.04,35.49,1428,2245,1704,5814,ON
408,2026-05-19 16:32:19.982,34.9,5.25,4.137,14042,167.95,35.57,1428,2247,1706,5902,ON
409,2026-05-19 16:32:20.482,34.9,5.27,4.155,14062,167.85,35.68,1439,2262,1718,5965,ON
410,2026-05-19 16:32:20.982,35.0,5.26,4.137,14076,167.76,35.77,1449,2277,1729,5930,ON
411,2026-05-19 16:32:21.482,35.0,5.28,4.134,14096,167.67,35.85,1447,2272,1725,5864,ON
412,2026-05-19 16:32:21.982,35.0,5.30,4.132,14117,167.58,35.94,1438,2261,1717,5809,ON
413,2026-05-19 16:32:22.482,35.0,5.32,4.115,14138,167.50,36.03,1436,2257,1714,5890,ON
414,2026-05-19 16:32:22.982,35.0,5.34,4.123,14163,167.42,36.11,1441,2265,1720,5991,ON
415,2026-05-19 16:32:23.482,35.0,5.34,4.123,14186,167.33,36.20,1449,2277,1730,5986,ON
416,2026-05-19 16:32:23.982,35.0,5.35,4.115,14205,167.24,36.29,1449,2277,1730,5939,ON
417,2026-05-19 16:32:24.482,35.0,5.37,4.111,14221,167.15,36.37,1443,2268,1723,5868,ON
418,2026-05-19 16:32:24.982,35.0,5.40,4.112,14238,167.07,36.46,1435,2255,1713,5975,ON
419,2026-05-19 16:32:25.482,35.0,5.42,4.130,14258,166.98,36.55,1439,2261,1716,5914,ON
420,2026-05-19 16:32:25.982,35.0,5.42,4.127,14281,166.89,36.64,1437,2257,1713,5860,ON
421,2026-05-19 16:32:26.482,35.0,5.41,4.125,14306,166.81,36.72,1430,2247,1707,5854,ON
422,2026-05-19 16:32:26.982,35.0,5.41,4.124,14328,166.71,36.82,1432,2251,1711,5977,ON
423,2026-05-19 16:32:27.482,35.0,5.43,4.116,14346,166.63,36.90,1446,2271,1726,5961,ON
424,2026-05-19 16:32:27.982,35.0,5.45,4.113,14364,166.55,36.98,1452,2279,1731,5932,ON
425,2026-05-19 16:32:28.482,35.1,5.47,4.112,14382,166.46,37.07,1450,2278,1730,5857,ON
426,2026-05-19 16:32:28.982,35.1,5.49,4.107,14397,166.37,37.16,1438,2262,1717,5855,ON
427,2026-05-19 16:32:29.482,35.1,5.51,4.106,14410,166.29,37.24,1435,2257,1714,5963,ON
428,2026-05-19 16:32:29.982,35.1,5.52,4.099,14424,166.20,37.33,1445,2271,1725,6010,ON
429,2026-05-19 16:32:30.482,35.1,5.55,4.099,14438,166.11,37.41,1454,2284,1734,6003,ON
430,2026-05-19 16:32:30.982,35.1,5.55,4.110,14456,166.02,37.50,1452,2281,1731,5921,ON
431,2026-05-19 16:32:31.482,35.1,5.53,4.109,14472,165.94,37.59,1444,2269,1723,5848,ON
432,2026-05-19 16:32:31.982,35.1,5.54,4.099,14491,165.85,37.67,1434,2261,1718,5876,ON
433,2026-05-19 16:32:32.482,35.1,5.56,4.099,14512,165.77,37.76,1437,2267,1722,5950,ON
434,2026-05-19 16:32:32.982,35.1,5.58,4.087,14538,165.68,37.84,1444,2273,1728,5914,ON
435,2026-05-19 16:32:33.482,35.1,5.58,4.119,14564,165.60,37.93,1442,2267,1723,5867,ON
436,2026-05-19 16:32:33.982,35.1,5.58,4.091,14584,165.51,38.02,1438,2260,1718,5855,ON
437,2026-05-19 16:32:34.482,35.1,5.60,4.094,14601,165.42,38.10,1442,2263,1720,5950,ON
438,2026-05-19 16:32:34.982,35.1,5.60,4.097,14613,165.34,38.19,1448,2273,1726,5965,ON
439,2026-05-19 16:32:35.482,35.1,5.63,4.077,14630,165.25,38.28,1455,2283,1734,6012,ON
440,2026-05-19 16:32:35.982,35.1,5.67,4.075,14649,165.16,38.36,1454,2283,1734,5932,ON
441,2026-05-19 16:32:36.482,35.1,5.69,4.069,14668,165.08,38.45,1443,2267,1721,5841,ON
442,2026-05-19 16:32:36.982,35.1,5.71,4.090,14685,164.99,38.54,1436,2257,1713,5944,ON
443,2026-05-19 16:32:37.482,35.1,5.72,4.076,14699,164.91,38.61,1444,2268,1723,5955,ON
444,2026-05-19 16:32:37.982,35.2,5.74,4.083,14718,164.83,38.70,1449,2275,1729,5961,ON
445,2026-05-19 16:32:38.482,35.2,5.73,4.079,14736,164.73,38.79,1454,2281,1733,5902,ON
446,2026-05-19 16:32:38.982,35.2,5.73,4.059,14746,164.65,38.88,1447,2272,1727,5804,ON
447,2026-05-19 16:32:39.482,35.2,5.76,4.065,14760,164.57,38.96,1439,2261,1718,5873,ON
448,2026-05-19 16:32:39.982,35.2,5.76,4.076,14778,164.48,39.05,1439,2261,1718,6000,ON
449,2026-05-19 16:32:40.482,35.2,5.76,4.068,14801,164.39,39.14,1453,2279,1733,6012,ON
450,2026-05-19 16:32:40.982,35.2,5.79,4.064,14824,164.30,39.23,1458,2286,1739,5984,ON
451,2026-05-19 16:32:41.482,35.2,5.82,4.061,14847,164.21,39.32,1452,2277,1732,5879,ON
452,2026-05-19 16:32:41.982,35.2,5.84,4.069,14866,164.13,39.40,1440,2261,1719,5850,ON
453,2026-05-19 16:32:42.482,35.2,5.85,4.078,14882,164.05,39.48,1437,2256,1715,5931,ON
454,2026-05-19 16:32:42.982,35.2,5.84,4.054,14900,163.96,39.57,1446,2269,1724,5979,ON
455,2026-05-19 16:32:43.482,35.2,5.86,4.054,14920,163.87,39.65,1454,2281,1734,5995,ON
456,2026-05-19 16:32:43.982,35.2,5.88,4.060,14941,163.79,39.74,1458,2286,1733,5884,ON
457,2026-05-19 16:32:44.482,35.2,5.88,4.052,14961,163.70,39.83,1457,2284,1731,5949,ON
458,2026-05-19 16:32:44.982,35.2,5.90,4.064,14981,163.61,39.91,1456,2282,1732,5924,ON
459,2026-05-19 16:32:45.482,35.2,5.89,4.068,14998,163.52,40.00,1456,2283,1733,5959,ON
460,2026-05-19 16:32:45.982,35.2,5.88,4.037,15013,163.44,40.09,1455,2282,1733,5953,ON
461,2026-05-19 16:32:46.482,35.2,5.92,4.048,15032,163.35,40.18,1449,2274,1728,5927,ON
462,2026-05-19 16:32:46.982,35.2,5.94,4.036,15048,163.25,40.28,1448,2271,1727,5977,ON
463,2026-05-19 16:32:47.482,35.3,5.96,4.044,15069,163.16,40.37,1453,2278,1733,5986,ON
464,2026-05-19 16:32:47.982,35.3,5.98,4.037,15090,163.08,40.45,1457,2283,1737,5990,ON
465,2026-05-19 16:32:48.482,35.3,6.00,4.035,15107,162.99,40.54,1451,2274,1730,5882,ON
466,2026-05-19 16:32:48.982,35.3,6.02,4.038,15123,162.91,40.62,1443,2262,1721,5871,ON
467,2026-05-19 16:32:49.482,35.3,6.03,4.040,15137,162.81,40.72,1444,2263,1722,5929,ON
468,2026-05-19 16:32:49.982,35.3,6.03,4.043,15153,162.73,40.79,1448,2268,1726,5945,ON
469,2026-05-19 16:32:50.482,35.3,6.04,4.038,15167,162.64,40.89,1452,2273,1730,5929,ON
470,2026-05-19 16:32:50.982,35.3,6.06,4.038,15181,162.56,40.97,1453,2274,1731,5880,ON
471,2026-05-19 16:32:51.482,35.3,6.06,4.029,15194,162.47,41.05,1445,2263,1723,5889,ON
472,2026-05-19 16:32:51.982,35.3,6.08,4.022,15212,162.39,41.14,1443,2260,1721,5935,ON
473,2026-05-19 16:32:52.482,35.3,6.11,4.024,15230,162.31,41.22,1447,2266,1726,5968,ON
474,2026-05-19 16:32:52.982,35.3,6.13,4.021,15251,162.21,41.32,1452,2272,1731,5985,ON
475,2026-05-19 16:32:53.482,35.3,6.16,4.020,15268,162.13,41.40,1456,2278,1734,5978,ON
476,2026-05-19 16:32:53.982,35.4,6.19,4.017,15292,162.04,41.49,1453,2275,1731,5865,ON
477,2026-05-19 16:32:54.482,35.4,6.21,4.006,15310,161.95,41.58,1445,2257,1722,5884,ON
478,2026-05-19 16:32:54.982,35.4,6.24,4.007,15326,161.86,41.66,1443,2256,1722,5916,ON
479,2026-05-19 16:32:55.482,35.4,6.26,4.005,15341,161.78,41.75,1447,2272,1731,5943,ON
480,2026-05-19 16:32:55.982,35.4,6.28,4.004,15357,161.69,41.84,1452,2275,1735,5909,ON
481,2026-05-19 16:32:56.482,35.4,6.29,3.988,15370,161.60,41.93,1448,2265,1728,5841,ON
482,2026-05-19 16:32:56.982,35.4,6.34,3.986,15382,161.52,42.01,1442,2253,1720,5857,ON
483,2026-05-19 16:32:57.482,35.4,6.36,3.994,15397,161.43,42.10,1442,2250,1719,5962,ON
484,2026-05-19 16:32:57.982,35.4,6.37,3.982,15412,161.35,42.18,1453,2265,1731,6014,ON
485,2026-05-19 16:32:58.482,35.4,6.39,3.986,15425,161.26,42.27,1459,2273,1738,5978,ON
486,2026-05-19 16:32:58.982,35.4,6.41,3.984,15438,161.17,42.36,1459,2273,1738,5923,ON
487,2026-05-19 16:32:59.482,35.4,6.43,3.981,15456,161.08,42.45,1450,2258,1729,5865,ON
488,2026-05-19 16:32:59.982,35.4,6.46,3.980,15472,161.01,42.52,1441,2245,1718,5914,ON
489,2026-05-19 16:33:00.482,35.4,6.49,3.968,15489,160.91,42.62,1446,2253,1723,5970,ON
490,2026-05-19 16:33:00.982,35.4,6.52,3.964,15504,160.82,42.71,1455,2266,1733,5974,ON
491,2026-05-19 16:33:01.482,35.4,6.56,3.961,15513,160.74,42.79,1458,2268,1735,5853,ON
492,2026-05-19 16:33:01.982,35.4,6.60,3.962,15524,160.66,42.87,1447,2248,1723,5822,ON
493,2026-05-19 16:33:02.482,35.4,6.64,3.946,15544,160.57,42.96,1439,2231,1713,5850,ON
494,2026-05-19 16:33:02.982,35.5,6.69,3.919,15562,160.48,43.05,1440,2232,1715,5971,ON
495,2026-05-19 16:33:03.482,35.5,6.76,3.916,15578,160.40,43.13,1451,2250,1728,5971,ON
496,2026-05-19 16:33:03.982,35.5,6.82,3.912,15596,160.31,43.22,1457,2259,1733,5930,ON
497,2026-05-19 16:33:04.482,35.4,6.87,3.902,15609,160.22,43.30,1452,2250,1728,5859,ON
498,2026-05-19 16:33:04.982,35.4,6.94,3.911,15622,160.14,43.39,1440,2225,1715,5757,ON
499,2026-05-19 16:33:05.482,35.5,6.96,3.884,15633,160.05,43.48,1435,2210,1709,5854,ON
500,2026-05-19 16:33:05.982,35.5,7.03,3.870,15647,159.97,43.56,1441,2217,1716,5886,ON
501,2026-05-19 16:33:06.482,35.5,7.10,3.857,15658,159.88,43.65,1446,2223,1722,5796,ON
502,2026-05-19 16:33:06.982,35.5,7.19,3.851,15672,159.79,43.74,1444,2205,1717,5738,ON
503,2026-05-19 16:33:07.482,35.5,7.26,3.836,15688,159.71,43.82,1437,2179,1707,5622,ON
504,2026-05-19 16:33:07.982,35.5,7.34,3.777,15704,159.62,43.91,1418,2119,1688,5527,ON
505,2026-05-19 16:33:08.482,35.5,7.73,3.679,15715,159.53,44.00,1402,2049,1670,5340,ON
506,2026-05-19 16:33:08.982,35.5,8.49,3.653,15725,159.45,44.08,1384,1954,1647,5112,ON
507,2026-05-19 16:33:09.482,35.5,8.64,3.633,15738,159.36,44.16,1358,1835,1613,4814,ON
508,2026-05-19 16:33:09.982,35.5,8.81,3.576,15751,159.27,44.26,1318,1688,1564,4522,ON
509,2026-05-19 16:33:10.482,35.5,9.09,3.516,15767,159.19,44.34,1285,1552,1522,4395,ON
510,2026-05-19 16:33:10.982,35.5,9.46,3.454,15789,159.11,44.42,1260,1448,1488,4247,ON
511,2026-05-19 16:33:11.482,35.5,9.78,3.407,15818,159.01,44.52,1238,1363,1460,4143,ON
512,2026-05-19 16:33:11.982,35.6,10.04,3.381,15854,158.93,44.60,1220,1300,1438,4038,ON
513,2026-05-19 16:33:12.482,35.6,10.25,3.371,15909,158.84,44.69,1203,1249,1417,4026,ON
514,2026-05-19 16:33:12.982,35.6,10.38,3.365,15981,158.75,44.78,1196,1217,1407,4022,ON
515,2026-05-19 16:33:13.482,35.6,10.52,3.318,16050,158.67,44.86,1193,1198,1403,4023,ON
516,2026-05-19 16:33:13.982,35.6,10.72,3.289,16111,158.58,44.94,1193,1185,1401,4008,ON
517,2026-05-19 16:33:14.482,35.6,10.88,3.272,16172,158.50,45.03,1187,1172,1394,3953,ON
518,2026-05-19 16:33:14.982,35.6,10.98,3.271,16235,158.40,45.13,1180,1161,1387,3962,ON
519,2026-05-19 16:33:15.482,35.6,11.02,3.260,16302,158.32,45.21,1178,1155,1384,3993,ON
520,2026-05-19 16:33:15.982,35.6,11.09,3.255,16365,158.23,45.29,1182,1157,1388,3997,ON
521,2026-05-19 16:33:16.482,35.6,11.11,3.247,16421,158.15,45.37,1183,1156,1389,3981,ON
522,2026-05-19 16:33:16.982,35.6,11.14,3.221,16471,158.06,45.47,1181,1153,1387,3948,ON
523,2026-05-19 16:33:17.482,35.6,11.21,3.204,16524,157.98,45.55,1177,1149,1383,3919,ON
524,2026-05-19 16:33:17.982,35.6,11.26,3.213,16588,157.89,45.64,1174,1145,1380,3934,ON
525,2026-05-19 16:33:18.482,35.6,11.30,3.219,16656,157.80,45.73,1176,1146,1381,3962,ON
526,2026-05-19 16:33:18.982,35.6,11.32,3.204,16726,157.72,45.81,1181,1151,1386,3978,ON
527,2026-05-19 16:33:19.482,35.6,11.34,3.215,16807,157.63,45.90,1183,1153,1388,3943,ON
528,2026-05-19 16:33:19.982,35.6,11.37,3.207,16894,157.54,45.99,1180,1150,1386,3961,ON
529,2026-05-19 16:33:20.482,35.6,11.40,3.197,16990,157.46,46.07,1178,1148,1384,3954,ON
530,2026-05-19 16:33:20.982,35.6,11.43,3.200,17083,157.37,46.15,1179,1149,1384,4014,ON
531,2026-05-19 16:33:21.482,35.6,11.44,3.193,17159,157.29,46.24,1183,1154,1388,3993,ON
532,2026-05-19 16:33:21.982,35.6,11.46,3.204,17228,157.19,46.33,1183,1154,1389,3979,ON
533,2026-05-19 16:33:22.482,35.6,11.46,3.185,17291,157.11,46.42,1181,1152,1387,3941,ON
534,2026-05-19 16:33:22.982,35.6,11.48,3.184,17351,157.02,46.50,1177,1147,1382,3971,ON
535,2026-05-19 16:33:23.482,35.6,11.50,3.180,17417,156.94,46.59,1179,1150,1384,3969,ON
536,2026-05-19 16:33:23.982,35.6,11.52,3.189,17480,156.85,46.67,1182,1153,1387,3979,ON
537,2026-05-19 16:33:24.482,35.6,11.53,3.183,17547,156.76,46.77,1184,1155,1389,3962,ON
538,2026-05-19 16:33:24.982,35.6,11.55,3.172,17626,156.68,46.85,1182,1153,1387,3966,ON
539,2026-05-19 16:33:25.482,35.6,11.57,3.176,17711,156.59,46.93,1178,1150,1384,3940,ON
540,2026-05-19 16:33:25.982,35.6,11.58,3.172,17786,156.56,46.97,1175,1147,1388,3990,ON
541,2026-05-19 16:33:26.482,35.6,11.61,3.191,17853,156.41,47.11,1184,1156,1394,3995,ON
542,2026-05-19 16:33:26.982,35.6,11.59,3.159,17926,156.32,47.21,1181,1153,1388,3941,ON
543,2026-05-19 16:33:27.482,35.6,11.60,3.175,17994,156.23,47.30,1177,1149,1382,3947,ON
544,2026-05-19 16:33:27.982,35.6,11.63,3.159,18056,156.15,47.38,1177,1150,1382,3988,ON
545,2026-05-19 16:33:28.482,35.6,11.65,3.166,18115,156.06,47.47,1183,1156,1389,4007,ON
546,2026-05-19 16:33:28.982,35.6,11.66,3.168,18175,155.97,47.55,1189,1162,1395,3999,ON
547,2026-05-19 16:33:29.482,35.6,11.67,3.153,18229,155.89,47.64,1187,1161,1392,3941,ON
548,2026-05-19 16:33:29.982,35.6,11.72,3.140,18287,155.80,47.73,1179,1154,1383,3987,ON
549,2026-05-19 16:33:30.482,35.6,11.73,3.162,18343,155.71,47.81,1179,1154,1384,3986,ON
550,2026-05-19 16:33:30.982,35.6,11.73,3.153,18402,155.63,47.90,1181,1156,1387,3998,ON
551,2026-05-19 16:33:31.482,35.6,11.74,3.151,18469,155.54,47.99,1185,1160,1390,3998,ON
552,2026-05-19 16:33:31.982,35.6,11.76,3.153,18533,155.46,48.07,1186,1161,1390,3975,ON
553,2026-05-19 16:33:32.482,35.6,11.77,3.142,18597,155.37,48.15,1181,1157,1385,3949,ON
554,2026-05-19 16:33:32.982,35.6,11.78,3.160,18664,155.28,48.25,1178,1154,1382,3961,ON
555,2026-05-19 16:33:33.482,35.6,11.76,3.147,18730,155.20,48.33,1181,1158,1385,3984,ON
556,2026-05-19 16:33:33.982,35.6,11.78,3.137,18785,155.12,48.41,1186,1163,1390,4024,ON
557,2026-05-19 16:33:34.482,35.6,11.79,3.148,18844,155.03,48.50,1188,1167,1393,4005,ON
558,2026-05-19 16:33:34.982,35.6,11.80,3.148,18905,154.94,48.59,1186,1166,1392,4001,ON
559,2026-05-19 16:33:35.482,35.5,11.79,3.135,18968,154.85,48.67,1183,1162,1388,3972,ON
560,2026-05-19 16:33:35.982,35.5,11.80,3.149,19039,154.77,48.76,1179,1158,1385,3991,ON
561,2026-05-19 16:33:36.482,35.5,11.80,3.141,19110,154.68,48.85,1182,1161,1387,3993,ON
562,2026-05-19 16:33:36.982,35.5,11.81,3.155,19172,154.60,48.93,1184,1163,1389,3986,ON
563,2026-05-19 16:33:37.482,35.5,11.79,3.131,19239,154.51,49.01,1185,1164,1389,3998,ON
564,2026-05-19 16:33:37.982,35.5,11.81,3.136,19305,154.42,49.10,1183,1163,1388,3955,ON
565,2026-05-19 16:33:38.482,35.6,11.82,3.143,19372,154.34,49.19,1181,1162,1392,3991,ON
566,2026-05-19 16:33:38.982,35.5,11.83,3.148,19436,154.25,49.28,1188,1171,1399,4013,ON
567,2026-05-19 16:33:39.482,35.5,11.83,3.138,19501,154.16,49.37,1191,1168,1391,4025,ON
568,2026-05-19 16:33:39.982,35.5,11.84,3.127,19560,154.08,49.45,1192,1162,1384,4038,ON
569,2026-05-19 16:33:40.482,35.5,11.85,3.152,19612,153.99,49.54,1190,1163,1385,4049,ON
570,2026-05-19 16:33:40.982,35.5,11.85,3.124,19667,153.91,49.62,1195,1173,1396,4072,ON
571,2026-05-19 16:33:41.482,35.5,11.87,3.134,19726,153.82,49.71,1198,1179,1402,4015,ON
572,2026-05-19 16:33:41.982,35.5,11.88,3.135,19777,153.73,49.80,1192,1176,1397,3980,ON
573,2026-05-19 16:33:42.482,35.5,11.88,3.139,19831,153.65,49.88,1183,1168,1387,3956,ON
574,2026-05-19 16:33:42.982,35.5,11.89,3.135,19905,153.56,49.97,1179,1164,1384,3982,ON
575,2026-05-19 16:33:43.482,35.5,11.89,3.122,19976,153.48,50.05,1184,1169,1390,4042,ON
576,2026-05-19 16:33:43.982,35.6,11.90,3.124,20036,153.39,50.14,1191,1177,1398,4048,ON
577,2026-05-19 16:33:44.482,35.5,11.91,3.114,20083,153.30,50.23,1195,1182,1403,4020,ON
578,2026-05-19 16:33:44.982,35.5,11.95,3.116,20139,153.21,50.32,1189,1177,1396,3970,ON
579,2026-05-19 16:33:45.482,35.5,11.96,3.120,20197,153.12,50.41,1181,1169,1388,4001,ON
580,2026-05-19 16:33:45.982,35.5,11.98,3.136,20258,153.04,50.49,1183,1172,1391,4063,ON
581,2026-05-19 16:33:46.482,35.5,11.96,3.133,20325,152.95,50.58,1191,1181,1399,4050,ON
582,2026-05-19 16:33:46.982,35.5,11.96,3.123,20394,152.87,50.66,1194,1184,1402,4030,ON
583,2026-05-19 16:33:47.482,35.5,11.97,3.117,20463,152.78,50.75,1190,1181,1397,3976,ON
584,2026-05-19 16:33:47.982,35.5,11.99,3.112,20527,152.70,50.83,1183,1174,1389,3988,ON
585,2026-05-19 16:33:48.482,35.5,11.99,3.123,20593,152.61,50.92,1181,1173,1389,4024,ON
586,2026-05-19 16:33:48.982,35.5,11.97,3.132,20659,152.53,51.00,1187,1179,1395,4052,ON
587,2026-05-19 16:33:49.482,35.5,11.96,3.114,20726,152.44,51.09,1193,1185,1401,4062,ON
588,2026-05-19 16:33:49.982,35.5,11.98,3.113,20796,152.35,51.17,1195,1188,1403,4030,ON
589,2026-05-19 16:33:50.482,35.5,11.99,3.121,20852,152.26,51.26,1190,1182,1396,4006,ON
590,2026-05-19 16:33:50.982,35.5,11.99,3.121,20905,152.18,51.35,1190,1185,1398,4095,ON
591,2026-05-19 16:33:51.482,35.5,11.98,3.126,20959,152.09,51.44,1199,1194,1407,4088,ON
592,2026-05-19 16:33:51.982,35.5,11.97,3.118,21020,152.01,51.52,1200,1195,1408,4013,ON
593,2026-05-19 16:33:52.482,35.5,11.97,3.112,21079,151.92,51.60,1189,1186,1397,3993,ON
594,2026-05-19 16:33:52.982,35.5,11.99,3.100,21144,151.84,51.69,1183,1181,1390,4023,ON
595,2026-05-19 16:33:53.482,35.5,12.01,3.111,21206,151.75,51.78,1191,1188,1398,4080,ON
596,2026-05-19 16:33:53.982,35.5,12.02,3.111,21265,151.66,51.87,1198,1196,1406,4087,ON
597,2026-05-19 16:33:54.482,35.5,12.02,3.117,21324,151.58,51.95,1203,1202,1412,4055,ON
598,2026-05-19 16:33:54.982,35.5,12.02,3.097,21377,151.50,52.03,1197,1197,1405,4024,ON
599,2026-05-19 16:33:55.482,35.5,12.05,3.109,21451,151.40,52.12,1190,1190,1399,4046,ON
600,2026-05-19 16:33:55.982,35.5,12.05,3.124,21509,151.32,52.21,1193,1194,1400,4074,ON
601,2026-05-19 16:33:56.482,35.5,12.04,3.109,21557,151.24,52.29,1199,1199,1404,4121,ON
602,2026-05-19 16:33:56.982,35.5,12.05,3.113,21600,151.15,52.38,1201,1202,1407,4074,ON
603,2026-05-19 16:33:57.482,35.5,12.06,3.095,21650,151.05,52.48,1197,1199,1404,4013,ON
604,2026-05-19 16:33:57.982,35.5,12.07,3.110,21695,150.97,52.56,1191,1192,1398,4004,ON
605,2026-05-19 16:33:58.482,35.5,12.06,3.119,21746,150.89,52.64,1190,1193,1399,4048,ON
606,2026-05-19 16:33:58.982,35.4,12.04,3.112,21798,150.79,52.74,1193,1197,1402,4082,ON
607,2026-05-19 16:33:59.482,35.5,12.05,3.108,21856,150.70,52.83,1198,1202,1406,4073,ON
608,2026-05-19 16:33:59.982,35.5,12.05,3.109,21915,150.63,52.89,1198,1203,1406,4074,ON
609,2026-05-19 16:34:00.482,35.5,12.05,3.097,21982,150.53,53.00,1196,1202,1405,4047,ON
610,2026-05-19 16:34:00.982,35.5,12.07,3.095,22045,150.45,53.08,1192,1200,1402,4069,ON
611,2026-05-19 16:34:01.482,35.5,12.06,3.117,22107,150.36,53.16,1191,1200,1401,4065,ON
612,2026-05-19 16:34:01.982,35.5,12.04,3.100,22176,150.27,53.26,1195,1203,1404,4114,ON
613,2026-05-19 16:34:02.482,35.5,12.07,3.099,22244,150.18,53.35,1203,1208,1405,4104,ON
614,2026-05-19 16:34:02.982,35.4,12.08,3.111,22309,150.10,53.43,1201,1206,1403,4069,ON
615,2026-05-19 16:34:03.482,35.4,12.07,3.086,22369,150.01,53.51,1200,1209,1407,4102,ON
616,2026-05-19 16:34:03.982,35.5,12.09,3.083,22424,149.93,53.60,1204,1214,1412,4117,ON
617,2026-05-19 16:34:04.482,35.5,12.07,3.115,22473,149.84,53.69,1203,1213,1411,4059,ON
618,2026-05-19 16:34:04.982,35.5,12.06,3.096,22523,149.75,53.78,1196,1208,1405,4023,ON
619,2026-05-19 16:34:05.482,35.4,12.09,3.098,22577,149.66,53.87,1193,1205,1401,4069,ON
620,2026-05-19 16:34:05.982,35.4,12.11,3.098,22643,149.58,53.95,1194,1207,1403,4116,ON
621,2026-05-19 16:34:06.482,35.4,12.11,3.106,22706,149.49,54.04,1197,1211,1406,4094,ON
622,2026-05-19 16:34:06.982,35.4,12.09,3.097,22764,149.41,54.12,1200,1215,1409,4105,ON
623,2026-05-19 16:34:07.482,35.4,12.08,3.105,22816,149.32,54.21,1199,1215,1408,4051,ON
624,2026-05-19 16:34:07.982,35.4,12.10,3.085,22863,149.23,54.30,1195,1212,1405,4069,ON
625,2026-05-19 16:34:08.482,35.4,12.10,3.107,22913,149.14,54.38,1194,1212,1405,4114,ON
626,2026-05-19 16:34:08.982,35.4,12.10,3.096,22963,149.05,54.48,1202,1221,1413,4141,ON
627,2026-05-19 16:34:09.482,35.4,12.12,3.108,23009,148.97,54.56,1207,1228,1419,4110,ON
628,2026-05-19 16:34:09.982,35.4,12.10,3.110,23058,148.88,54.65,1203,1225,1414,4058,ON
629,2026-05-19 16:34:10.482,35.4,12.09,3.111,23108,148.79,54.74,1195,1217,1406,4050,ON
630,2026-05-19 16:34:10.982,35.4,12.08,3.091,23155,148.71,54.82,1196,1217,1406,4129,ON
631,2026-05-19 16:34:11.482,35.4,12.09,3.092,23208,148.62,54.91,1201,1224,1413,4128,ON
632,2026-05-19 16:34:11.982,35.4,12.10,3.097,23273,148.53,55.00,1206,1229,1417,4147,ON
633,2026-05-19 16:34:12.482,35.4,12.11,3.101,23337,148.44,55.08,1205,1229,1416,4101,ON
634,2026-05-19 16:34:12.982,35.4,12.11,3.096,23398,148.36,55.17,1202,1226,1413,4061,ON
635,2026-05-19 16:34:13.482,35.4,12.11,3.098,23451,148.27,55.25,1201,1225,1412,4102,ON
636,2026-05-19 16:34:13.982,35.4,12.10,3.105,23496,148.19,55.34,1202,1228,1415,4144,ON
637,2026-05-19 16:34:14.482,35.4,12.10,3.089,23545,148.10,55.43,1206,1234,1419,4116,ON
638,2026-05-19 16:34:14.982,35.4,12.12,3.093,23594,148.01,55.52,1202,1230,1414,4079,ON
639,2026-05-19 16:34:15.482,35.4,12.14,3.089,23650,147.92,55.60,1198,1227,1409,4086,ON
640,2026-05-19 16:34:15.982,35.4,12.16,3.092,23706,147.84,55.69,1198,1228,1409,4151,ON
641,2026-05-19 16:34:16.482,35.4,12.15,3.100,23765,147.75,55.78,1206,1238,1418,4183,ON
642,2026-05-19 16:34:16.982,35.4,12.15,3.096,23822,147.66,55.87,1209,1241,1421,4145,ON
643,2026-05-19 16:34:17.482,35.4,12.15,3.086,23873,147.58,55.95,1204,1238,1417,4104,ON
644,2026-05-19 16:34:17.982,35.4,12.17,3.093,23930,147.49,56.04,1199,1235,1413,4126,ON
645,2026-05-19 16:34:18.482,35.4,12.16,3.098,23999,147.40,56.12,1204,1240,1417,4159,ON
646,2026-05-19 16:34:18.982,35.4,12.15,3.098,24064,147.32,56.21,1210,1246,1423,4172,ON
647,2026-05-19 16:34:19.482,35.4,12.14,3.082,24120,147.23,56.30,1214,1250,1427,4117,ON
648,2026-05-19 16:34:19.982,35.4,12.16,3.077,24172,147.15,56.38,1207,1244,1420,4102,ON
649,2026-05-19 16:34:20.482,35.4,12.16,3.095,24219,147.05,56.47,1200,1239,1412,4098,ON
650,2026-05-19 16:34:20.982,35.4,12.15,3.100,24271,146.96,56.56,1199,1238,1410,4179,ON
651,2026-05-19 16:34:21.482,35.4,12.13,3.103,24319,146.88,56.65,1208,1249,1421,4221,ON
652,2026-05-19 16:34:21.982,35.4,12.12,3.085,24375,146.80,56.73,1213,1254,1426,4141,ON
653,2026-05-19 16:34:22.482,35.4,12.14,3.085,24432,146.71,56.82,1207,1250,1421,4134,ON
654,2026-05-19 16:34:22.982,35.4,12.15,3.091,24488,146.62,56.90,1203,1248,1417,4112,ON
655,2026-05-19 16:34:23.482,35.4,12.17,3.074,24540,146.54,56.99,1204,1249,1418,4154,ON
656,2026-05-19 16:34:23.982,35.4,12.19,3.085,24589,146.45,57.08,1209,1254,1422,4198,ON
657,2026-05-19 16:34:24.482,35.4,12.20,3.072,24636,146.36,57.17,1212,1260,1426,4157,ON
658,2026-05-19 16:34:24.982,35.4,12.22,3.076,24683,146.28,57.25,1205,1254,1419,4106,ON
659,2026-05-19 16:34:25.482,35.4,12.22,3.084,24735,146.18,57.35,1201,1249,1414,4183,ON
660,2026-05-19 16:34:25.982,35.4,12.22,3.084,24793,146.11,57.42,1206,1257,1422,4211,ON
661,2026-05-19 16:34:26.482,35.4,12.22,3.079,24854,146.02,57.51,1210,1263,1427,4198,ON
662,2026-05-19 16:34:26.982,35.4,12.22,3.085,24901,145.93,57.60,1210,1265,1428,4165,ON
663,2026-05-19 16:34:27.482,35.4,12.21,3.092,24947,145.85,57.68,1209,1263,1426,4198,ON
664,2026-05-19 16:34:27.982,35.4,12.20,3.100,25003,145.75,57.77,1215,1269,1430,4216,ON
665,2026-05-19 16:34:28.482,35.4,12.20,3.077,25065,145.67,57.86,1218,1273,1435,4200,ON
666,2026-05-19 16:34:28.982,35.4,12.21,3.087,25121,145.58,57.95,1214,1270,1429,4157,ON
667,2026-05-19 16:34:29.482,35.4,12.21,3.088,25177,145.50,58.03,1208,1265,1423,4164,ON
668,2026-05-19 16:34:29.982,35.4,12.22,3.082,25225,145.41,58.11,1206,1263,1421,4216,ON
669,2026-05-19 16:34:30.482,35.4,12.24,3.078,25272,145.32,58.21,1214,1272,1429,4251,ON
670,2026-05-19 16:34:30.982,35.4,12.25,3.081,25324,145.24,58.29,1217,1276,1432,4213,ON
671,2026-05-19 16:34:31.482,35.4,12.26,3.071,25380,145.14,58.39,1215,1275,1430,4181,ON
672,2026-05-19 16:34:31.982,35.4,12.27,3.061,25432,145.04,58.48,1211,1273,1427,4150,ON
673,2026-05-19 16:34:32.482,35.4,12.28,3.077,25487,144.96,58.57,1211,1274,1427,4212,ON
674,2026-05-19 16:34:32.982,35.4,12.27,3.082,25539,144.88,58.65,1216,1280,1433,4231,ON
675,2026-05-19 16:34:33.482,35.3,12.25,3.066,25584,144.79,58.74,1221,1285,1438,4218,ON
676,2026-05-19 16:34:33.982,35.3,12.28,3.069,25636,144.69,58.84,1218,1283,1434,4194,ON
677,2026-05-19 16:34:34.482,35.3,12.29,3.065,25686,144.61,58.91,1213,1279,1429,4143,ON
678,2026-05-19 16:34:34.982,35.4,12.31,3.075,25750,144.53,59.00,1210,1278,1426,4226,ON
679,2026-05-19 16:34:35.482,35.3,12.30,3.075,25807,144.44,59.09,1215,1282,1431,4264,ON
680,2026-05-19 16:34:35.982,35.3,12.28,3.079,25847,144.35,59.18,1218,1287,1434,4230,ON
681,2026-05-19 16:34:36.482,35.3,12.27,3.075,25881,144.26,59.27,1218,1287,1434,4191,ON
682,2026-05-19 16:34:36.982,35.3,12.27,3.075,25920,144.18,59.35,1212,1282,1427,4131,ON
683,2026-05-19 16:34:37.482,35.3,12.29,3.070,25978,144.09,59.44,1207,1284,1428,4207,ON
684,2026-05-19 16:34:37.982,35.3,12.30,3.063,26043,144.00,59.52,1211,1292,1434,4217,ON
685,2026-05-19 16:34:38.482,35.3,12.32,3.069,26101,143.91,59.61,1214,1292,1434,4183,ON
686,2026-05-19 16:34:38.982,35.4,12.32,3.074,26151,143.83,59.70,1209,1286,1428,4182,ON
687,2026-05-19 16:34:39.482,35.4,12.30,3.064,26200,143.74,59.79,1207,1284,1425,4226,ON
688,2026-05-19 16:34:39.982,35.3,12.30,3.069,26259,143.65,59.87,1214,1293,1432,4259,ON
689,2026-05-19 16:34:40.482,35.3,12.28,3.078,26305,143.57,59.96,1222,1302,1439,4269,ON
690,2026-05-19 16:34:40.982,35.3,12.27,3.083,26348,143.48,60.05,1224,1306,1443,4252,ON
691,2026-05-19 16:34:41.482,35.3,12.25,3.067,26388,143.39,60.13,1222,1306,1443,4197,ON
692,2026-05-19 16:34:41.982,35.3,12.26,3.072,26432,143.31,60.21,1217,1301,1436,4219,ON
693,2026-05-19 16:34:42.482,35.3,12.27,3.075,26479,143.22,60.31,1220,1305,1439,4314,ON
694,2026-05-19 16:34:42.982,35.3,12.26,3.078,26521,143.13,60.40,1224,1310,1443,4263,ON
695,2026-05-19 16:34:43.482,35.3,12.26,3.077,26572,143.04,60.48,1226,1312,1444,4278,ON
696,2026-05-19 16:34:43.982,35.3,12.28,3.068,26613,142.96,60.56,1222,1309,1440,4208,ON
697,2026-05-19 16:34:44.482,35.3,12.29,3.079,26653,142.88,60.65,1215,1303,1433,4271,ON
698,2026-05-19 16:34:44.982,35.3,12.29,3.061,26697,142.79,60.74,1220,1311,1440,4288,ON
699,2026-05-19 16:34:45.482,35.3,12.32,3.065,26735,142.70,60.83,1226,1318,1446,4306,ON
700,2026-05-19 16:34:45.982,35.3,12.32,3.069,26789,142.62,60.91,1230,1323,1451,4274,ON
701,2026-05-19 16:34:46.482,35.3,12.31,3.060,26845,142.52,61.00,1227,1321,1447,4213,ON
702,2026-05-19 16:34:46.982,35.3,12.32,3.065,26889,142.44,61.08,1229,1323,1450,4314,ON
703,2026-05-19 16:34:47.482,35.3,12.32,3.054,26935,142.35,61.17,1233,1328,1453,4318,ON
704,2026-05-19 16:34:47.982,35.3,12.33,3.069,26994,142.27,61.26,1233,1330,1454,4296,ON
705,2026-05-19 16:34:48.482,35.3,12.32,3.068,27060,142.18,61.35,1227,1326,1447,4258,ON
706,2026-05-19 16:34:48.982,35.3,12.32,3.057,27115,142.09,61.43,1222,1321,1442,4307,ON
707,2026-05-19 16:34:49.482,35.3,12.31,3.075,27175,142.00,61.53,1226,1326,1446,4339,ON
708,2026-05-19 16:34:49.982,35.3,12.30,3.067,27241,141.92,61.61,1233,1336,1454,4345,ON
709,2026-05-19 16:34:50.482,35.3,12.30,3.076,27292,141.83,61.70,1237,1341,1458,4303,ON
710,2026-05-19 16:34:50.982,35.3,12.28,3.079,27334,141.75,61.78,1234,1337,1453,4271,ON
711,2026-05-19 16:34:51.482,35.3,12.27,3.064,27384,141.66,61.87,1227,1330,1446,4253,ON
712,2026-05-19 16:34:51.982,35.3,12.29,3.078,27435,141.56,61.97,1225,1329,1444,4330,ON
713,2026-05-19 16:34:52.482,35.3,12.29,3.060,27476,141.48,62.05,1233,1340,1453,4368,ON
714,2026-05-19 16:34:52.982,35.3,12.29,3.075,27518,141.39,62.13,1239,1348,1460,4366,ON
715,2026-05-19 16:34:53.482,35.3,12.28,3.062,27564,141.31,62.22,1237,1347,1458,4319,ON
716,2026-05-19 16:34:53.982,35.3,12.31,3.059,27602,141.22,62.31,1230,1340,1449,4266,ON
717,2026-05-19 16:34:54.482,35.3,12.32,3.070,27640,141.13,62.40,1224,1335,1443,4323,ON
718,2026-05-19 16:34:54.982,35.3,12.32,3.074,27691,141.05,62.48,1230,1342,1449,4355,ON
719,2026-05-19 16:34:55.482,35.3,12.31,3.067,27742,140.97,62.56,1235,1350,1456,4350,ON
720,2026-05-19 16:34:55.982,35.3,12.31,3.060,27794,140.88,62.65,1239,1354,1459,4328,ON
721,2026-05-19 16:34:56.482,35.3,12.31,3.054,27847,140.80,62.73,1237,1353,1457,4305,ON
722,2026-05-19 16:34:56.982,35.3,12.33,3.055,27890,140.70,62.82,1231,1348,1451,4316,ON
723,2026-05-19 16:34:57.482,35.3,12.32,3.074,27942,140.61,62.91,1231,1349,1451,4407,ON
724,2026-05-19 16:34:57.982,35.3,12.30,3.071,27984,140.53,63.00,1240,1362,1462,4403,ON
725,2026-05-19 16:34:58.482,35.3,12.30,3.070,28026,140.44,63.09,1243,1365,1460,4368,ON
726,2026-05-19 16:34:58.982,35.3,12.31,3.070,28063,140.35,63.18,1239,1366,1454,4341,ON
727,2026-05-19 16:34:59.482,35.3,12.30,3.056,28106,140.27,63.26,1238,1366,1459,4404,ON
728,2026-05-19 16:34:59.982,35.3,12.31,3.054,28160,140.18,63.35,1244,1373,1467,4373,ON
729,2026-05-19 16:35:00.482,35.3,12.31,3.065,28219,140.08,63.45,1244,1372,1464,4338,ON
730,2026-05-19 16:35:00.982,35.3,12.31,3.056,28271,139.99,63.54,1238,1365,1457,4326,ON
731,2026-05-19 16:35:01.482,35.3,12.34,3.049,28319,139.90,63.63,1236,1365,1455,4357,ON
732,2026-05-19 16:35:01.982,35.3,12.34,3.069,28369,139.81,63.71,1239,1371,1460,4401,ON
733,2026-05-19 16:35:02.482,35.3,12.33,3.085,28422,139.73,63.80,1246,1380,1468,4432,ON
734,2026-05-19 16:35:02.982,35.3,12.29,3.075,28470,139.64,63.89,1250,1386,1472,4378,ON
735,2026-05-19 16:35:03.482,35.3,12.28,3.073,28505,139.55,63.97,1244,1379,1464,4352,ON
736,2026-05-19 16:35:03.982,35.3,12.28,3.066,28542,139.47,64.06,1238,1372,1458,4381,ON
737,2026-05-19 16:35:04.482,35.3,12.28,3.077,28576,139.38,64.15,1239,1375,1459,4421,ON
738,2026-05-19 16:35:04.982,35.3,12.27,3.072,28624,139.29,64.24,1246,1384,1468,4431,ON
739,2026-05-19 16:35:05.482,35.3,12.25,3.084,28682,139.21,64.32,1250,1390,1473,4395,ON
740,2026-05-19 16:35:05.982,35.3,12.25,3.072,28732,139.12,64.40,1247,1388,1470,4366,ON
741,2026-05-19 16:35:06.482,35.3,12.25,3.080,28779,139.04,64.49,1239,1380,1461,4348,ON
742,2026-05-19 16:35:06.982,35.3,12.26,3.070,28825,138.94,64.58,1236,1378,1458,4397,ON
743,2026-05-19 16:35:07.482,35.3,12.28,3.070,28881,138.86,64.67,1241,1384,1463,4435,ON
744,2026-05-19 16:35:07.982,35.3,12.27,3.084,28943,138.77,64.76,1247,1394,1473,4451,ON
745,2026-05-19 16:35:08.482,35.3,12.25,3.087,28997,138.68,64.84,1248,1397,1475,4401,ON
746,2026-05-19 16:35:08.982,35.3,12.25,3.075,29053,138.59,64.93,1243,1391,1469,4382,ON
747,2026-05-19 16:35:09.482,35.3,12.25,3.075,29103,138.51,65.02,1240,1389,1466,4439,ON
748,2026-05-19 16:35:09.982,35.3,12.25,3.060,29156,138.43,65.10,1246,1398,1473,4471,ON
749,2026-05-19 16:35:10.482,35.3,12.22,3.090,29205,138.33,65.20,1244,1396,1470,4459,ON
750,2026-05-19 16:35:10.982,35.3,12.21,3.084,29252,138.25,65.28,1239,1391,1465,4415,ON
751,2026-05-19 16:35:11.482,35.3,12.22,3.072,29292,138.17,65.36,1244,1401,1475,4490,ON
752,2026-05-19 16:35:11.982,35.3,12.24,3.071,29339,138.08,65.45,1253,1410,1485,4489,ON
753,2026-05-19 16:35:12.482,35.3,12.26,3.072,29373,137.99,65.54,1256,1415,1489,4439,ON
754,2026-05-19 16:35:12.982,35.3,12.26,3.080,29404,137.90,65.62,1248,1406,1480,4394,ON
755,2026-05-19 16:35:13.482,35.3,12.26,3.079,29440,137.81,65.71,1241,1399,1472,4415,ON
756,2026-05-19 16:35:13.982,35.3,12.27,3.066,29483,137.73,65.80,1244,1404,1475,4476,ON
757,2026-05-19 16:35:14.482,35.3,12.28,3.087,29541,137.64,65.89,1250,1412,1483,4471,ON
758,2026-05-19 16:35:14.982,35.3,12.26,3.088,29600,137.55,65.98,1252,1416,1486,4408,ON
759,2026-05-19 16:35:15.482,35.3,12.23,3.077,29659,137.46,66.07,1245,1410,1479,4418,ON
760,2026-05-19 16:35:15.982,35.2,12.23,3.078,29705,137.37,66.15,1241,1416,1483,4470,ON
761,2026-05-19 16:35:16.482,35.2,12.24,3.094,29744,137.29,66.24,1252,1423,1488,4473,ON
762,2026-05-19 16:35:16.982,35.2,12.23,3.092,29786,137.20,66.32,1251,1422,1486,4443,ON
763,2026-05-19 16:35:17.482,35.2,12.24,3.074,29830,137.11,66.41,1247,1419,1481,4466,ON
764,2026-05-19 16:35:17.982,35.2,12.25,3.074,29874,137.03,66.50,1251,1424,1484,4521,ON
765,2026-05-19 16:35:18.482,35.2,12.27,3.073,29912,136.94,66.59,1259,1434,1492,4557,ON
766,2026-05-19 16:35:18.982,35.2,12.28,3.082,29963,136.85,66.68,1263,1442,1498,4497,ON
767,2026-05-19 16:35:19.482,35.2,12.25,3.089,30007,136.78,66.75,1259,1438,1493,4443,ON
768,2026-05-19 16:35:19.982,35.2,12.23,3.084,30044,136.68,66.84,1250,1428,1483,4448,ON
769,2026-05-19 16:35:20.482,35.2,12.24,3.067,30079,136.60,66.93,1252,1430,1483,4502,ON
770,2026-05-19 16:35:20.982,35.2,12.26,3.077,30112,136.51,67.01,1258,1438,1488,4521,ON
771,2026-05-19 16:35:21.482,35.2,12.26,3.079,30151,136.42,67.10,1259,1442,1490,4481,ON
772,2026-05-19 16:35:21.982,35.2,12.26,3.086,30191,136.34,67.19,1254,1436,1483,4456,ON
773,2026-05-19 16:35:22.482,35.2,12.25,3.072,30240,136.25,67.28,1248,1432,1478,4509,ON
774,2026-05-19 16:35:22.982,35.2,12.26,3.070,30287,136.17,67.36,1253,1439,1484,4535,ON
775,2026-05-19 16:35:23.482,35.2,12.28,3.076,30338,136.08,67.45,1259,1447,1490,4533,ON
776,2026-05-19 16:35:23.982,35.2,12.27,3.057,30396,135.99,67.53,1262,1452,1493,4488,ON
777,2026-05-19 16:35:24.482,35.2,12.28,3.067,30454,135.90,67.63,1255,1445,1485,4452,ON
778,2026-05-19 16:35:24.982,35.2,12.29,3.074,30495,135.81,67.71,1250,1440,1480,4490,ON
779,2026-05-19 16:35:25.482,35.2,12.29,3.079,30532,135.71,67.82,1254,1446,1483,4518,ON
780,2026-05-19 16:35:25.982,35.2,12.27,3.085,30561,135.62,67.91,1254,1446,1482,4476,ON
781,2026-05-19 16:35:26.482,35.2,12.26,3.082,30591,135.54,67.99,1250,1444,1479,4490,ON
782,2026-05-19 16:35:26.982,35.2,12.27,3.059,30628,135.45,68.08,1251,1446,1480,4553,ON
783,2026-05-19 16:35:27.482,35.2,12.28,3.064,30668,135.36,68.16,1260,1458,1489,4565,ON
784,2026-05-19 16:35:27.982,35.2,12.29,3.051,30717,135.28,68.25,1262,1462,1492,4539,ON
785,2026-05-19 16:35:28.482,35.2,12.30,3.070,30770,135.19,68.34,1258,1459,1488,4488,ON
786,2026-05-19 16:35:28.982,35.2,12.29,3.077,30815,135.10,68.43,1253,1454,1483,4512,ON
787,2026-05-19 16:35:29.482,35.2,12.28,3.074,30860,135.02,68.51,1258,1461,1488,4588,ON
788,2026-05-19 16:35:29.982,35.2,12.30,3.065,30901,134.92,68.61,1266,1473,1498,4585,ON
789,2026-05-19 16:35:30.482,35.2,12.31,3.065,30944,134.84,68.69,1267,1476,1499,4522,ON
790,2026-05-19 16:35:30.982,35.2,12.32,3.069,30982,134.75,68.78,1262,1473,1495,4523,ON
791,2026-05-19 16:35:31.482,35.2,12.31,3.066,31023,134.67,68.86,1258,1469,1490,4574,ON
792,2026-05-19 16:35:31.982,35.2,12.30,3.082,31067,134.58,68.95,1263,1477,1497,4611,ON
793,2026-05-19 16:35:32.482,35.2,12.30,3.061,31119,134.49,69.04,1271,1487,1504,4580,ON
794,2026-05-19 16:35:32.982,35.2,12.31,3.067,31162,134.40,69.12,1271,1489,1505,4579,ON
795,2026-05-19 16:35:33.482,35.2,12.31,3.069,31214,134.31,69.21,1266,1484,1499,4537,ON
796,2026-05-19 16:35:33.982,35.2,12.29,3.074,31251,134.23,69.30,1265,1483,1498,4578,ON
797,2026-05-19 16:35:34.482,35.2,12.29,3.078,31292,134.14,69.38,1268,1488,1500,4588,ON
798,2026-05-19 16:35:34.982,35.2,12.31,3.069,31323,134.05,69.47,1270,1492,1503,4609,ON
799,2026-05-19 16:35:35.482,35.2,12.31,3.069,31362,133.97,69.56,1271,1493,1503,4547,ON
800,2026-05-19 16:35:35.982,35.2,12.31,3.067,31417,133.88,69.64,1263,1487,1496,4566,ON
801,2026-05-19 16:35:36.482,35.2,12.32,3.056,31469,133.79,69.73,1264,1490,1498,4621,ON
802,2026-05-19 16:35:36.982,35.2,12.33,3.062,31513,133.71,69.82,1271,1500,1506,4636,ON
803,2026-05-19 16:35:37.482,35.2,12.34,3.058,31558,133.61,69.91,1274,1505,1509,4587,ON
804,2026-05-19 16:35:37.982,35.2,12.34,3.066,31605,133.53,70.00,1268,1500,1503,4568,ON
805,2026-05-19 16:35:38.482,35.2,12.34,3.065,31646,133.45,70.08,1263,1496,1499,4614,ON
806,2026-05-19 16:35:38.982,35.2,12.32,3.084,31684,133.36,70.17,1266,1503,1504,4614,ON
807,2026-05-19 16:35:39.482,35.2,12.29,3.067,31720,133.27,70.26,1272,1509,1508,4638,ON
808,2026-05-19 16:35:39.982,35.2,12.28,3.074,31767,133.18,70.34,1275,1512,1510,4578,ON
809,2026-05-19 16:35:40.482,35.2,12.29,3.069,31814,133.10,70.43,1271,1510,1506,4622,ON
810,2026-05-19 16:35:40.982,35.2,12.29,3.072,31855,133.01,70.52,1276,1516,1512,4670,ON
811,2026-05-19 16:35:41.482,35.2,12.29,3.072,31901,132.92,70.61,1280,1523,1516,4660,ON
812,2026-05-19 16:35:41.982,35.1,12.31,3.062,31946,132.83,70.70,1279,1522,1513,4594,ON
813,2026-05-19 16:35:42.482,35.1,12.32,3.063,31982,132.75,70.78,1271,1514,1504,4584,ON
814,2026-05-19 16:35:42.982,35.1,12.33,3.078,32009,132.66,70.87,1267,1511,1501,4629,ON
815,2026-05-19 16:35:43.482,35.1,12.32,3.061,32038,132.57,70.95,1271,1518,1506,4658,ON
816,2026-05-19 16:35:43.982,35.1,12.32,3.076,32082,132.48,71.04,1276,1525,1511,4663,ON
817,2026-05-19 16:35:44.482,35.1,12.30,3.057,32134,132.40,71.13,1279,1529,1514,4640,ON
818,2026-05-19 16:35:44.982,35.1,12.31,3.066,32179,132.32,71.21,1274,1525,1509,4598,ON
819,2026-05-19 16:35:45.482,35.1,12.32,3.072,32227,132.23,71.30,1269,1522,1504,4634,ON
820,2026-05-19 16:35:45.982,35.1,12.32,3.057,32274,132.14,71.39,1273,1529,1510,4693,ON
821,2026-05-19 16:35:46.482,35.1,12.34,3.065,32317,132.05,71.47,1280,1539,1517,4693,ON
822,2026-05-19 16:35:46.982,35.1,12.35,3.057,32355,131.96,71.56,1282,1542,1518,4656,ON
823,2026-05-19 16:35:47.482,35.1,12.35,3.063,32392,131.88,71.65,1277,1537,1512,4624,ON
824,2026-05-19 16:35:47.982,35.1,12.33,3.076,32427,131.80,71.73,1271,1532,1507,4601,ON
825,2026-05-19 16:35:48.482,35.1,12.32,3.060,32449,131.71,71.82,1275,1538,1511,4682,ON
826,2026-05-19 16:35:48.982,35.1,12.33,3.062,32483,131.62,71.91,1281,1547,1518,4722,ON
827,2026-05-19 16:35:49.482,35.1,12.34,3.069,32530,131.54,71.99,1283,1551,1519,4664,ON
828,2026-05-19 16:35:49.982,35.1,12.33,3.062,32584,131.44,72.08,1278,1546,1514,4643,ON
829,2026-05-19 16:35:50.482,35.1,12.31,3.082,32637,131.37,72.16,1273,1542,1509,4669,ON
830,2026-05-19 16:35:50.982,35.1,12.28,3.067,32689,131.28,72.25,1277,1549,1514,4707,ON
831,2026-05-19 16:35:51.482,35.1,12.29,3.061,32748,131.19,72.34,1282,1556,1518,4724,ON
832,2026-05-19 16:35:51.982,35.1,12.32,3.063,32803,131.10,72.43,1285,1562,1520,4665,ON
833,2026-05-19 16:35:52.482,35.1,12.33,3.068,32837,131.01,72.52,1280,1557,1516,4626,ON
834,2026-05-19 16:35:52.982,35.1,12.33,3.066,32865,130.93,72.60,1283,1563,1518,4733,ON
835,2026-05-19 16:35:53.482,35.1,12.33,3.061,32887,130.83,72.69,1289,1571,1524,4720,ON
836,2026-05-19 16:35:53.982,35.1,12.34,3.067,32922,130.75,72.78,1287,1572,1523,4684,ON
837,2026-05-19 16:35:54.482,35.1,12.34,3.067,32957,130.67,72.86,1281,1566,1517,4649,ON
838,2026-05-19 16:35:54.982,35.1,12.33,3.092,32991,130.58,72.95,1279,1564,1515,4696,ON
839,2026-05-19 16:35:55.482,35.1,12.32,3.070,33033,130.49,73.04,1283,1569,1519,4759,ON
840,2026-05-19 16:35:55.982,35.1,12.31,3.069,33078,130.40,73.13,1291,1578,1526,4770,ON
841,2026-05-19 16:35:56.482,35.1,12.31,3.062,33119,130.31,73.22,1293,1581,1528,4729,ON
842,2026-05-19 16:35:56.982,35.1,12.30,3.081,33150,130.23,73.30,1286,1574,1521,4678,ON
843,2026-05-19 16:35:57.482,35.1,12.29,3.077,33177,130.14,73.39,1280,1568,1516,4737,ON
844,2026-05-19 16:35:57.982,35.1,12.30,3.071,33220,130.04,73.48,1287,1576,1523,4761,ON
845,2026-05-19 16:35:58.482,35.1,12.30,3.068,33252,129.95,73.57,1292,1582,1528,4757,ON
846,2026-05-19 16:35:58.982,35.1,12.30,3.068,33293,129.86,73.66,1290,1580,1526,4691,ON
847,2026-05-19 16:35:59.482,35.1,12.30,3.061,33338,129.78,73.75,1285,1575,1522,4710,ON
848,2026-05-19 16:35:59.982,35.1,12.32,3.073,33386,129.69,73.84,1285,1576,1522,4766,ON
849,2026-05-19 16:36:00.482,35.1,12.31,3.078,33429,129.60,73.92,1293,1586,1530,4794,ON
850,2026-05-19 16:36:00.982,35.1,12.31,3.068,33469,129.52,74.01,1297,1592,1535,4744,ON
851,2026-05-19 16:36:01.482,35.1,12.32,3.068,33500,129.43,74.10,1294,1588,1528,4693,ON
852,2026-05-19 16:36:01.982,35.1,12.32,3.094,33540,129.34,74.19,1292,1587,1533,4742,ON
853,2026-05-19 16:36:02.482,35.1,12.32,3.070,33578,129.25,74.28,1292,1595,1537,4776,ON
854,2026-05-19 16:36:02.982,35.1,12.31,3.075,33621,129.17,74.36,1296,1598,1537,4748,ON
855,2026-05-19 16:36:03.482,35.1,12.28,3.091,33683,129.08,74.45,1289,1591,1528,4775,ON
856,2026-05-19 16:36:03.982,35.1,12.27,3.064,33735,129.00,74.53,1285,1588,1524,4811,ON
857,2026-05-19 16:36:04.482,35.1,12.28,3.066,33772,128.91,74.62,1293,1600,1533,4824,ON
858,2026-05-19 16:36:04.982,35.1,12.29,3.070,33809,128.82,74.71,1300,1609,1539,4826,ON
859,2026-05-19 16:36:05.482,35.1,12.30,3.070,33831,128.73,74.80,1299,1610,1538,4781,ON
860,2026-05-19 16:36:05.982,35.1,12.30,3.079,33859,128.64,74.89,1294,1605,1533,4721,ON
861,2026-05-19 16:36:06.482,35.1,12.28,3.081,33890,128.56,74.97,1292,1603,1529,4787,ON
862,2026-05-19 16:36:06.982,35.1,12.27,3.074,33922,128.47,75.05,1297,1610,1534,4839,ON
863,2026-05-19 16:36:07.482,35.1,12.28,3.067,33972,128.39,75.14,1301,1616,1538,4821,ON
864,2026-05-19 16:36:07.982,35.1,12.30,3.067,34023,128.30,75.23,1300,1617,1538,4758,ON
865,2026-05-19 16:36:08.482,35.1,12.28,3.078,34073,128.21,75.31,1293,1610,1531,4785,ON
866,2026-05-19 16:36:08.982,35.1,12.27,3.073,34112,128.13,75.40,1292,1611,1531,4822,ON
867,2026-05-19 16:36:09.482,35.1,12.27,3.070,34157,128.04,75.49,1297,1618,1535,4834,ON
868,2026-05-19 16:36:09.982,35.1,12.28,3.069,34206,127.95,75.57,1301,1624,1539,4831,ON
869,2026-05-19 16:36:10.482,35.1,12.29,3.064,34250,127.87,75.66,1302,1627,1540,4806,ON
870,2026-05-19 16:36:10.982,35.1,12.30,3.066,34283,127.78,75.75,1297,1622,1535,4761,ON
871,2026-05-19 16:36:11.482,35.1,12.30,3.060,34303,127.70,75.83,1294,1620,1532,4827,ON
872,2026-05-19 16:36:11.982,35.1,12.32,3.048,34344,127.61,75.92,1302,1631,1540,4875,ON
873,2026-05-19 16:36:12.482,35.1,12.32,3.083,34383,127.52,76.00,1308,1641,1547,4822,ON
874,2026-05-19 16:36:12.982,35.1,12.29,3.060,34423,127.43,76.10,1304,1636,1542,4791,ON
875,2026-05-19 16:36:13.482,35.1,12.30,3.065,34468,127.35,76.18,1296,1629,1536,4773,ON
876,2026-05-19 16:36:13.982,35.1,12.30,3.068,34501,127.26,76.27,1292,1625,1532,4852,ON
877,2026-05-19 16:36:14.482,35.1,12.30,3.069,34532,127.17,76.35,1302,1639,1540,4915,ON
878,2026-05-19 16:36:14.982,35.1,12.30,3.056,34570,127.08,76.45,1303,1642,1540,4859,ON
879,2026-05-19 16:36:15.482,35.1,12.30,3.070,34592,127.00,76.52,1300,1636,1536,4841,ON
880,2026-05-19 16:36:15.982,35.1,12.30,3.064,34620,126.91,76.62,1302,1642,1540,4909,ON
881,2026-05-19 16:36:16.482,35.1,12.30,3.069,34646,126.82,76.70,1310,1656,1551,4903,ON
882,2026-05-19 16:36:16.982,35.1,12.29,3.082,34676,126.73,76.79,1314,1662,1554,4867,ON
883,2026-05-19 16:36:17.482,35.1,12.29,3.069,34715,126.65,76.88,1307,1655,1547,4828,ON
884,2026-05-19 16:36:17.982,35.1,12.30,3.063,34761,126.57,76.96,1301,1649,1541,4823,ON
885,2026-05-19 16:36:18.482,35.1,12.31,3.052,34796,126.48,77.04,1304,1654,1544,4904,ON
886,2026-05-19 16:36:18.982,35.1,12.31,3.069,34840,126.40,77.13,1311,1664,1551,4934,ON
887,2026-05-19 16:36:19.482,35.1,12.31,3.075,34873,126.31,77.22,1316,1671,1556,4883,ON
888,2026-05-19 16:36:19.982,35.1,12.31,3.060,34908,126.22,77.31,1310,1666,1550,4852,ON
889,2026-05-19 16:36:20.482,35.1,12.32,3.054,34943,126.14,77.39,1305,1661,1545,4860,ON
890,2026-05-19 16:36:20.982,35.1,12.31,3.072,34980,126.05,77.48,1303,1659,1542,4917,ON
891,2026-05-19 16:36:21.482,35.1,12.30,3.060,35017,125.95,77.57,1310,1670,1550,4926,ON
892,2026-05-19 16:36:21.982,35.1,12.31,3.072,35062,125.87,77.66,1315,1677,1555,4944,ON
893,2026-05-19 16:36:22.482,35.1,12.32,3.064,35105,125.78,77.75,1316,1679,1556,4892,ON
894,2026-05-19 16:36:22.982,35.1,12.32,3.056,35145,125.69,77.84,1309,1673,1550,4849,ON
895,2026-05-19 16:36:23.482,35.1,12.32,3.075,35191,125.60,77.92,1305,1669,1544,4890,ON
896,2026-05-19 16:36:23.982,35.0,12.31,3.067,35234,125.52,78.01,1309,1675,1549,4955,ON
897,2026-05-19 16:36:24.482,35.0,12.32,3.065,35260,125.42,78.10,1317,1687,1558,4920,ON
898,2026-05-19 16:36:24.982,35.0,12.31,3.041,35285,125.34,78.18,1317,1688,1558,4891,ON
899,2026-05-19 16:36:25.482,35.1,12.30,3.079,35314,125.26,78.27,1311,1682,1552,4881,ON
900,2026-05-19 16:36:25.982,35.1,12.30,3.065,35354,125.17,78.36,1307,1679,1548,4950,ON
901,2026-05-19 16:36:26.482,35.1,12.31,3.054,35392,125.08,78.45,1314,1689,1556,4944,ON
902,2026-05-19 16:36:26.982,35.0,12.30,3.063,35431,124.99,78.53,1317,1695,1558,4949,ON
903,2026-05-19 16:36:27.482,35.0,12.32,3.063,35478,124.91,78.62,1319,1698,1560,4933,ON
904,2026-05-19 16:36:27.982,35.0,12.33,3.061,35513,124.82,78.71,1314,1693,1556,4877,ON
905,2026-05-19 16:36:28.482,35.0,12.34,3.066,35550,124.73,78.80,1311,1691,1553,4919,ON
906,2026-05-19 16:36:28.982,35.0,12.33,3.061,35572,124.64,78.89,1316,1699,1558,4992,ON
907,2026-05-19 16:36:29.482,35.0,12.33,3.060,35600,124.56,78.97,1322,1709,1566,4995,ON
908,2026-05-19 16:36:29.982,35.0,12.34,3.055,35633,124.48,79.05,1318,1704,1560,4901,ON
909,2026-05-19 16:36:30.482,35.0,12.34,3.067,35668,124.39,79.14,1314,1700,1556,4946,ON
910,2026-05-19 16:36:30.982,35.0,12.33,3.069,35704,124.30,79.23,1319,1708,1562,5002,ON
911,2026-05-19 16:36:31.482,35.0,12.33,3.054,35742,124.22,79.31,1325,1718,1569,5010,ON
912,2026-05-19 16:36:31.982,35.0,12.35,3.072,35773,124.13,79.40,1326,1721,1569,4979,ON
913,2026-05-19 16:36:32.482,35.0,12.33,3.060,35799,124.02,79.51,1319,1713,1561,4920,ON
914,2026-05-19 16:36:32.982,35.0,12.34,3.062,35829,123.95,79.57,1314,1707,1556,4983,ON
915,2026-05-19 16:36:33.482,35.0,12.34,3.068,35856,123.85,79.67,1318,1715,1561,5017,ON
916,2026-05-19 16:36:33.982,35.0,12.33,3.060,35880,123.76,79.77,1325,1724,1568,5011,ON
917,2026-05-19 16:36:34.482,35.0,12.32,3.069,35909,123.68,79.85,1328,1729,1571,4989,ON
918,2026-05-19 16:36:34.982,35.0,12.30,3.081,35951,123.59,79.94,1323,1725,1566,4928,ON
919,2026-05-19 16:36:35.482,35.0,12.28,3.074,35992,123.50,80.03,1315,1716,1558,4942,ON
920,2026-05-19 16:36:35.982,35.0,12.28,3.077,36039,123.42,80.11,1317,1719,1559,5018,ON
921,2026-05-19 16:36:36.482,35.0,12.27,3.070,36076,123.33,80.20,1327,1734,1570,5075,ON
922,2026-05-19 16:36:36.982,35.0,12.28,3.072,36121,123.24,80.29,1331,1740,1574,5001,ON
923,2026-05-19 16:36:37.482,35.0,12.28,3.068,36163,123.16,80.37,1324,1732,1567,4944,ON
924,2026-05-19 16:36:37.982,35.0,12.29,3.054,36189,123.07,80.46,1318,1726,1561,4998,ON
925,2026-05-19 16:36:38.482,35.0,12.29,3.066,36214,122.98,80.54,1324,1735,1568,5049,ON
926,2026-05-19 16:36:38.982,35.0,12.29,3.055,36251,122.90,80.63,1330,1745,1574,5049,ON
927,2026-05-19 16:36:39.482,35.0,12.32,3.077,36289,122.81,80.72,1331,1747,1575,4998,ON
928,2026-05-19 16:36:39.982,35.0,12.32,3.071,36328,122.72,80.81,1324,1740,1568,4957,ON
929,2026-05-19 16:36:40.482,35.0,12.32,3.069,36367,122.63,80.89,1321,1746,1572,5074,ON
930,2026-05-19 16:36:40.982,35.0,12.31,3.072,36415,122.55,80.98,1330,1756,1578,5043,ON
931,2026-05-19 16:36:41.482,35.0,12.31,3.066,36460,122.46,81.07,1328,1751,1574,5000,ON
932,2026-05-19 16:36:41.982,35.0,12.31,3.051,36494,122.38,81.15,1325,1746,1569,5014,ON
933,2026-05-19 16:36:42.482,35.0,12.29,3.080,36524,122.29,81.24,1325,1748,1570,5055,ON
934,2026-05-19 16:36:42.982,35.0,12.27,3.065,36549,122.20,81.32,1332,1758,1577,5083,ON
935,2026-05-19 16:36:43.482,35.0,12.30,3.054,36580,122.11,81.42,1336,1764,1581,5069,ON
936,2026-05-19 16:36:43.982,35.0,12.31,3.070,36623,122.03,81.50,1335,1765,1580,5003,ON
937,2026-05-19 16:36:44.482,35.0,12.31,3.065,36665,121.94,81.59,1327,1755,1570,4995,ON
938,2026-05-19 16:36:44.982,35.0,12.31,3.066,36707,121.86,81.67,1324,1753,1568,5044,ON
939,2026-05-19 16:36:45.482,35.0,12.30,3.071,36739,121.77,81.76,1328,1760,1573,5068,ON
940,2026-05-19 16:36:45.982,35.0,12.29,3.078,36774,121.68,81.85,1336,1772,1582,5103,ON
941,2026-05-19 16:36:46.482,35.0,12.27,3.077,36796,121.59,81.94,1337,1775,1583,5065,ON
942,2026-05-19 16:36:46.982,35.0,12.26,3.076,36825,121.50,82.02,1332,1770,1578,5031,ON
943,2026-05-19 16:36:47.482,35.0,12.26,3.072,36858,121.41,82.12,1327,1765,1573,5043,ON
944,2026-05-19 16:36:47.982,35.0,12.26,3.053,36895,121.33,82.19,1329,1768,1575,5094,ON
945,2026-05-19 16:36:48.482,35.0,12.27,3.068,36917,121.24,82.29,1336,1778,1581,5132,ON
946,2026-05-19 16:36:48.982,35.0,12.28,3.073,36955,121.16,82.37,1340,1785,1585,5081,ON
947,2026-05-19 16:36:49.482,35.0,12.28,3.070,37001,121.07,82.46,1336,1782,1582,5043,ON
948,2026-05-19 16:36:49.982,35.0,12.27,3.081,37039,120.98,82.55,1332,1777,1577,5052,ON
949,2026-05-19 16:36:50.482,35.0,12.25,3.071,37077,120.89,82.63,1333,1780,1578,5098,ON
950,2026-05-19 16:36:50.982,35.0,12.24,3.082,37108,120.81,82.72,1340,1791,1587,5154,ON
951,2026-05-19 16:36:51.482,35.0,12.23,3.078,37136,120.72,82.81,1347,1801,1594,5133,ON
952,2026-05-19 16:36:51.982,35.0,12.24,3.074,37159,120.63,82.89,1343,1796,1589,5043,ON
953,2026-05-19 16:36:52.482,35.0,12.24,3.079,37190,120.55,82.98,1334,1787,1580,5045,ON
954,2026-05-19 16:36:52.982,35.0,12.24,3.079,37234,120.46,83.07,1330,1782,1575,5099,ON
955,2026-05-19 16:36:53.482,35.0,12.25,3.069,37277,120.37,83.16,1337,1792,1580,5149,ON
956,2026-05-19 16:36:53.982,35.0,12.27,3.066,37310,120.29,83.24,1339,1796,1582,5180,ON
957,2026-05-19 16:36:54.482,35.0,12.25,3.100,37355,120.20,83.33,1334,1790,1577,5083,ON
958,2026-05-19 16:36:54.982,35.0,12.21,3.101,37406,120.11,83.42,1333,1791,1578,5164,ON
959,2026-05-19 16:36:55.482,35.0,12.20,3.088,37446,120.03,83.50,1342,1804,1588,5158,ON
960,2026-05-19 16:36:55.982,34.9,12.19,3.080,37478,119.94,83.59,1347,1810,1593,5157,ON
961,2026-05-19 16:36:56.482,34.9,12.21,3.078,37523,119.85,83.67,1346,1811,1592,5130,ON
962,2026-05-19 16:36:56.982,35.0,12.23,3.086,37583,119.77,83.76,1340,1805,1586,5066,ON
963,2026-05-19 16:36:57.482,35.0,12.24,3.081,37627,119.68,83.85,1337,1802,1583,5132,ON
964,2026-05-19 16:36:57.982,35.0,12.24,3.080,37663,119.59,83.93,1342,1810,1589,5167,ON
965,2026-05-19 16:36:58.482,34.9,12.23,3.071,37692,119.50,84.03,1347,1819,1595,5178,ON
966,2026-05-19 16:36:58.982,34.9,12.24,3.073,37726,119.41,84.11,1350,1824,1598,5145,ON
967,2026-05-19 16:36:59.482,34.9,12.25,3.075,37756,119.33,84.20,1346,1821,1594,5099,ON
968,2026-05-19 16:36:59.982,34.9,12.24,3.070,37781,119.24,84.29,1341,1814,1587,5130,ON
969,2026-05-19 16:37:00.482,34.9,12.25,3.064,37797,119.15,84.37,1339,1813,1586,5156,ON
970,2026-05-19 16:37:00.982,34.9,12.26,3.073,37815,119.07,84.45,1345,1822,1593,5196,ON
971,2026-05-19 16:37:01.482,34.9,12.26,3.080,37834,118.98,84.55,1349,1830,1598,5190,ON
972,2026-05-19 16:37:01.982,34.9,12.25,3.080,37861,118.90,84.63,1350,1832,1599,5163,ON
973,2026-05-19 16:37:02.482,34.9,12.25,3.088,37888,118.81,84.72,1349,1831,1597,5116,ON
974,2026-05-19 16:37:02.982,34.9,12.23,3.091,37928,118.72,84.81,1341,1822,1589,5123,ON
975,2026-05-19 16:37:03.482,34.9,12.22,3.065,37969,118.62,84.91,1341,1834,1598,5168,ON
976,2026-05-19 16:37:03.982,34.9,12.23,3.077,37994,118.54,84.99,1345,1835,1598,5225,ON
977,2026-05-19 16:37:04.482,34.9,12.24,3.067,38025,118.45,85.08,1342,1830,1593,5130,ON
978,2026-05-19 16:37:04.982,34.9,12.24,3.088,38044,118.36,85.17,1338,1824,1588,5200,ON
979,2026-05-19 16:37:05.482,34.9,12.23,3.101,38056,118.27,85.25,1343,1833,1594,5214,ON
980,2026-05-19 16:37:05.982,34.9,12.22,3.058,38073,118.18,85.34,1351,1843,1601,5246,ON
981,2026-05-19 16:37:06.482,34.9,12.23,3.078,38100,118.09,85.44,1354,1847,1603,5175,ON
982,2026-05-19 16:37:06.982,34.9,12.24,3.076,38140,118.02,85.51,1350,1844,1599,5189,ON
