SampleIndex,Timestamp,Temp,pH,Volt,EC,Weight,Weightloss,R,G,B,C,RelayStatus
0,2026-05-24 22:01:56.602,31.1,0.71,4.738,14061,199.59,0.12,1505,2081,1093,5066,ON
1,2026-05-24 22:01:57.102,31.1,0.73,4.718,14053,199.50,0.20,1494,2069,1086,5020,ON
2,2026-05-24 22:01:57.602,31.0,0.76,4.726,14047,199.42,0.29,1487,2059,1081,5004,ON
3,2026-05-24 22:01:58.102,31.0,0.78,4.727,14041,199.32,0.39,1485,2058,1082,4909,ON
4,2026-05-24 22:01:58.602,31.0,0.79,4.717,14014,199.23,0.48,1478,2052,1082,4971,ON
5,2026-05-24 22:01:59.102,31.1,0.82,4.732,13968,199.15,0.56,1474,2045,1078,5015,ON
6,2026-05-24 22:01:59.602,31.1,0.80,4.731,13910,199.06,0.65,1475,2049,1078,5039,ON
7,2026-05-24 22:02:00.102,31.1,0.79,4.717,13847,198.98,0.73,1479,2053,1081,5044,ON
8,2026-05-24 22:02:00.602,31.1,0.82,4.743,13787,198.89,0.82,1479,2054,1082,5053,ON
9,2026-05-24 22:02:01.102,31.1,0.80,4.739,13731,198.80,0.91,1477,2050,1080,5027,ON
10,2026-05-24 22:02:01.602,31.1,0.79,4.745,13673,198.73,0.98,1478,2052,1081,5081,ON
11,2026-05-24 22:02:02.102,31.1,0.79,4.740,13609,198.63,1.08,1482,2054,1083,4966,ON
12,2026-05-24 22:02:02.602,31.1,0.78,4.745,13539,198.55,1.16,1476,2048,1079,4907,ON
13,2026-05-24 22:02:03.102,31.1,0.77,4.730,13465,198.46,1.25,1477,2051,1080,4979,ON
14,2026-05-24 22:02:03.602,31.1,0.78,4.740,13394,198.38,1.33,1481,2054,1083,5066,ON
15,2026-05-24 22:02:04.102,31.1,0.79,4.731,13317,198.28,1.43,1483,2059,1086,5082,ON
16,2026-05-24 22:02:04.602,31.1,0.81,4.706,13234,198.21,1.50,1482,2059,1086,5073,ON
17,2026-05-24 22:02:05.102,31.1,0.85,4.706,13150,198.12,1.59,1479,2055,1086,5041,ON
18,2026-05-24 22:02:05.602,31.1,0.86,4.704,13077,198.04,1.67,1478,2054,1086,5063,ON
19,2026-05-24 22:02:06.102,31.2,0.84,4.725,13005,197.95,1.76,1481,2057,1087,5087,ON
20,2026-05-24 22:02:06.602,31.2,0.83,4.725,12928,197.86,1.85,1485,2066,1091,4981,ON
21,2026-05-24 22:02:07.102,31.2,0.81,4.740,12844,197.77,1.93,1481,2058,1085,4965,ON
22,2026-05-24 22:02:07.602,31.2,0.79,4.739,12769,197.69,2.02,1479,2055,1085,5018,ON
23,2026-05-24 22:02:08.102,31.2,0.77,4.740,12696,197.61,2.10,1483,2060,1087,5104,ON
24,2026-05-24 22:02:08.602,31.2,0.77,4.729,12618,197.52,2.19,1489,2067,1091,5172,ON
25,2026-05-24 22:02:09.102,31.2,0.78,4.732,12533,197.43,2.28,1489,2069,1094,5110,ON
26,2026-05-24 22:02:09.602,31.2,0.81,4.727,12446,197.35,2.36,1485,2065,1093,5066,ON
27,2026-05-24 22:02:10.102,31.2,0.82,4.727,12363,197.27,2.44,1484,2066,1094,5037,ON
28,2026-05-24 22:02:10.602,31.2,0.83,4.718,12288,197.18,2.53,1482,2062,1093,4942,ON
29,2026-05-24 22:02:11.102,31.2,0.84,4.731,12224,197.10,2.61,1482,2061,1093,5044,ON
30,2026-05-24 22:02:11.602,31.2,0.82,4.746,12168,197.01,2.70,1479,2058,1092,5049,ON
31,2026-05-24 22:02:12.102,31.2,0.80,4.713,12115,196.92,2.79,1480,2060,1092,5072,ON
32,2026-05-24 22:02:12.602,31.3,0.82,4.713,12060,196.84,2.87,1484,2062,1092,5090,ON
33,2026-05-24 22:02:13.102,31.3,0.85,4.710,12004,196.75,2.96,1486,2066,1093,5159,ON
34,2026-05-24 22:02:13.602,31.3,0.86,4.717,11948,196.67,3.04,1485,2064,1093,5092,ON
35,2026-05-24 22:02:14.102,31.3,0.87,4.718,11891,196.58,3.13,1486,2066,1096,5107,ON
36,2026-05-24 22:02:14.602,31.3,0.85,4.729,11833,196.49,3.22,1491,2074,1100,4959,ON
37,2026-05-24 22:02:15.102,31.3,0.83,4.735,11766,196.41,3.30,1493,2066,1094,5090,ON
38,2026-05-24 22:02:15.602,31.3,0.81,4.736,11702,196.33,3.38,1495,2070,1101,5001,ON
39,2026-05-24 22:02:16.102,31.3,0.81,4.726,11643,196.24,3.47,1484,2064,1095,5127,ON
40,2026-05-24 22:02:16.602,31.4,0.83,4.715,11589,196.16,3.55,1491,2071,1098,5075,ON
41,2026-05-24 22:02:17.102,31.4,0.85,4.730,11539,196.07,3.64,1490,2072,1100,5011,ON
42,2026-05-24 22:02:17.602,31.4,0.83,4.732,11497,195.98,3.73,1486,2067,1096,4995,ON
43,2026-05-24 22:02:18.102,31.4,0.83,4.718,11452,195.90,3.81,1488,2069,1096,5099,ON
44,2026-05-24 22:02:18.602,31.4,0.84,4.731,11401,195.81,3.90,1489,2074,1101,5117,ON
45,2026-05-24 22:02:19.102,31.4,0.82,4.731,11350,195.73,3.98,1493,2079,1104,5187,ON
46,2026-05-24 22:02:19.602,31.4,0.81,4.729,11300,195.63,4.08,1492,2079,1105,5123,ON
47,2026-05-24 22:02:20.102,31.4,0.80,4.719,11252,195.55,4.16,1491,2077,1103,5028,ON
48,2026-05-24 22:02:20.602,31.4,0.80,4.727,11204,195.47,4.24,1492,2080,1103,5125,ON
49,2026-05-24 22:02:21.102,31.4,0.81,4.706,11158,195.38,4.33,1494,2084,1106,5140,ON
50,2026-05-24 22:02:21.602,31.4,0.84,4.711,11113,195.29,4.42,1500,2087,1108,5187,ON
51,2026-05-24 22:02:22.102,31.5,0.86,4.727,11072,195.20,4.50,1498,2085,1108,5167,ON
52,2026-05-24 22:02:22.602,31.5,0.85,4.703,11025,195.12,4.59,1493,2078,1104,5107,ON
53,2026-05-24 22:02:23.102,31.5,0.88,4.730,10975,195.04,4.67,1494,2081,1105,5076,ON
54,2026-05-24 22:02:23.602,31.5,0.86,4.731,10930,194.95,4.76,1495,2081,1105,5103,ON
55,2026-05-24 22:02:24.102,31.5,0.84,4.733,10883,194.87,4.84,1495,2081,1108,5033,ON
56,2026-05-24 22:02:24.602,31.5,0.84,4.726,10838,194.78,4.92,1497,2083,1107,5099,ON
57,2026-05-24 22:02:25.102,31.5,0.85,4.729,10795,194.69,5.02,1494,2081,1105,5038,ON
58,2026-05-24 22:02:25.602,31.5,0.85,4.725,10755,194.61,5.10,1496,2082,1102,5121,ON
59,2026-05-24 22:02:26.102,31.6,0.85,4.723,10716,194.51,5.20,1498,2084,1106,5211,ON
60,2026-05-24 22:02:26.602,31.6,0.84,4.729,10672,194.42,5.29,1502,2092,1112,5176,ON
61,2026-05-24 22:02:27.102,31.6,0.82,4.738,10628,194.34,5.37,1503,2092,1113,5192,ON
62,2026-05-24 22:02:27.602,31.6,0.82,4.724,10582,194.26,5.45,1498,2087,1111,5131,ON
63,2026-05-24 22:02:28.102,31.6,0.82,4.708,10535,194.16,5.54,1499,2089,1110,5073,ON
64,2026-05-24 22:02:28.602,31.6,0.81,4.730,10491,194.08,5.63,1495,2092,1115,5013,ON
65,2026-05-24 22:02:29.102,31.6,0.80,4.731,10454,194.00,5.71,1489,2094,1119,5022,ON
66,2026-05-24 22:02:29.602,31.6,0.80,4.725,10421,193.91,5.80,1484,2079,1113,5041,ON
67,2026-05-24 22:02:30.102,31.6,0.81,4.739,10384,193.83,5.88,1489,2082,1116,5129,ON
68,2026-05-24 22:02:30.602,31.6,0.81,4.716,10344,193.74,5.97,1493,2085,1116,5152,ON
69,2026-05-24 22:02:31.102,31.6,0.81,4.737,10305,193.65,6.06,1498,2089,1116,5237,ON
70,2026-05-24 22:02:31.602,31.6,0.81,4.729,10267,193.57,6.14,1499,2091,1118,5165,ON
71,2026-05-24 22:02:32.102,31.6,0.85,4.718,10235,193.49,6.22,1499,2092,1118,5134,ON
72,2026-05-24 22:02:32.602,31.7,0.87,4.728,10205,193.40,6.31,1499,2096,1120,5045,ON
73,2026-05-24 22:02:33.102,31.7,0.88,4.702,10174,193.32,6.39,1498,2099,1122,5079,ON
74,2026-05-24 22:02:33.602,31.7,0.88,4.729,10145,193.23,6.48,1499,2095,1119,5116,ON
75,2026-05-24 22:02:34.102,31.7,0.89,4.713,10117,193.14,6.57,1498,2092,1117,5089,ON
76,2026-05-24 22:02:34.602,31.7,0.88,4.727,10092,193.06,6.65,1503,2097,1120,5158,ON
77,2026-05-24 22:02:35.102,31.7,0.87,4.714,10063,192.96,6.75,1507,2099,1121,5246,ON
78,2026-05-24 22:02:35.602,31.7,0.88,4.694,10031,192.88,6.83,1507,2099,1121,5179,ON
79,2026-05-24 22:02:36.102,31.7,0.90,4.703,9998,192.80,6.91,1501,2093,1118,5159,ON
80,2026-05-24 22:02:36.602,31.7,0.92,4.699,9971,192.71,7.00,1502,2095,1118,5174,ON
81,2026-05-24 22:02:37.102,31.7,0.93,4.699,9947,192.63,7.08,1504,2101,1124,5117,ON
82,2026-05-24 22:02:37.602,31.7,0.91,4.720,9923,192.54,7.17,1506,2101,1123,5125,ON
83,2026-05-24 22:02:38.102,31.8,0.88,4.731,9903,192.46,7.25,1500,2095,1119,5206,ON
84,2026-05-24 22:02:38.602,31.8,0.88,4.711,9885,192.37,7.34,1501,2096,1122,5169,ON
85,2026-05-24 22:02:39.102,31.8,0.89,4.733,9863,192.28,7.42,1504,2101,1125,5067,ON
86,2026-05-24 22:02:39.602,31.8,0.91,4.712,9839,192.20,7.51,1500,2095,1121,5089,ON
87,2026-05-24 22:02:40.102,31.8,0.91,4.719,9812,192.12,7.59,1510,2106,1126,5218,ON
88,2026-05-24 22:02:40.602,31.8,0.92,4.730,9785,192.02,7.69,1517,2114,1131,5226,ON
89,2026-05-24 22:02:41.102,31.8,0.91,4.711,9759,191.95,7.76,1515,2111,1133,5187,ON
90,2026-05-24 22:02:41.602,31.8,0.91,4.717,9734,191.85,7.86,1510,2109,1133,5163,ON
91,2026-05-24 22:02:42.102,31.9,0.91,4.704,9708,191.77,7.94,1504,2101,1125,5131,ON
92,2026-05-24 22:02:42.602,31.9,0.92,4.713,9688,191.69,8.02,1499,2094,1121,5157,ON
93,2026-05-24 22:02:43.102,31.9,0.91,4.704,9666,191.60,8.11,1501,2096,1122,5178,ON
94,2026-05-24 22:02:43.602,31.9,0.91,4.711,9644,191.51,8.20,1505,2101,1126,5126,ON
95,2026-05-24 22:02:44.102,31.9,0.93,4.696,9621,191.43,8.28,1508,2108,1130,5228,ON
96,2026-05-24 22:02:44.602,31.9,0.96,4.703,9600,191.35,8.36,1514,2118,1136,5190,ON
97,2026-05-24 22:02:45.102,31.9,0.96,4.709,9583,191.26,8.45,1514,2116,1135,5226,ON
98,2026-05-24 22:02:45.602,31.9,0.95,4.724,9566,191.17,8.54,1516,2121,1141,5153,ON
99,2026-05-24 22:02:46.102,31.9,0.94,4.718,9549,191.09,8.62,1514,2118,1139,5116,ON
100,2026-05-24 22:02:46.602,31.9,0.92,4.719,9530,191.00,8.71,1510,2112,1134,5122,ON
101,2026-05-24 22:02:47.102,31.9,0.93,4.705,9513,190.91,8.80,1508,2108,1131,5118,ON
102,2026-05-24 22:02:47.602,31.9,0.95,4.724,9495,190.83,8.88,1513,2115,1135,5211,ON
103,2026-05-24 22:02:48.102,31.9,0.93,4.722,9476,190.74,8.97,1515,2118,1137,5206,ON
104,2026-05-24 22:02:48.602,32.0,0.93,4.705,9459,190.65,9.06,1515,2118,1137,5182,ON
105,2026-05-24 22:02:49.102,32.0,0.94,4.707,9445,190.57,9.14,1513,2116,1134,5243,ON
106,2026-05-24 22:02:49.602,32.0,0.96,4.704,9433,190.49,9.22,1521,2124,1141,5201,ON
107,2026-05-24 22:02:50.102,32.0,0.96,4.717,9422,190.40,9.31,1519,2125,1143,5177,ON
108,2026-05-24 22:02:50.602,32.0,0.96,4.700,9410,190.31,9.40,1519,2125,1143,5142,ON
109,2026-05-24 22:02:51.102,32.0,0.97,4.696,9397,190.22,9.49,1516,2120,1139,5183,ON
110,2026-05-24 22:02:51.602,32.0,0.99,4.690,9382,190.14,9.57,1515,2118,1139,5200,ON
111,2026-05-24 22:02:52.102,32.1,1.00,4.697,9371,190.06,9.65,1515,2117,1138,5181,ON
112,2026-05-24 22:02:52.602,32.1,1.00,4.690,9361,189.97,9.74,1518,2125,1144,5287,ON
113,2026-05-24 22:02:53.102,32.1,1.01,4.693,9349,189.88,9.83,1522,2129,1146,5240,ON
114,2026-05-24 22:02:53.602,32.1,1.01,4.702,9336,189.80,9.91,1520,2125,1144,5269,ON
115,2026-05-24 22:02:54.102,32.1,1.00,4.715,9323,189.72,9.99,1521,2127,1145,5257,ON
116,2026-05-24 22:02:54.602,32.1,1.00,4.694,9313,189.63,10.08,1525,2131,1147,5179,ON
117,2026-05-24 22:02:55.102,32.1,1.02,4.709,9302,189.55,10.16,1520,2125,1144,5091,ON
118,2026-05-24 22:02:55.602,32.1,1.04,4.703,9294,189.45,10.26,1519,2125,1144,5192,ON
119,2026-05-24 22:02:56.102,32.1,1.05,4.702,9286,189.36,10.35,1517,2122,1142,5209,ON
120,2026-05-24 22:02:56.602,32.1,1.03,4.690,9280,189.27,10.44,1517,2121,1141,5288,ON
121,2026-05-24 22:02:57.102,32.1,1.02,4.712,9270,189.20,10.51,1520,2127,1146,5269,ON
122,2026-05-24 22:02:57.602,32.1,1.00,4.709,9260,189.10,10.61,1515,2121,1143,5191,ON
123,2026-05-24 22:02:58.102,32.1,0.99,4.707,9249,189.02,10.69,1514,2119,1142,5211,ON
124,2026-05-24 22:02:58.602,32.2,0.98,4.705,9237,188.93,10.78,1516,2124,1145,5238,ON
125,2026-05-24 22:02:59.102,32.2,0.98,4.706,9226,188.85,10.86,1522,2133,1151,5199,ON
126,2026-05-24 22:02:59.602,32.2,0.98,4.718,9218,188.76,10.95,1519,2127,1147,5188,ON
127,2026-05-24 22:03:00.102,32.2,0.99,4.698,9214,188.68,11.03,1522,2131,1150,5262,ON
128,2026-05-24 22:03:00.602,32.2,1.00,4.706,9211,188.59,11.12,1525,2136,1153,5269,ON
129,2026-05-24 22:03:01.102,32.2,0.99,4.690,9208,188.51,11.20,1525,2136,1154,5285,ON
130,2026-05-24 22:03:01.602,32.2,0.99,4.700,9203,188.42,11.29,1523,2134,1152,5283,ON
131,2026-05-24 22:03:02.102,32.2,1.01,4.695,9198,188.34,11.37,1522,2132,1151,5253,ON
132,2026-05-24 22:03:02.602,32.2,1.02,4.699,9193,188.26,11.45,1523,2135,1154,5183,ON
133,2026-05-24 22:03:03.102,32.2,1.03,4.694,9184,188.17,11.54,1521,2131,1151,5177,ON
134,2026-05-24 22:03:03.602,32.2,1.04,4.690,9177,188.08,11.63,1528,2140,1156,5277,ON
135,2026-05-24 22:03:04.102,32.2,1.05,4.695,9173,188.00,11.71,1530,2143,1158,5340,ON
136,2026-05-24 22:03:04.602,32.3,1.05,4.683,9168,187.91,11.80,1533,2148,1163,5330,ON
137,2026-05-24 22:03:05.102,32.3,1.06,4.691,9164,187.83,11.88,1526,2138,1156,5260,ON
138,2026-05-24 22:03:05.602,32.3,1.06,4.686,9162,187.74,11.97,1527,2139,1156,5207,ON
139,2026-05-24 22:03:06.102,32.3,1.07,4.677,9161,187.66,12.05,1528,2142,1160,5278,ON
140,2026-05-24 22:03:06.602,32.3,1.08,4.682,9159,187.56,12.15,1529,2144,1161,5304,ON
141,2026-05-24 22:03:07.102,32.3,1.08,4.687,9156,187.48,12.23,1525,2138,1156,5253,ON
142,2026-05-24 22:03:07.602,32.3,1.09,4.704,9153,187.40,12.31,1521,2132,1153,5270,ON
143,2026-05-24 22:03:08.102,32.3,1.08,4.694,9149,187.31,12.40,1524,2138,1159,5177,ON
144,2026-05-24 22:03:08.602,32.3,1.09,4.687,9147,187.23,12.48,1521,2135,1158,5102,ON
145,2026-05-24 22:03:09.102,32.3,1.10,4.673,9146,187.15,12.56,1515,2127,1152,5150,ON
146,2026-05-24 22:03:09.602,32.3,1.12,4.676,9145,187.06,12.65,1526,2142,1161,5308,ON
147,2026-05-24 22:03:10.102,32.3,1.14,4.681,9146,186.98,12.73,1532,2151,1166,5307,ON
148,2026-05-24 22:03:10.602,32.4,1.15,4.690,9147,186.88,12.83,1530,2149,1168,5284,ON
149,2026-05-24 22:03:11.102,32.4,1.13,4.668,9143,186.81,12.90,1524,2139,1160,5259,ON
150,2026-05-24 22:03:11.602,32.4,1.12,4.688,9140,186.72,12.99,1524,2140,1160,5212,ON
151,2026-05-24 22:03:12.102,32.4,1.12,4.683,9139,186.63,13.08,1518,2131,1156,5350,ON
152,2026-05-24 22:03:12.602,32.4,1.12,4.685,9139,186.55,13.16,1524,2141,1162,5338,ON
153,2026-05-24 22:03:13.102,32.4,1.13,4.672,9141,186.46,13.25,1522,2137,1160,5263,ON
154,2026-05-24 22:03:13.602,32.4,1.15,4.672,9142,186.38,13.33,1524,2139,1161,5259,ON
155,2026-05-24 22:03:14.102,32.4,1.16,4.676,9144,186.29,13.42,1524,2140,1163,5252,ON
156,2026-05-24 22:03:14.602,32.4,1.17,4.675,9145,186.21,13.50,1525,2143,1166,5250,ON
157,2026-05-24 22:03:15.102,32.4,1.18,4.678,9146,186.12,13.59,1522,2140,1164,5318,ON
158,2026-05-24 22:03:15.602,32.5,1.18,4.678,9147,186.03,13.68,1518,2133,1159,5222,ON
159,2026-05-24 22:03:16.102,32.5,1.17,4.677,9147,185.95,13.76,1517,2132,1159,5245,ON
160,2026-05-24 22:03:16.602,32.5,1.17,4.679,9149,185.86,13.85,1527,2147,1168,5303,ON
161,2026-05-24 22:03:17.102,32.5,1.17,4.665,9151,185.78,13.93,1529,2151,1171,5339,ON
162,2026-05-24 22:03:17.602,32.5,1.20,4.664,9156,185.69,14.01,1528,2149,1170,5304,ON
163,2026-05-24 22:03:18.102,32.5,1.20,4.681,9158,185.61,14.10,1525,2145,1168,5257,ON
164,2026-05-24 22:03:18.602,32.5,1.21,4.669,9160,185.52,14.19,1523,2145,1169,5239,ON
165,2026-05-24 22:03:19.102,32.5,1.22,4.659,9163,185.43,14.28,1521,2148,1169,5253,ON
166,2026-05-24 22:03:19.602,32.5,1.24,4.667,9165,185.35,14.36,1520,2147,1166,5311,ON
167,2026-05-24 22:03:20.102,32.5,1.25,4.665,9167,185.26,14.45,1528,2150,1169,5310,ON
168,2026-05-24 22:03:20.602,32.5,1.25,4.662,9167,185.18,14.53,1532,2155,1172,5346,ON
169,2026-05-24 22:03:21.102,32.6,1.27,4.670,9168,185.09,14.62,1535,2159,1176,5331,ON
170,2026-05-24 22:03:21.602,32.6,1.29,4.660,9168,185.01,14.70,1531,2156,1176,5300,ON
171,2026-05-24 22:03:22.102,32.6,1.30,4.662,9169,184.92,14.79,1529,2154,1175,5318,ON
172,2026-05-24 22:03:22.602,32.6,1.31,4.655,9172,184.84,14.87,1533,2160,1178,5241,ON
173,2026-05-24 22:03:23.102,32.6,1.32,4.657,9175,184.75,14.96,1529,2167,1186,5262,ON
174,2026-05-24 22:03:23.602,32.6,1.30,4.668,9182,184.67,15.04,1529,2162,1182,5218,ON
175,2026-05-24 22:03:24.102,32.6,1.28,4.673,9188,184.58,15.13,1520,2147,1175,5398,ON
176,2026-05-24 22:03:24.602,32.6,1.27,4.656,9194,184.50,15.21,1525,2153,1178,5354,ON
177,2026-05-24 22:03:25.102,32.6,1.30,4.646,9199,184.41,15.30,1523,2149,1175,5291,ON
178,2026-05-24 22:03:25.602,32.6,1.33,4.667,9202,184.33,15.38,1525,2151,1176,5244,ON
179,2026-05-24 22:03:26.102,32.7,1.33,4.659,9205,184.25,15.46,1526,2154,1179,5404,ON
180,2026-05-24 22:03:26.602,32.6,1.32,4.649,9210,184.16,15.55,1532,2162,1184,5353,ON
181,2026-05-24 22:03:27.102,32.7,1.30,4.669,9216,184.07,15.64,1533,2166,1186,5373,ON
182,2026-05-24 22:03:27.602,32.7,1.30,4.653,9226,183.99,15.72,1529,2159,1179,5299,ON
183,2026-05-24 22:03:28.102,32.7,1.32,4.655,9235,183.91,15.80,1532,2163,1184,5289,ON
184,2026-05-24 22:03:28.602,32.7,1.34,4.640,9241,183.81,15.90,1538,2173,1190,5265,ON
185,2026-05-24 22:03:29.102,32.7,1.35,4.651,9245,183.72,15.99,1534,2168,1187,5194,ON
186,2026-05-24 22:03:29.602,32.7,1.36,4.649,9251,183.64,16.07,1529,2161,1184,5283,ON
187,2026-05-24 22:03:30.102,32.7,1.36,4.645,9254,183.54,16.17,1527,2158,1183,5385,ON
188,2026-05-24 22:03:30.602,32.7,1.33,4.665,9256,183.46,16.25,1533,2166,1189,5384,ON
189,2026-05-24 22:03:31.102,32.7,1.31,4.662,9262,183.38,16.33,1532,2165,1188,5325,ON
190,2026-05-24 22:03:31.602,32.7,1.33,4.655,9268,183.29,16.42,1530,2162,1187,5320,ON
191,2026-05-24 22:03:32.102,32.7,1.33,4.650,9275,183.21,16.50,1529,2161,1189,5312,ON
192,2026-05-24 22:03:32.602,32.7,1.36,4.647,9282,183.12,16.59,1531,2165,1191,5245,ON
193,2026-05-24 22:03:33.102,32.7,1.37,4.650,9288,183.03,16.68,1523,2154,1184,5244,ON
194,2026-05-24 22:03:33.602,32.8,1.38,4.652,9294,182.96,16.75,1522,2154,1183,5295,ON
195,2026-05-24 22:03:34.102,32.8,1.40,4.639,9300,182.86,16.85,1523,2156,1186,5310,ON
196,2026-05-24 22:03:34.602,32.8,1.43,4.642,9306,182.77,16.94,1523,2157,1188,5332,ON
197,2026-05-24 22:03:35.102,32.8,1.43,4.638,9311,182.70,17.01,1518,2150,1182,5264,ON
198,2026-05-24 22:03:35.602,32.8,1.45,4.644,9316,182.61,17.10,1518,2151,1182,5400,ON
199,2026-05-24 22:03:36.102,32.8,1.44,4.638,9323,182.52,17.19,1524,2160,1189,5351,ON
200,2026-05-24 22:03:36.602,32.8,1.45,4.622,9334,182.44,17.27,1525,2161,1191,5326,ON
201,2026-05-24 22:03:37.102,32.8,1.49,4.616,9343,182.35,17.36,1522,2160,1190,5316,ON
202,2026-05-24 22:03:37.602,32.9,1.50,4.633,9353,182.26,17.44,1519,2156,1187,5323,ON
203,2026-05-24 22:03:38.102,32.9,1.51,4.624,9365,182.18,17.53,1522,2161,1192,5323,ON
204,2026-05-24 22:03:38.602,32.9,1.52,4.613,9375,182.09,17.62,1522,2163,1195,5254,ON
205,2026-05-24 22:03:39.102,32.9,1.56,4.615,9383,182.01,17.70,1521,2162,1193,5287,ON
206,2026-05-24 22:03:39.602,32.9,1.56,4.629,9389,181.92,17.79,1521,2161,1192,5274,ON
207,2026-05-24 22:03:40.102,32.9,1.57,4.612,9396,181.84,17.87,1522,2165,1196,5323,ON
208,2026-05-24 22:03:40.602,32.9,1.59,4.619,9408,181.76,17.95,1521,2164,1197,5270,ON
209,2026-05-24 22:03:41.102,32.9,1.59,4.625,9418,181.68,18.03,1518,2159,1194,5277,ON
210,2026-05-24 22:03:41.602,32.9,1.59,4.621,9428,181.58,18.13,1516,2157,1193,5264,ON
211,2026-05-24 22:03:42.102,32.9,1.59,4.611,9436,181.50,18.21,1512,2156,1193,5297,ON
212,2026-05-24 22:03:42.602,32.9,1.63,4.627,9442,181.41,18.30,1509,2157,1198,5349,ON
213,2026-05-24 22:03:43.102,32.9,1.63,4.611,9448,181.33,18.38,1512,2163,1202,5344,ON
214,2026-05-24 22:03:43.602,32.9,1.63,4.621,9453,181.24,18.47,1509,2157,1197,5337,ON
215,2026-05-24 22:03:44.102,32.9,1.65,4.609,9459,181.16,18.55,1514,2164,1202,5281,ON
216,2026-05-24 22:03:44.602,32.9,1.66,4.609,9469,181.08,18.63,1514,2167,1205,5326,ON
217,2026-05-24 22:03:45.102,33.0,1.66,4.584,9481,180.99,18.72,1515,2170,1208,5348,ON
218,2026-05-24 22:03:45.602,33.0,1.68,4.601,9495,180.90,18.81,1518,2172,1210,5359,ON
219,2026-05-24 22:03:46.102,33.0,1.71,4.590,9507,180.82,18.89,1509,2161,1204,5324,ON
220,2026-05-24 22:03:46.602,33.0,1.76,4.589,9516,180.74,18.97,1510,2164,1206,5270,ON
221,2026-05-24 22:03:47.102,33.0,1.79,4.591,9523,180.65,19.06,1505,2159,1205,5246,ON
222,2026-05-24 22:03:47.602,33.0,1.80,4.598,9528,180.55,19.16,1501,2156,1203,5209,ON
223,2026-05-24 22:03:48.102,33.0,1.82,4.584,9535,180.47,19.24,1496,2153,1202,5273,ON
224,2026-05-24 22:03:48.602,33.0,1.85,4.594,9543,180.39,19.32,1493,2151,1202,5322,ON
225,2026-05-24 22:03:49.102,33.0,1.87,4.584,9556,180.30,19.41,1494,2153,1206,5308,ON
226,2026-05-24 22:03:49.602,33.1,1.88,4.581,9570,180.22,19.49,1493,2155,1207,5317,ON
227,2026-05-24 22:03:50.102,33.1,1.90,4.585,9583,180.13,19.58,1490,2154,1208,5359,ON
228,2026-05-24 22:03:50.602,33.1,1.92,4.572,9594,180.04,19.67,1490,2158,1213,5332,ON
229,2026-05-24 22:03:51.102,33.1,1.94,4.580,9605,179.97,19.74,1483,2150,1209,5243,ON
230,2026-05-24 22:03:51.602,33.1,1.98,4.552,9615,179.88,19.83,1477,2144,1207,5129,ON
231,2026-05-24 22:03:52.102,33.1,2.00,4.564,9624,179.79,19.92,1469,2135,1204,5171,ON
232,2026-05-24 22:03:52.602,33.1,2.02,4.553,9633,179.70,20.01,1472,2148,1215,5299,ON
233,2026-05-24 22:03:53.102,33.1,2.04,4.549,9641,179.60,20.11,1473,2153,1221,5340,ON
234,2026-05-24 22:03:53.602,33.1,2.04,4.558,9647,179.51,20.20,1472,2153,1222,5315,ON
235,2026-05-24 22:03:54.102,33.1,2.05,4.538,9656,179.44,20.27,1469,2152,1222,5242,ON
236,2026-05-24 22:03:54.602,33.1,2.11,4.534,9663,179.34,20.37,1457,2142,1222,5260,ON
237,2026-05-24 22:03:55.102,33.1,2.17,4.554,9673,179.27,20.44,1437,2121,1214,5164,ON
238,2026-05-24 22:03:55.602,33.1,2.17,4.545,9682,179.17,20.54,1429,2117,1215,5181,ON
239,2026-05-24 22:03:56.102,33.1,2.19,4.534,9688,179.09,20.62,1428,2122,1221,5136,ON
240,2026-05-24 22:03:56.602,33.2,2.22,4.519,9696,179.01,20.70,1420,2115,1220,5191,ON
241,2026-05-24 22:03:57.102,33.2,2.25,4.532,9703,178.92,20.79,1412,2115,1224,5188,ON
242,2026-05-24 22:03:57.602,33.2,2.27,4.510,9711,178.84,20.87,1401,2107,1226,5182,ON
243,2026-05-24 22:03:58.102,33.2,2.33,4.502,9717,178.75,20.96,1392,2100,1228,5168,ON
244,2026-05-24 22:03:58.602,33.2,2.40,4.506,9728,178.66,21.05,1380,2095,1232,5108,ON
245,2026-05-24 22:03:59.102,33.2,2.44,4.503,9737,178.58,21.13,1361,2083,1236,4976,ON
246,2026-05-24 22:03:59.602,33.2,2.49,4.480,9744,178.49,21.22,1330,2066,1237,4865,ON
247,2026-05-24 22:04:00.102,33.2,2.56,4.478,9753,178.41,21.30,1296,2042,1239,4792,ON
248,2026-05-24 22:04:00.602,33.2,2.61,4.460,9761,178.32,21.39,1251,2009,1241,4865,ON
249,2026-05-24 22:04:01.102,33.2,2.69,4.455,9772,178.24,21.47,1214,1987,1253,4842,ON
250,2026-05-24 22:04:01.602,33.2,2.78,4.424,9783,178.15,21.56,1181,1970,1261,4752,ON
251,2026-05-24 22:04:02.102,33.2,2.93,4.406,9792,178.06,21.65,1136,1942,1275,4640,ON
252,2026-05-24 22:04:02.602,33.2,3.07,4.380,9809,177.98,21.73,1087,1908,1289,4403,ON
253,2026-05-24 22:04:03.102,33.2,3.20,4.371,9825,177.90,21.81,1022,1861,1307,4354,ON
254,2026-05-24 22:04:03.602,33.2,3.31,4.341,9838,177.81,21.90,953,1816,1334,4335,ON
255,2026-05-24 22:04:04.102,33.2,3.50,4.316,9849,177.72,21.99,894,1783,1363,4323,ON
256,2026-05-24 22:04:04.602,33.2,3.68,4.296,9861,177.63,22.08,847,1749,1392,4197,ON
257,2026-05-24 22:04:05.102,33.3,3.85,4.275,9878,177.55,22.16,805,1709,1412,4149,ON
258,2026-05-24 22:04:05.602,33.3,3.99,4.258,9892,177.46,22.25,774,1685,1426,4158,ON
259,2026-05-24 22:04:06.102,33.3,4.13,4.274,9904,177.38,22.32,752,1678,1452,4199,ON
260,2026-05-24 22:04:06.602,33.3,4.24,4.252,9919,177.30,22.41,733,1665,1472,4138,ON
261,2026-05-24 22:04:07.102,33.3,4.33,4.224,9941,177.20,22.51,715,1652,1484,4080,ON
262,2026-05-24 22:04:07.602,33.3,4.43,4.226,9969,177.12,22.59,700,1638,1498,4114,ON
263,2026-05-24 22:04:08.102,33.3,4.50,4.208,10005,177.04,22.67,691,1629,1509,4125,ON
264,2026-05-24 22:04:08.602,33.3,4.61,4.197,10044,176.96,22.75,682,1624,1520,4118,ON
265,2026-05-24 22:04:09.102,33.4,4.70,4.189,10087,176.87,22.84,675,1620,1527,4142,ON
266,2026-05-24 22:04:09.602,33.4,4.79,4.184,10129,176.78,22.93,668,1612,1531,4122,ON
267,2026-05-24 22:04:10.102,33.4,4.85,4.182,10171,176.70,23.01,660,1604,1536,4089,ON
268,2026-05-24 22:04:10.602,33.4,4.89,4.169,10208,176.61,23.10,656,1603,1542,4077,ON
269,2026-05-24 22:04:11.102,33.4,4.95,4.159,10240,176.51,23.20,655,1605,1550,4081,ON
270,2026-05-24 22:04:11.602,33.4,5.00,4.163,10277,176.44,23.27,651,1600,1550,4087,ON
271,2026-05-24 22:04:12.102,33.4,5.04,4.161,10316,176.35,23.36,647,1595,1552,4106,ON
272,2026-05-24 22:04:12.602,33.4,5.07,4.143,10350,176.26,23.45,646,1597,1560,4098,ON
273,2026-05-24 22:04:13.102,33.4,5.12,4.146,10385,176.18,23.53,646,1598,1564,4063,ON
274,2026-05-24 22:04:13.602,33.4,5.16,4.127,10421,176.09,23.62,645,1599,1568,4031,ON
275,2026-05-24 22:04:14.102,33.4,5.23,4.128,10461,176.00,23.71,642,1594,1569,4101,ON
276,2026-05-24 22:04:14.602,33.4,5.28,4.124,10500,175.92,23.79,640,1593,1569,4111,ON
277,2026-05-24 22:04:15.102,33.4,5.31,4.127,10534,175.84,23.87,638,1592,1572,4085,ON
278,2026-05-24 22:04:15.602,33.4,5.34,4.134,10568,175.75,23.96,634,1586,1570,4046,ON
279,2026-05-24 22:04:16.102,33.4,5.35,4.124,10612,175.67,24.04,633,1584,1570,4071,ON
280,2026-05-24 22:04:16.602,33.4,5.36,4.119,10657,175.58,24.13,632,1584,1572,4141,ON
281,2026-05-24 22:04:17.102,33.4,5.38,4.121,10696,175.49,24.22,636,1592,1583,4154,ON
282,2026-05-24 22:04:17.602,33.4,5.41,4.103,10732,175.41,24.30,636,1596,1589,4128,ON
283,2026-05-24 22:04:18.102,33.4,5.43,4.126,10762,175.33,24.38,634,1592,1587,4095,ON
284,2026-05-24 22:04:18.602,33.5,5.45,4.087,10791,175.24,24.47,632,1590,1587,4110,ON
285,2026-05-24 22:04:19.102,33.5,5.52,4.099,10815,175.15,24.56,634,1594,1592,4070,ON
286,2026-05-24 22:04:19.602,33.5,5.54,4.104,10837,175.07,24.64,632,1593,1592,4078,ON
287,2026-05-24 22:04:20.102,33.5,5.54,4.105,10860,174.98,24.73,630,1590,1590,4073,ON
288,2026-05-24 22:04:20.602,33.5,5.56,4.098,10888,174.90,24.81,632,1592,1594,4091,ON
289,2026-05-24 22:04:21.102,33.5,5.57,4.099,10918,174.81,24.90,630,1590,1593,4138,ON
290,2026-05-24 22:04:21.602,33.5,5.59,4.085,10949,174.73,24.98,632,1594,1598,4122,ON
291,2026-05-24 22:04:22.102,33.5,5.61,4.088,10980,174.65,25.06,628,1587,1599,4077,ON
292,2026-05-24 22:04:22.602,33.5,5.63,4.100,11011,174.56,25.15,626,1584,1605,4063,ON
293,2026-05-24 22:04:23.102,33.5,5.63,4.091,11046,174.48,25.23,628,1587,1602,4046,ON
294,2026-05-24 22:04:23.602,33.5,5.65,4.085,11080,174.39,25.32,625,1580,1593,4038,ON
295,2026-05-24 22:04:24.102,33.5,5.67,4.078,11114,174.30,25.41,626,1583,1596,4115,ON
296,2026-05-24 22:04:24.602,33.5,5.70,4.083,11144,174.22,25.49,628,1587,1601,4177,ON
297,2026-05-24 22:04:25.102,33.5,5.71,4.079,11179,174.13,25.58,633,1599,1611,4117,ON
298,2026-05-24 22:04:25.602,33.5,5.71,4.073,11214,174.04,25.66,632,1597,1609,4183,ON
299,2026-05-24 22:04:26.102,33.6,5.74,4.065,11253,173.96,25.75,629,1593,1607,4132,ON
300,2026-05-24 22:04:26.602,33.6,5.78,4.063,11288,173.86,25.85,629,1595,1611,4097,ON
301,2026-05-24 22:04:27.102,33.6,5.81,4.065,11324,173.77,25.94,629,1593,1608,4095,ON
302,2026-05-24 22:04:27.602,33.6,5.82,4.065,11356,173.70,26.00,630,1596,1612,4057,ON
303,2026-05-24 22:04:28.102,33.6,5.83,4.047,11388,173.60,26.11,629,1594,1611,4108,ON
304,2026-05-24 22:04:28.602,33.6,5.87,4.046,11418,173.51,26.20,627,1591,1609,4172,ON
305,2026-05-24 22:04:29.102,33.6,5.87,4.062,11453,173.42,26.29,628,1591,1610,4127,ON
306,2026-05-24 22:04:29.602,33.6,5.87,4.063,11481,173.34,26.37,629,1593,1611,4020,ON
307,2026-05-24 22:04:30.102,33.6,5.88,4.060,11509,173.26,26.45,625,1584,1604,4041,ON
308,2026-05-24 22:04:30.602,33.6,5.88,4.058,11535,173.17,26.54,623,1584,1605,4124,ON
309,2026-05-24 22:04:31.102,33.6,5.86,4.075,11562,173.09,26.62,625,1587,1608,4149,ON
310,2026-05-24 22:04:31.602,33.6,5.83,4.076,11592,173.00,26.71,628,1593,1614,4153,ON
311,2026-05-24 22:04:32.102,33.6,5.84,4.052,11618,172.91,26.80,629,1596,1616,4164,ON
312,2026-05-24 22:04:32.602,33.6,5.85,4.065,11640,172.83,26.88,629,1596,1615,4150,ON
313,2026-05-24 22:04:33.102,33.7,5.88,4.042,11666,172.75,26.96,630,1600,1619,4102,ON
314,2026-05-24 22:04:33.602,33.7,5.93,4.041,11693,172.66,27.05,628,1592,1613,4165,ON
315,2026-05-24 22:04:34.102,33.7,5.96,4.046,11719,172.57,27.14,630,1596,1617,4145,ON
316,2026-05-24 22:04:34.602,33.7,5.95,4.051,11745,172.49,27.22,631,1599,1620,4076,ON
317,2026-05-24 22:04:35.102,33.7,5.95,4.051,11775,172.40,27.31,631,1603,1622,4122,ON
318,2026-05-24 22:04:35.602,33.7,5.96,4.044,11807,172.31,27.40,631,1602,1621,4196,ON
319,2026-05-24 22:04:36.102,33.7,5.98,4.057,11839,172.22,27.49,631,1601,1623,4132,ON
320,2026-05-24 22:04:36.602,33.7,5.97,4.054,11872,172.14,27.57,630,1598,1621,4185,ON
321,2026-05-24 22:04:37.102,33.7,5.98,4.058,11906,172.06,27.65,631,1601,1625,4175,ON
322,2026-05-24 22:04:37.602,33.7,6.01,4.039,11935,171.98,27.73,629,1597,1620,4124,ON
323,2026-05-24 22:04:38.102,33.7,6.02,4.046,11960,171.88,27.83,628,1594,1617,4122,ON
324,2026-05-24 22:04:38.602,33.7,6.03,4.028,11986,171.80,27.91,627,1593,1617,4114,ON
325,2026-05-24 22:04:39.102,33.7,6.06,4.017,12012,171.71,28.00,628,1593,1618,4201,ON
326,2026-05-24 22:04:39.602,33.7,6.08,4.031,12044,171.62,28.09,630,1598,1622,4165,ON
327,2026-05-24 22:04:40.102,33.7,6.09,4.026,12080,171.54,28.17,630,1598,1623,4162,ON
328,2026-05-24 22:04:40.602,33.7,6.10,4.028,12113,171.45,28.26,628,1594,1619,4110,ON
329,2026-05-24 22:04:41.102,33.7,6.10,4.028,12143,171.36,28.35,630,1599,1624,4183,ON
330,2026-05-24 22:04:41.602,33.7,6.11,4.026,12171,171.28,28.43,632,1605,1630,4107,ON
331,2026-05-24 22:04:42.102,33.7,6.13,4.021,12201,171.20,28.51,634,1608,1634,4205,ON
332,2026-05-24 22:04:42.602,33.7,6.15,4.025,12237,171.12,28.59,635,1610,1635,4169,ON
333,2026-05-24 22:04:43.102,33.7,6.17,4.023,12270,171.02,28.69,635,1610,1635,4146,ON
334,2026-05-24 22:04:43.602,33.7,6.17,4.027,12302,170.95,28.76,634,1607,1632,4094,ON
335,2026-05-24 22:04:44.102,33.8,6.18,4.016,12329,170.86,28.85,627,1594,1620,4088,ON
336,2026-05-24 22:04:44.602,33.8,6.20,4.022,12355,170.77,28.94,626,1591,1618,4133,ON
337,2026-05-24 22:04:45.102,33.8,6.20,4.023,12385,170.69,29.02,628,1592,1620,4150,ON
338,2026-05-24 22:04:45.602,33.8,6.22,4.001,12415,170.60,29.11,630,1598,1626,4179,ON
339,2026-05-24 22:04:46.102,33.8,6.23,4.010,12437,170.52,29.19,634,1606,1631,4190,ON
340,2026-05-24 22:04:46.602,33.8,6.24,4.004,12462,170.44,29.27,636,1611,1635,4219,ON
341,2026-05-24 22:04:47.102,33.8,6.27,4.016,12491,170.35,29.36,635,1608,1632,4169,ON
342,2026-05-24 22:04:47.602,33.8,6.28,4.009,12525,170.26,29.45,636,1610,1633,4130,ON
343,2026-05-24 22:04:48.102,33.8,6.30,3.998,12557,170.17,29.54,636,1608,1632,4093,ON
344,2026-05-24 22:04:48.602,33.8,6.32,4.003,12584,170.09,29.62,636,1609,1634,4161,ON
345,2026-05-24 22:04:49.102,33.8,6.31,4.008,12613,170.01,29.70,637,1612,1637,4176,ON
346,2026-05-24 22:04:49.602,33.8,6.31,3.993,12651,169.92,29.79,638,1612,1637,4207,ON
347,2026-05-24 22:04:50.102,33.9,6.32,4.003,12685,169.84,29.87,639,1616,1639,4206,ON
348,2026-05-24 22:04:50.602,33.9,6.33,3.995,12715,169.75,29.96,638,1614,1638,4215,ON
349,2026-05-24 22:04:51.102,33.9,6.34,3.996,12740,169.66,30.05,633,1604,1630,4133,ON
350,2026-05-24 22:04:51.602,33.9,6.35,3.991,12764,169.58,30.13,632,1600,1627,4130,ON
351,2026-05-24 22:04:52.102,33.9,6.37,3.986,12788,169.49,30.22,632,1601,1627,4126,ON
352,2026-05-24 22:04:52.602,33.9,6.39,3.988,12815,169.41,30.30,631,1599,1626,4197,ON
353,2026-05-24 22:04:53.102,33.9,6.40,3.991,12845,169.33,30.38,633,1604,1630,4178,ON
354,2026-05-24 22:04:53.602,33.9,6.40,3.989,12875,169.22,30.49,634,1606,1633,4135,ON
355,2026-05-24 22:04:54.102,33.9,6.40,3.991,12905,169.13,30.58,633,1605,1631,4144,ON
356,2026-05-24 22:04:54.602,33.9,6.39,4.007,12937,169.05,30.66,634,1607,1633,4133,ON
357,2026-05-24 22:04:55.102,33.9,6.39,3.995,12969,168.97,30.74,634,1607,1634,4172,ON
358,2026-05-24 22:04:55.602,33.9,6.40,3.987,12996,168.87,30.84,634,1608,1635,4185,ON
359,2026-05-24 22:04:56.102,33.9,6.41,3.982,13019,168.79,30.92,634,1606,1633,4226,ON
360,2026-05-24 22:04:56.602,33.9,6.42,3.989,13044,168.71,31.00,634,1606,1633,4106,ON
361,2026-05-24 22:04:57.102,33.9,6.44,3.978,13067,168.62,31.09,633,1604,1632,4149,ON
362,2026-05-24 22:04:57.602,33.9,6.46,3.979,13093,168.53,31.18,635,1610,1636,4229,ON
363,2026-05-24 22:04:58.102,33.9,6.47,3.983,13121,168.45,31.26,639,1618,1643,4279,ON
364,2026-05-24 22:04:58.602,33.9,6.47,3.973,13149,168.36,31.35,640,1619,1644,4230,ON
365,2026-05-24 22:04:59.102,33.9,6.49,3.968,13180,168.28,31.43,640,1618,1643,4206,ON
366,2026-05-24 22:04:59.602,33.9,6.50,3.980,13216,168.20,31.51,641,1620,1645,4213,ON
367,2026-05-24 22:05:00.102,33.9,6.50,3.984,13249,168.10,31.61,641,1623,1648,4248,ON
368,2026-05-24 22:05:00.602,33.9,6.49,3.983,13277,168.01,31.70,646,1633,1657,4289,ON
369,2026-05-24 22:05:01.102,33.9,6.49,3.975,13302,167.93,31.78,648,1636,1661,4240,ON
370,2026-05-24 22:05:01.602,34.0,6.48,3.979,13324,167.85,31.86,647,1633,1658,4241,ON
371,2026-05-24 22:05:02.102,34.0,6.48,3.976,13347,167.76,31.95,644,1624,1650,4179,ON
372,2026-05-24 22:05:02.602,34.0,6.50,3.984,13372,167.68,32.03,643,1622,1648,4210,ON
373,2026-05-24 22:05:03.102,34.0,6.52,3.968,13394,167.59,32.12,645,1628,1654,4225,ON
374,2026-05-24 22:05:03.602,34.0,6.54,3.971,13415,167.50,32.21,646,1631,1656,4218,ON
375,2026-05-24 22:05:04.102,34.0,6.55,3.964,13437,167.42,32.29,647,1631,1655,4187,ON
376,2026-05-24 22:05:04.602,34.0,6.56,3.981,13457,167.33,32.38,645,1627,1651,4162,ON
377,2026-05-24 22:05:05.102,34.0,6.55,3.992,13481,167.24,32.47,647,1634,1658,4257,ON
378,2026-05-24 22:05:05.602,34.0,6.52,3.984,13507,167.16,32.55,648,1638,1662,4325,ON
379,2026-05-24 22:05:06.102,34.0,6.52,3.957,13534,167.07,32.64,649,1639,1663,4285,ON
380,2026-05-24 22:05:06.602,34.0,6.57,3.979,13567,166.99,32.72,649,1637,1662,4279,ON
381,2026-05-24 22:05:07.102,34.0,6.55,3.957,13595,166.90,32.81,648,1633,1660,4219,ON
382,2026-05-24 22:05:07.602,34.0,6.58,3.967,13624,166.82,32.89,647,1630,1657,4207,ON
383,2026-05-24 22:05:08.102,34.0,6.60,3.964,13654,166.73,32.98,650,1636,1661,4274,ON
384,2026-05-24 22:05:08.602,34.1,6.61,3.960,13681,166.64,33.07,653,1644,1667,4273,ON
385,2026-05-24 22:05:09.102,34.1,6.64,3.944,13706,166.56,33.15,653,1645,1667,4211,ON
386,2026-05-24 22:05:09.602,34.1,6.66,3.959,13730,166.48,33.23,652,1643,1666,4266,ON
387,2026-05-24 22:05:10.102,34.1,6.66,3.963,13756,166.39,33.32,651,1643,1666,4261,ON
388,2026-05-24 22:05:10.602,34.1,6.66,3.956,13782,166.31,33.40,651,1643,1668,4234,ON
389,2026-05-24 22:05:11.102,34.1,6.68,3.952,13816,166.22,33.49,650,1638,1661,4201,ON
390,2026-05-24 22:05:11.602,34.1,6.71,3.945,13845,166.13,33.58,649,1637,1660,4260,ON
391,2026-05-24 22:05:12.102,34.1,6.73,3.944,13876,166.05,33.66,649,1636,1660,4231,ON
392,2026-05-24 22:05:12.602,34.1,6.74,3.939,13904,165.95,33.76,649,1635,1658,4222,ON
393,2026-05-24 22:05:13.102,34.1,6.74,3.953,13926,165.88,33.83,649,1631,1655,4266,ON
394,2026-05-24 22:05:13.602,34.1,6.75,3.937,13948,165.78,33.93,650,1633,1656,4232,ON
395,2026-05-24 22:05:14.102,34.1,6.78,3.941,13966,165.70,34.01,648,1631,1655,4219,ON
396,2026-05-24 22:05:14.602,34.1,6.79,3.926,13985,165.62,34.09,647,1631,1656,4234,ON
397,2026-05-24 22:05:15.102,34.1,6.81,3.938,14008,165.53,34.18,649,1635,1660,4237,ON
398,2026-05-24 22:05:15.602,34.1,6.81,3.920,14033,165.45,34.26,652,1639,1663,4182,ON
399,2026-05-24 22:05:16.102,34.1,6.85,3.933,14055,165.36,34.35,650,1636,1660,4204,ON
400,2026-05-24 22:05:16.602,34.1,6.86,3.930,14074,165.27,34.44,648,1634,1658,4289,ON
401,2026-05-24 22:05:17.102,34.1,6.87,3.943,14106,165.19,34.52,650,1639,1664,4303,ON
402,2026-05-24 22:05:17.602,34.1,6.88,3.926,14141,165.10,34.61,653,1645,1669,4294,ON
403,2026-05-24 22:05:18.102,34.1,6.89,3.920,14167,165.00,34.71,655,1648,1672,4303,ON
404,2026-05-24 22:05:18.602,34.1,6.91,3.936,14192,164.92,34.79,652,1641,1665,4223,ON
405,2026-05-24 22:05:19.102,34.1,6.91,3.930,14212,164.82,34.89,652,1640,1664,4257,ON
406,2026-05-24 22:05:19.602,34.2,6.90,3.930,14238,164.75,34.96,653,1644,1667,4166,ON
407,2026-05-24 22:05:20.102,34.2,6.90,3.935,14267,164.66,35.05,653,1642,1667,4269,ON
408,2026-05-24 22:05:20.602,34.2,6.91,3.909,14294,164.58,35.13,656,1648,1672,4329,ON
409,2026-05-24 22:05:21.102,34.2,6.92,3.918,14319,164.49,35.22,659,1656,1679,4346,ON
410,2026-05-24 22:05:21.602,34.2,6.93,3.925,14344,164.40,35.31,658,1656,1678,4313,ON
411,2026-05-24 22:05:22.102,34.2,6.94,3.902,14367,164.32,35.39,659,1654,1676,4305,ON
412,2026-05-24 22:05:22.602,34.2,6.96,3.913,14387,164.24,35.47,658,1653,1675,4278,ON
413,2026-05-24 22:05:23.102,34.2,6.97,3.900,14402,164.15,35.56,657,1652,1674,4246,ON
414,2026-05-24 22:05:23.602,34.2,6.99,3.902,14419,164.06,35.64,655,1645,1668,4295,ON
415,2026-05-24 22:05:24.102,34.2,7.01,3.909,14447,163.97,35.74,655,1647,1669,4281,ON
416,2026-05-24 22:05:24.602,34.2,7.01,3.913,14474,163.89,35.82,657,1650,1671,4279,ON
417,2026-05-24 22:05:25.102,34.2,7.02,3.891,14500,163.80,35.91,658,1652,1673,4189,ON
418,2026-05-24 22:05:25.602,34.2,7.04,3.901,14525,163.71,36.00,658,1653,1675,4287,ON
419,2026-05-24 22:05:26.102,34.2,7.04,3.895,14550,163.63,36.08,657,1653,1676,4344,ON
420,2026-05-24 22:05:26.602,34.2,7.06,3.905,14572,163.55,36.16,660,1657,1678,4322,ON
421,2026-05-24 22:05:27.102,34.2,7.08,3.878,14595,163.46,36.25,660,1655,1677,4297,ON
422,2026-05-24 22:05:27.602,34.2,7.10,3.898,14616,163.38,36.33,661,1655,1677,4228,ON
423,2026-05-24 22:05:28.102,34.2,7.10,3.897,14640,163.29,36.42,659,1653,1676,4272,ON
424,2026-05-24 22:05:28.602,34.2,7.09,3.905,14671,163.20,36.51,657,1650,1673,4325,ON
425,2026-05-24 22:05:29.102,34.2,7.09,3.892,14697,163.11,36.60,659,1652,1673,4293,ON
426,2026-05-24 22:05:29.602,34.2,7.09,3.900,14722,163.03,36.68,659,1649,1671,4235,ON
427,2026-05-24 22:05:30.102,34.2,7.09,3.881,14746,162.94,36.77,657,1644,1666,4214,ON
428,2026-05-24 22:05:30.602,34.3,7.10,3.898,14768,162.87,36.84,656,1643,1665,4289,ON
429,2026-05-24 22:05:31.102,34.3,7.10,3.912,14784,162.77,36.94,657,1646,1668,4354,ON
430,2026-05-24 22:05:31.602,34.3,7.09,3.887,14806,162.69,37.02,661,1653,1673,4332,ON
431,2026-05-24 22:05:32.102,34.3,7.09,3.894,14833,162.60,37.11,661,1654,1674,4311,ON
432,2026-05-24 22:05:32.602,34.3,7.09,3.895,14861,162.51,37.20,663,1658,1679,4294,ON
433,2026-05-24 22:05:33.102,34.3,7.10,3.891,14891,162.43,37.27,663,1659,1679,4323,ON
434,2026-05-24 22:05:33.602,34.3,7.10,3.893,14923,162.35,37.36,664,1662,1682,4302,ON
435,2026-05-24 22:05:34.102,34.3,7.11,3.889,14954,162.26,37.45,664,1658,1679,4279,ON
436,2026-05-24 22:05:34.602,34.3,7.11,3.897,14980,162.17,37.54,662,1656,1677,4292,ON
437,2026-05-24 22:05:35.102,34.3,7.10,3.896,14996,162.09,37.62,665,1663,1683,4356,ON
438,2026-05-24 22:05:35.602,34.3,7.11,3.886,15014,162.00,37.71,667,1668,1688,4346,ON
439,2026-05-24 22:05:36.102,34.3,7.13,3.879,15038,161.92,37.79,667,1666,1686,4325,ON
440,2026-05-24 22:05:36.602,34.3,7.14,3.888,15065,161.83,37.88,664,1659,1678,4278,ON
441,2026-05-24 22:05:37.102,34.3,7.14,3.877,15094,161.75,37.96,662,1654,1674,4244,ON
442,2026-05-24 22:05:37.602,34.3,7.17,3.863,15118,161.66,38.05,663,1656,1676,4308,ON
443,2026-05-24 22:05:38.102,34.4,7.19,3.872,15142,161.58,38.13,665,1661,1679,4322,ON
444,2026-05-24 22:05:38.602,34.4,7.21,3.871,15165,161.49,38.22,667,1665,1682,4274,ON
445,2026-05-24 22:05:39.102,34.4,7.19,3.884,15185,161.41,38.30,663,1657,1674,4348,ON
446,2026-05-24 22:05:39.602,34.4,7.19,3.876,15205,161.32,38.39,663,1656,1675,4282,ON
447,2026-05-24 22:05:40.102,34.4,7.21,3.863,15227,161.23,38.48,662,1654,1674,4217,ON
448,2026-05-24 22:05:40.602,34.4,7.24,3.856,15251,161.13,38.58,663,1653,1673,4326,ON
449,2026-05-24 22:05:41.102,34.4,7.26,3.852,15270,161.05,38.66,664,1654,1677,4290,ON
450,2026-05-24 22:05:41.602,34.4,7.27,3.865,15291,160.97,38.74,663,1656,1680,4301,ON
451,2026-05-24 22:05:42.102,34.4,7.27,3.863,15315,160.88,38.83,665,1661,1683,4302,ON
452,2026-05-24 22:05:42.602,34.4,7.26,3.868,15341,160.79,38.92,668,1665,1687,4336,ON
453,2026-05-24 22:05:43.102,34.4,7.28,3.853,15364,160.71,39.00,670,1668,1688,4321,ON
454,2026-05-24 22:05:43.602,34.4,7.30,3.876,15383,160.63,39.08,670,1667,1686,4275,ON
455,2026-05-24 22:05:44.102,34.4,7.29,3.846,15398,160.53,39.18,670,1669,1686,4352,ON
456,2026-05-24 22:05:44.602,34.4,7.31,3.854,15421,160.45,39.26,669,1668,1686,4321,ON
457,2026-05-24 22:05:45.102,34.4,7.32,3.856,15447,160.37,39.34,670,1666,1685,4357,ON
458,2026-05-24 22:05:45.602,34.4,7.33,3.842,15473,160.28,39.43,672,1672,1691,4249,ON
459,2026-05-24 22:05:46.102,34.4,7.36,3.843,15494,160.19,39.52,669,1666,1685,4366,ON
460,2026-05-24 22:05:46.602,34.4,7.36,3.859,15526,160.11,39.60,667,1663,1682,4305,ON
461,2026-05-24 22:05:47.102,34.4,7.35,3.852,15558,160.02,39.69,668,1664,1682,4324,ON
462,2026-05-24 22:05:47.602,34.4,7.35,3.846,15584,159.93,39.78,670,1668,1687,4308,ON
463,2026-05-24 22:05:48.102,34.5,7.37,3.829,15604,159.85,39.86,671,1665,1685,4289,ON
464,2026-05-24 22:05:48.602,34.5,7.39,3.858,15624,159.76,39.95,670,1664,1684,4304,ON
465,2026-05-24 22:05:49.102,34.5,7.38,3.838,15645,159.67,40.04,668,1662,1681,4363,ON
466,2026-05-24 22:05:49.602,34.5,7.41,3.837,15666,159.58,40.13,671,1668,1688,4360,ON
467,2026-05-24 22:05:50.102,34.5,7.44,3.839,15686,159.50,40.21,673,1672,1691,4358,ON
468,2026-05-24 22:05:50.602,34.5,7.46,3.843,15704,159.42,40.29,674,1675,1694,4315,ON
469,2026-05-24 22:05:51.102,34.5,7.44,3.847,15722,159.32,40.39,676,1679,1696,4411,ON
470,2026-05-24 22:05:51.602,34.5,7.45,3.818,15743,159.25,40.46,675,1678,1696,4342,ON
471,2026-05-24 22:05:52.102,34.5,7.50,3.825,15763,159.16,40.55,673,1669,1689,4318,ON
472,2026-05-24 22:05:52.602,34.5,7.51,3.828,15784,159.08,40.63,673,1664,1686,4309,ON
473,2026-05-24 22:05:53.102,34.5,7.53,3.814,15803,158.99,40.72,672,1665,1685,4317,ON
474,2026-05-24 22:05:53.602,34.5,7.56,3.806,15820,158.91,40.80,673,1667,1687,4330,ON
475,2026-05-24 22:05:54.102,34.5,7.59,3.822,15839,158.81,40.90,673,1667,1688,4361,ON
476,2026-05-24 22:05:54.602,34.5,7.59,3.827,15857,158.72,40.99,673,1670,1690,4386,ON
477,2026-05-24 22:05:55.102,34.5,7.60,3.808,15876,158.64,41.07,676,1673,1693,4359,ON
478,2026-05-24 22:05:55.602,34.5,7.62,3.813,15898,158.56,41.15,677,1676,1695,4347,ON
479,2026-05-24 22:05:56.102,34.5,7.62,3.793,15924,158.47,41.24,677,1674,1693,4348,ON
480,2026-05-24 22:05:56.602,34.5,7.63,3.803,15943,158.39,41.32,676,1673,1694,4296,ON
481,2026-05-24 22:05:57.102,34.5,7.65,3.794,15964,158.30,41.41,676,1670,1692,4334,ON
482,2026-05-24 22:05:57.602,34.5,7.68,3.785,15992,158.22,41.49,677,1671,1693,4358,ON
483,2026-05-24 22:05:58.102,34.5,7.71,3.787,16015,158.13,41.58,677,1674,1695,4367,ON
484,2026-05-24 22:05:58.602,34.5,7.73,3.780,16036,158.04,41.67,675,1669,1689,4318,ON
485,2026-05-24 22:05:59.102,34.5,7.77,3.789,16054,157.95,41.76,673,1665,1686,4289,ON
486,2026-05-24 22:05:59.602,34.6,7.77,3.769,16070,157.87,41.84,675,1666,1691,4327,ON
487,2026-05-24 22:06:00.102,34.6,7.80,3.763,16086,157.78,41.92,678,1670,1696,4349,ON
488,2026-05-24 22:06:00.602,34.6,7.81,3.783,16098,157.70,42.01,677,1667,1693,4325,ON
489,2026-05-24 22:06:01.102,34.6,7.81,3.779,16108,157.62,42.09,676,1663,1690,4326,ON
490,2026-05-24 22:06:01.602,34.6,7.85,3.764,16120,157.53,42.18,674,1656,1687,4309,ON
491,2026-05-24 22:06:02.102,34.6,7.87,3.760,16139,157.45,42.26,674,1653,1688,4315,ON
492,2026-05-24 22:06:02.602,34.6,7.91,3.755,16159,157.36,42.35,674,1652,1689,4312,ON
493,2026-05-24 22:06:03.102,34.6,7.93,3.757,16179,157.27,42.44,674,1652,1688,4270,ON
494,2026-05-24 22:06:03.602,34.6,7.95,3.747,16196,157.19,42.52,674,1649,1686,4292,ON
495,2026-05-24 22:06:04.102,34.6,7.97,3.745,16213,157.10,42.61,674,1647,1684,4227,ON
496,2026-05-24 22:06:04.602,34.6,7.99,3.741,16232,157.02,42.69,670,1632,1680,4251,ON
497,2026-05-24 22:06:05.102,34.6,8.01,3.741,16250,156.93,42.78,668,1623,1678,4311,ON
498,2026-05-24 22:06:05.602,34.6,8.04,3.731,16274,156.85,42.86,670,1626,1681,4318,ON
499,2026-05-24 22:06:06.102,34.6,8.09,3.716,16297,156.76,42.95,671,1622,1678,4247,ON
500,2026-05-24 22:06:06.602,34.6,8.13,3.711,16326,156.67,43.03,670,1618,1676,4185,ON
501,2026-05-24 22:06:07.102,34.6,8.17,3.701,16354,156.57,43.14,666,1601,1668,4164,ON
502,2026-05-24 22:06:07.602,34.6,8.22,3.702,16375,156.49,43.22,664,1581,1665,4156,ON
503,2026-05-24 22:06:08.102,34.6,8.26,3.689,16395,156.40,43.31,662,1560,1659,4106,ON
504,2026-05-24 22:06:08.602,34.7,8.31,3.684,16409,156.31,43.40,658,1536,1652,3985,ON
505,2026-05-24 22:06:09.102,34.6,8.39,3.652,16420,156.23,43.48,649,1499,1635,3954,ON
506,2026-05-24 22:06:09.602,34.6,8.48,3.650,16430,156.14,43.57,642,1459,1625,3919,ON
507,2026-05-24 22:06:10.102,34.6,8.56,3.625,16441,156.06,43.65,633,1416,1606,3793,ON
508,2026-05-24 22:06:10.602,34.6,8.65,3.607,16456,155.98,43.73,625,1366,1589,3690,ON
509,2026-05-24 22:06:11.102,34.6,8.75,3.583,16476,155.89,43.82,617,1310,1571,3584,ON
510,2026-05-24 22:06:11.602,34.7,8.87,3.562,16490,155.80,43.91,607,1258,1553,3473,ON
511,2026-05-24 22:06:12.102,34.7,9.00,3.544,16505,155.72,43.99,595,1209,1532,3425,ON
512,2026-05-24 22:06:12.602,34.7,9.13,3.509,16516,155.64,44.07,588,1169,1515,3365,ON
513,2026-05-24 22:06:13.102,34.7,9.26,3.518,16532,155.55,44.16,581,1133,1503,3322,ON
514,2026-05-24 22:06:13.602,34.7,9.36,3.493,16554,155.46,44.25,578,1107,1496,3328,ON
515,2026-05-24 22:06:14.102,34.7,9.48,3.472,16575,155.37,44.34,573,1079,1484,3251,ON
516,2026-05-24 22:06:14.602,34.7,9.58,3.469,16602,155.29,44.42,567,1056,1471,3242,ON
517,2026-05-24 22:06:15.102,34.7,9.67,3.449,16631,155.21,44.50,565,1043,1466,3252,ON
518,2026-05-24 22:06:15.602,34.7,9.77,3.434,16664,155.12,44.59,565,1036,1466,3229,ON
519,2026-05-24 22:06:16.102,34.7,9.85,3.425,16695,155.04,44.67,564,1026,1461,3214,ON
520,2026-05-24 22:06:16.602,34.7,9.91,3.431,16730,154.95,44.76,562,1020,1457,3190,ON
521,2026-05-24 22:06:17.102,34.7,9.96,3.424,16764,154.86,44.85,563,1016,1457,3222,ON
522,2026-05-24 22:06:17.602,34.7,10.01,3.420,16794,154.78,44.93,565,1014,1460,3226,ON
523,2026-05-24 22:06:18.102,34.7,10.04,3.410,16823,154.69,45.02,563,1007,1456,3183,ON
524,2026-05-24 22:06:18.602,34.7,10.08,3.403,16852,154.60,45.11,560,1000,1449,3180,ON
525,2026-05-24 22:06:19.102,34.7,10.12,3.408,16883,154.52,45.19,558,996,1446,3211,ON
526,2026-05-24 22:06:19.602,34.7,10.14,3.406,16909,154.43,45.28,560,996,1448,3165,ON
527,2026-05-24 22:06:20.102,34.7,10.16,3.401,16931,154.35,45.36,559,992,1446,3167,ON
528,2026-05-24 22:06:20.602,34.7,10.18,3.385,16955,154.26,45.45,558,988,1443,3183,ON
529,2026-05-24 22:06:21.102,34.7,10.23,3.393,16975,154.18,45.53,556,984,1439,3156,ON
530,2026-05-24 22:06:21.602,34.7,10.26,3.380,16995,154.09,45.62,556,982,1438,3144,ON
531,2026-05-24 22:06:22.102,34.7,10.29,3.378,17019,154.00,45.71,558,983,1440,3163,ON
532,2026-05-24 22:06:22.602,34.7,10.32,3.377,17039,153.92,45.79,558,983,1438,3218,ON
533,2026-05-24 22:06:23.102,34.7,10.34,3.376,17057,153.82,45.88,557,981,1438,3163,ON
534,2026-05-24 22:06:23.602,34.7,10.36,3.372,17073,153.74,45.97,558,981,1439,3147,ON
535,2026-05-24 22:06:24.102,34.7,10.37,3.374,17088,153.66,46.05,559,983,1443,3182,ON
536,2026-05-24 22:06:24.602,34.7,10.38,3.368,17103,153.57,46.14,562,987,1450,3200,ON
537,2026-05-24 22:06:25.102,34.7,10.40,3.363,17112,153.49,46.22,563,988,1451,3184,ON
538,2026-05-24 22:06:25.602,34.7,10.43,3.357,17118,153.40,46.31,560,981,1443,3140,ON
539,2026-05-24 22:06:26.102,34.7,10.45,3.357,17121,153.32,46.39,558,977,1438,3137,ON
540,2026-05-24 22:06:26.602,34.7,10.47,3.355,17123,153.23,46.48,559,979,1440,3159,ON
541,2026-05-24 22:06:27.102,34.8,10.49,3.349,17132,153.15,46.56,560,979,1439,3208,ON
542,2026-05-24 22:06:27.602,34.8,10.50,3.351,17139,153.06,46.65,560,980,1442,3187,ON
543,2026-05-24 22:06:28.102,34.8,10.52,3.349,17153,152.97,46.74,561,982,1446,3164,ON
544,2026-05-24 22:06:28.602,34.8,10.55,3.335,17168,152.89,46.82,561,982,1445,3145,ON
545,2026-05-24 22:06:29.102,34.8,10.56,3.347,17180,152.81,46.90,560,979,1443,3169,ON
546,2026-05-24 22:06:29.602,34.8,10.56,3.339,17188,152.72,46.99,560,979,1442,3175,ON
547,2026-05-24 22:06:30.102,34.8,10.58,3.339,17198,152.63,47.08,561,980,1443,3184,ON
548,2026-05-24 22:06:30.602,34.8,10.60,3.334,17203,152.55,47.16,561,979,1445,3154,ON
549,2026-05-24 22:06:31.102,34.8,10.62,3.330,17210,152.47,47.24,561,978,1442,3159,ON
550,2026-05-24 22:06:31.602,34.8,10.65,3.317,17218,152.37,47.34,562,979,1443,3191,ON
551,2026-05-24 22:06:32.102,34.8,10.69,3.318,17228,152.29,47.42,562,980,1444,3167,ON
552,2026-05-24 22:06:32.602,34.8,10.68,3.339,17240,152.20,47.51,562,979,1444,3150,ON
553,2026-05-24 22:06:33.102,34.8,10.67,3.327,17256,152.12,47.59,563,981,1447,3157,ON
554,2026-05-24 22:06:33.602,34.8,10.68,3.325,17270,152.04,47.67,564,983,1448,3179,ON
555,2026-05-24 22:06:34.102,34.8,10.69,3.324,17281,151.95,47.76,563,980,1444,3148,ON
556,2026-05-24 22:06:34.602,34.8,10.70,3.320,17288,151.85,47.86,561,977,1441,3206,ON
557,2026-05-24 22:06:35.102,34.8,10.71,3.332,17298,151.76,47.95,563,978,1442,3152,ON
558,2026-05-24 22:06:35.602,34.8,10.72,3.317,17310,151.67,48.04,563,977,1441,3134,ON
559,2026-05-24 22:06:36.102,34.8,10.73,3.318,17320,151.59,48.12,562,976,1438,3206,ON
560,2026-05-24 22:06:36.602,34.8,10.73,3.310,17331,151.50,48.21,563,978,1442,3181,ON
561,2026-05-24 22:06:37.102,34.8,10.77,3.301,17341,151.42,48.29,564,980,1445,3156,ON
562,2026-05-24 22:06:37.602,34.8,10.80,3.300,17355,151.34,48.37,566,982,1447,3171,ON
563,2026-05-24 22:06:38.102,34.8,10.81,3.297,17370,151.24,48.46,566,982,1447,3175,ON
564,2026-05-24 22:06:38.602,34.8,10.80,3.319,17379,151.16,48.55,566,981,1445,3178,ON
565,2026-05-24 22:06:39.102,34.8,10.79,3.310,17389,151.07,48.64,566,981,1446,3189,ON
566,2026-05-24 22:06:39.602,34.8,10.80,3.298,17397,150.99,48.72,565,981,1446,3174,ON
567,2026-05-24 22:06:40.102,34.8,10.82,3.294,17407,150.90,48.81,565,980,1445,3167,ON
568,2026-05-24 22:06:40.602,34.8,10.84,3.285,17416,150.81,48.90,566,981,1444,3175,ON
569,2026-05-24 22:06:41.102,34.9,10.83,3.305,17427,150.72,48.99,566,981,1444,3198,ON
570,2026-05-24 22:06:41.602,34.9,10.83,3.300,17440,150.64,49.07,565,980,1444,3179,ON
571,2026-05-24 22:06:42.102,34.8,10.84,3.299,17454,150.56,49.15,566,980,1446,3146,ON
572,2026-05-24 22:06:42.602,34.8,10.85,3.292,17467,150.47,49.24,566,981,1447,3175,ON
573,2026-05-24 22:06:43.102,34.8,10.87,3.291,17475,150.39,49.32,566,981,1446,3188,ON
574,2026-05-24 22:06:43.602,34.8,10.89,3.291,17480,150.30,49.41,567,981,1446,3210,ON
575,2026-05-24 22:06:44.102,34.9,10.90,3.298,17488,150.22,49.49,567,981,1446,3180,ON
576,2026-05-24 22:06:44.602,34.9,10.89,3.280,17494,150.13,49.58,567,982,1447,3190,ON
577,2026-05-24 22:06:45.102,34.9,10.91,3.282,17509,150.04,49.67,568,984,1449,3197,ON
578,2026-05-24 22:06:45.602,34.9,10.94,3.275,17529,149.95,49.76,568,983,1447,3170,ON
579,2026-05-24 22:06:46.102,34.9,10.96,3.283,17544,149.87,49.84,568,984,1449,3210,ON
580,2026-05-24 22:06:46.602,34.9,10.96,3.295,17560,149.78,49.93,571,987,1454,3202,ON
581,2026-05-24 22:06:47.102,34.9,10.96,3.276,17579,149.70,50.01,572,989,1457,3193,ON
582,2026-05-24 22:06:47.602,34.9,10.96,3.285,17592,149.61,50.10,572,989,1456,3227,ON
583,2026-05-24 22:06:48.102,34.9,10.96,3.283,17603,149.52,50.19,573,991,1457,3216,ON
584,2026-05-24 22:06:48.602,34.9,10.97,3.271,17609,149.44,50.27,575,992,1460,3221,ON
585,2026-05-24 22:06:49.102,34.9,10.98,3.284,17613,149.35,50.36,575,994,1462,3226,ON
586,2026-05-24 22:06:49.602,34.9,10.97,3.265,17620,149.26,50.45,576,995,1463,3234,ON
587,2026-05-24 22:06:50.102,34.9,11.00,3.270,17631,149.17,50.54,576,996,1465,3232,ON
588,2026-05-24 22:06:50.602,34.9,11.01,3.279,17641,149.09,50.62,577,997,1466,3244,ON
589,2026-05-24 22:06:51.102,34.9,11.02,3.274,17650,149.01,50.70,576,995,1465,3188,ON
590,2026-05-24 22:06:51.602,34.9,10.99,3.294,17664,148.92,50.79,574,992,1460,3194,ON
591,2026-05-24 22:06:52.102,34.9,10.98,3.268,17677,148.83,50.88,573,989,1456,3236,ON
592,2026-05-24 22:06:52.602,34.9,10.99,3.281,17688,148.75,50.96,575,992,1461,3224,ON
593,2026-05-24 22:06:53.102,34.9,11.00,3.267,17699,148.65,51.05,576,994,1462,3235,ON
594,2026-05-24 22:06:53.602,34.9,11.03,3.265,17711,148.58,51.13,577,996,1465,3209,ON
595,2026-05-24 22:06:54.102,34.9,11.04,3.264,17724,148.49,51.22,575,994,1461,3209,ON
596,2026-05-24 22:06:54.602,34.9,11.06,3.263,17738,148.40,51.31,575,992,1462,3197,ON
597,2026-05-24 22:06:55.102,34.9,11.07,3.265,17753,148.31,51.40,575,993,1465,3215,ON
598,2026-05-24 22:06:55.602,34.9,11.07,3.261,17763,148.22,51.49,577,997,1468,3253,ON
599,2026-05-24 22:06:56.102,34.9,11.08,3.261,17777,148.14,51.57,579,1000,1471,3247,ON
600,2026-05-24 22:06:56.602,34.9,11.09,3.269,17791,148.06,51.65,579,1000,1470,3216,ON
601,2026-05-24 22:06:57.102,34.9,11.10,3.259,17808,147.97,51.74,579,999,1468,3232,ON
602,2026-05-24 22:06:57.602,34.9,11.09,3.266,17822,147.88,51.83,579,998,1467,3249,ON
603,2026-05-24 22:06:58.102,34.9,11.09,3.265,17836,147.79,51.92,579,999,1467,3241,ON
604,2026-05-24 22:06:58.602,34.9,11.09,3.262,17847,147.69,52.02,580,998,1466,3201,ON
605,2026-05-24 22:06:59.102,34.9,11.08,3.268,17854,147.60,52.11,580,999,1466,3247,ON
606,2026-05-24 22:06:59.602,34.9,11.08,3.268,17858,147.52,52.19,581,1000,1468,3264,ON
607,2026-05-24 22:07:00.102,34.9,11.07,3.269,17862,147.43,52.28,581,1002,1470,3254,ON
608,2026-05-24 22:07:00.602,34.9,11.07,3.262,17877,147.34,52.37,582,1002,1469,3221,ON
609,2026-05-24 22:07:01.102,34.9,11.09,3.271,17899,147.26,52.45,581,1000,1466,3223,ON
610,2026-05-24 22:07:01.602,34.9,11.09,3.268,17915,147.18,52.53,581,1001,1467,3241,ON
611,2026-05-24 22:07:02.102,34.9,11.10,3.264,17930,147.08,52.63,583,1002,1467,3265,ON
612,2026-05-24 22:07:02.602,34.9,11.10,3.257,17940,147.00,52.71,584,1004,1470,3262,ON
613,2026-05-24 22:07:03.102,34.9,11.11,3.253,17951,146.91,52.80,585,1006,1474,3203,ON
614,2026-05-24 22:07:03.602,34.9,11.12,3.258,17968,146.82,52.89,582,1003,1469,3245,ON
615,2026-05-24 22:07:04.102,34.9,11.16,3.250,17981,146.73,52.98,582,1003,1469,3243,ON
616,2026-05-24 22:07:04.602,34.9,11.17,3.254,17995,146.64,53.07,581,1000,1468,3202,ON
617,2026-05-24 22:07:05.102,34.9,11.17,3.245,18011,146.56,53.15,579,997,1468,3214,ON
618,2026-05-24 22:07:05.602,34.9,11.18,3.246,18022,146.47,53.24,580,997,1464,3273,ON
619,2026-05-24 22:07:06.102,34.9,11.19,3.249,18037,146.39,53.32,581,999,1466,3241,ON
620,2026-05-24 22:07:06.602,34.9,11.19,3.248,18052,146.31,53.40,581,1001,1467,3265,ON
621,2026-05-24 22:07:07.102,34.9,11.21,3.242,18065,146.22,53.49,584,1004,1469,3242,ON
622,2026-05-24 22:07:07.602,34.9,11.21,3.239,18078,146.13,53.58,584,1004,1469,3229,ON
623,2026-05-24 22:07:08.102,34.9,11.21,3.245,18093,146.04,53.67,583,1001,1464,3270,ON
624,2026-05-24 22:07:08.602,34.9,11.20,3.250,18108,145.96,53.75,583,1002,1466,3259,ON
625,2026-05-24 22:07:09.102,34.9,11.21,3.237,18125,145.86,53.85,584,1004,1471,3232,ON
626,2026-05-24 22:07:09.602,34.9,11.22,3.242,18136,145.78,53.93,584,1004,1470,3239,ON
627,2026-05-24 22:07:10.102,34.9,11.22,3.244,18148,145.70,54.01,585,1007,1472,3271,ON
628,2026-05-24 22:07:10.602,35.0,11.24,3.232,18156,145.61,54.10,587,1009,1474,3287,ON
629,2026-05-24 22:07:11.102,35.0,11.26,3.241,18170,145.53,54.18,585,1006,1470,3230,ON
630,2026-05-24 22:07:11.602,35.0,11.25,3.235,18190,145.44,54.27,583,1003,1465,3231,ON
631,2026-05-24 22:07:12.102,35.0,11.26,3.232,18209,145.35,54.36,584,1003,1465,3259,ON
632,2026-05-24 22:07:12.602,35.0,11.26,3.235,18229,145.26,54.45,585,1006,1468,3283,ON
633,2026-05-24 22:07:13.102,35.0,11.27,3.220,18241,145.17,54.54,588,1010,1472,3280,ON
634,2026-05-24 22:07:13.602,35.0,11.28,3.227,18253,145.08,54.63,587,1008,1470,3247,ON
635,2026-05-24 22:07:14.102,35.0,11.29,3.230,18261,145.00,54.71,587,1009,1471,3285,ON
636,2026-05-24 22:07:14.602,35.0,11.29,3.238,18268,144.92,54.79,588,1010,1474,3246,ON
637,2026-05-24 22:07:15.102,35.0,11.29,3.222,18279,144.83,54.88,587,1008,1476,3274,ON
638,2026-05-24 22:07:15.602,35.0,11.30,3.235,18289,144.74,54.97,589,1011,1479,3254,ON
639,2026-05-24 22:07:16.102,35.0,11.29,3.228,18300,144.65,55.06,589,1011,1477,3280,ON
640,2026-05-24 22:07:16.602,35.0,11.30,3.232,18315,144.56,55.15,589,1011,1474,3256,ON
641,2026-05-24 22:07:17.102,35.0,11.30,3.229,18339,144.48,55.23,588,1009,1470,3273,ON
642,2026-05-24 22:07:17.602,35.0,11.31,3.225,18363,144.39,55.32,589,1011,1473,3268,ON
643,2026-05-24 22:07:18.102,35.0,11.32,3.217,18387,144.31,55.40,590,1014,1476,3290,ON
644,2026-05-24 22:07:18.602,35.0,11.34,3.230,18406,144.22,55.49,590,1015,1477,3274,ON
645,2026-05-24 22:07:19.102,35.0,11.36,3.213,18421,144.13,55.58,590,1013,1475,3265,ON
646,2026-05-24 22:07:19.602,35.0,11.37,3.221,18431,144.05,55.66,589,1013,1474,3265,ON
647,2026-05-24 22:07:20.102,35.0,11.36,3.217,18439,143.96,55.75,591,1014,1476,3272,ON
648,2026-05-24 22:07:20.602,35.0,11.36,3.220,18451,143.87,55.84,591,1014,1475,3307,ON
649,2026-05-24 22:07:21.102,35.0,11.36,3.219,18458,143.78,55.92,592,1015,1475,3287,ON
650,2026-05-24 22:07:21.602,35.0,11.34,3.229,18468,143.69,56.02,593,1016,1475,3287,ON
651,2026-05-24 22:07:22.102,35.0,11.33,3.214,18486,143.61,56.09,593,1016,1475,3278,ON
652,2026-05-24 22:07:22.602,35.0,11.36,3.215,18501,143.53,56.18,593,1016,1476,3269,ON
653,2026-05-24 22:07:23.102,35.0,11.37,3.219,18519,143.44,56.27,592,1016,1476,3267,ON
654,2026-05-24 22:07:23.602,35.0,11.37,3.206,18537,143.35,56.36,591,1015,1473,3273,ON
655,2026-05-24 22:07:24.102,35.0,11.37,3.215,18554,143.26,56.45,591,1015,1473,3284,ON
656,2026-05-24 22:07:24.602,35.0,11.38,3.216,18576,143.18,56.53,592,1017,1476,3254,ON
657,2026-05-24 22:07:25.102,35.0,11.38,3.213,18596,143.09,56.62,593,1017,1475,3288,ON
658,2026-05-24 22:07:25.602,35.0,11.40,3.217,18611,143.01,56.70,594,1018,1477,3296,ON
659,2026-05-24 22:07:26.102,35.0,11.39,3.211,18626,142.92,56.79,594,1018,1477,3292,ON
660,2026-05-24 22:07:26.602,35.0,11.40,3.217,18642,142.83,56.88,593,1017,1473,3273,ON
661,2026-05-24 22:07:27.102,35.0,11.39,3.202,18654,142.75,56.96,592,1017,1473,3274,ON
662,2026-05-24 22:07:27.602,35.1,11.42,3.206,18668,142.66,57.05,592,1017,1473,3280,ON
663,2026-05-24 22:07:28.102,35.1,11.43,3.203,18679,142.57,57.14,592,1020,1477,3304,ON
664,2026-05-24 22:07:28.602,35.1,11.45,3.198,18696,142.48,57.23,591,1020,1477,3262,ON
665,2026-05-24 22:07:29.102,35.0,11.47,3.181,18709,142.40,57.31,591,1018,1474,3274,ON
666,2026-05-24 22:07:29.602,35.0,11.50,3.188,18718,142.31,57.40,592,1018,1473,3268,ON
667,2026-05-24 22:07:30.102,35.0,11.51,3.172,18734,142.23,57.48,589,1013,1469,3273,ON
668,2026-05-24 22:07:30.602,35.0,11.56,3.185,18759,142.14,57.57,591,1015,1473,3290,ON
669,2026-05-24 22:07:31.102,35.0,11.57,3.188,18788,142.05,57.66,592,1018,1478,3284,ON
670,2026-05-24 22:07:31.602,35.0,11.57,3.198,18814,141.95,57.76,592,1018,1477,3244,ON
671,2026-05-24 22:07:32.102,35.0,11.56,3.186,18834,141.86,57.85,591,1016,1474,3265,ON
672,2026-05-24 22:07:32.602,35.1,11.56,3.186,18852,141.78,57.93,592,1017,1472,3268,ON
673,2026-05-24 22:07:33.102,35.1,11.56,3.187,18870,141.69,58.02,592,1017,1474,3287,ON
674,2026-05-24 22:07:33.602,35.1,11.56,3.188,18883,141.60,58.10,593,1019,1475,3299,ON
675,2026-05-24 22:07:34.102,35.1,11.55,3.194,18892,141.52,58.19,595,1022,1478,3282,ON
676,2026-05-24 22:07:34.602,35.1,11.53,3.201,18903,141.43,58.28,596,1021,1476,3276,ON
677,2026-05-24 22:07:35.102,35.1,11.53,3.187,18920,141.34,58.37,596,1020,1474,3272,ON
678,2026-05-24 22:07:35.602,35.1,11.55,3.187,18936,141.25,58.46,595,1019,1471,3307,ON
679,2026-05-24 22:07:36.102,35.1,11.56,3.190,18952,141.17,58.54,596,1021,1475,3280,ON
680,2026-05-24 22:07:36.602,35.1,11.56,3.201,18975,141.08,58.63,596,1021,1475,3274,ON
681,2026-05-24 22:07:37.102,35.1,11.53,3.187,19002,141.00,58.71,595,1020,1472,3308,ON
682,2026-05-24 22:07:37.602,35.1,11.55,3.184,19027,140.90,58.81,597,1022,1475,3293,ON
683,2026-05-24 22:07:38.102,35.1,11.54,3.194,19052,140.82,58.89,598,1024,1476,3297,ON
684,2026-05-24 22:07:38.602,35.1,11.54,3.191,19080,140.74,58.97,598,1024,1477,3284,ON
685,2026-05-24 22:07:39.102,35.1,11.53,3.194,19102,140.65,59.06,598,1024,1475,3274,ON
686,2026-05-24 22:07:39.602,35.1,11.52,3.192,19120,140.56,59.15,599,1026,1475,3320,ON
687,2026-05-24 22:07:40.102,35.1,11.54,3.184,19136,140.47,59.24,600,1027,1477,3308,ON
688,2026-05-24 22:07:40.602,35.1,11.56,3.193,19155,140.39,59.32,600,1028,1479,3246,ON
689,2026-05-24 22:07:41.102,35.1,11.56,3.196,19178,140.31,59.40,596,1021,1469,3244,ON
690,2026-05-24 22:07:41.602,35.1,11.55,3.198,19198,140.22,59.49,595,1018,1466,3284,ON
691,2026-05-24 22:07:42.102,35.1,11.53,3.183,19214,140.14,59.57,595,1019,1467,3291,ON
692,2026-05-24 22:07:42.602,35.1,11.55,3.192,19233,140.05,59.66,596,1021,1468,3290,ON
693,2026-05-24 22:07:43.102,35.1,11.56,3.186,19251,139.95,59.76,597,1023,1470,3289,ON
694,2026-05-24 22:07:43.602,35.1,11.57,3.185,19270,139.87,59.84,598,1025,1472,3284,ON
695,2026-05-24 22:07:44.102,35.1,11.58,3.191,19287,139.78,59.93,599,1026,1474,3328,ON
696,2026-05-24 22:07:44.602,35.1,11.58,3.181,19307,139.69,60.02,600,1029,1476,3311,ON
697,2026-05-24 22:07:45.102,35.1,11.59,3.179,19329,139.61,60.10,599,1027,1475,3290,ON
698,2026-05-24 22:07:45.602,35.1,11.60,3.183,19358,139.52,60.19,599,1027,1475,3295,ON
699,2026-05-24 22:07:46.102,35.1,11.60,3.176,19385,139.43,60.28,601,1030,1476,3308,ON
700,2026-05-24 22:07:46.602,35.1,11.61,3.174,19409,139.35,60.36,601,1031,1477,3310,ON
701,2026-05-24 22:07:47.102,35.1,11.59,3.198,19426,139.27,60.44,602,1032,1479,3326,ON
702,2026-05-24 22:07:47.602,35.1,11.58,3.187,19444,139.18,60.53,601,1031,1478,3256,ON
703,2026-05-24 22:07:48.102,35.1,11.59,3.192,19464,139.09,60.62,600,1029,1474,3288,ON
704,2026-05-24 22:07:48.602,35.1,11.59,3.171,19486,139.00,60.71,598,1025,1470,3269,ON
705,2026-05-24 22:07:49.102,35.1,11.59,3.180,19513,138.91,60.80,597,1023,1467,3291,ON
706,2026-05-24 22:07:49.602,35.1,11.60,3.179,19538,138.83,60.88,598,1025,1469,3278,ON
707,2026-05-24 22:07:50.102,35.1,11.58,3.197,19564,138.75,60.96,599,1028,1472,3306,ON
708,2026-05-24 22:07:50.602,35.1,11.57,3.188,19596,138.66,61.05,602,1032,1476,3310,ON
709,2026-05-24 22:07:51.102,35.1,11.57,3.185,19615,138.57,61.14,602,1033,1477,3317,ON
710,2026-05-24 22:07:51.602,35.1,11.58,3.177,19634,138.48,61.23,602,1033,1476,3297,ON
711,2026-05-24 22:07:52.102,35.1,11.60,3.169,19652,138.40,61.31,601,1032,1475,3288,ON
712,2026-05-24 22:07:52.602,35.1,11.63,3.180,19669,138.31,61.40,603,1033,1476,3315,ON
713,2026-05-24 22:07:53.102,35.1,11.62,3.174,19686,138.23,61.48,603,1035,1477,3320,ON
714,2026-05-24 22:07:53.602,35.1,11.63,3.176,19711,138.14,61.57,604,1035,1478,3324,ON
715,2026-05-24 22:07:54.102,35.1,11.64,3.167,19735,138.05,61.66,603,1035,1478,3306,ON
716,2026-05-24 22:07:54.602,35.1,11.63,3.182,19757,137.96,61.75,603,1034,1477,3296,ON
717,2026-05-24 22:07:55.102,35.1,11.62,3.179,19784,137.87,61.84,601,1032,1474,3324,ON
718,2026-05-24 22:07:55.602,35.1,11.62,3.178,19820,137.77,61.94,602,1033,1475,3324,ON
719,2026-05-24 22:07:56.102,35.1,11.63,3.177,19848,137.70,62.01,604,1035,1477,3306,ON
720,2026-05-24 22:07:56.602,35.1,11.63,3.178,19872,137.60,62.11,603,1035,1476,3313,ON
721,2026-05-24 22:07:57.102,35.1,11.64,3.170,19894,137.52,62.19,603,1035,1476,3326,ON
722,2026-05-24 22:07:57.602,35.1,11.65,3.160,19920,137.43,62.28,605,1036,1477,3329,ON
723,2026-05-24 22:07:58.102,35.1,11.66,3.165,19946,137.34,62.37,603,1034,1473,3302,ON
724,2026-05-24 22:07:58.602,35.1,11.66,3.170,19975,137.26,62.45,603,1035,1474,3309,ON
725,2026-05-24 22:07:59.102,35.1,11.66,3.162,20008,137.17,62.54,604,1036,1476,3309,ON
726,2026-05-24 22:07:59.602,35.1,11.68,3.164,20044,137.08,62.62,604,1037,1477,3345,ON
727,2026-05-24 22:08:00.102,35.1,11.69,3.165,20079,137.00,62.71,606,1040,1480,3337,ON
728,2026-05-24 22:08:00.602,35.1,11.70,3.174,20104,136.90,62.81,606,1037,1475,3295,ON
729,2026-05-24 22:08:01.102,35.1,11.69,3.177,20126,136.82,62.89,605,1037,1474,3312,ON
730,2026-05-24 22:08:01.602,35.1,11.69,3.171,20146,136.74,62.97,606,1039,1477,3344,ON
731,2026-05-24 22:08:02.102,35.1,11.68,3.168,20169,136.65,63.06,606,1038,1476,3303,ON
732,2026-05-24 22:08:02.602,35.1,11.68,3.165,20192,136.56,63.15,606,1040,1478,3338,ON
733,2026-05-24 22:08:03.102,35.1,11.69,3.167,20218,136.48,63.23,608,1043,1482,3313,ON
734,2026-05-24 22:08:03.602,35.1,11.70,3.162,20247,136.38,63.33,606,1040,1478,3333,ON
735,2026-05-24 22:08:04.102,35.1,11.71,3.152,20285,136.30,63.41,607,1042,1478,3354,ON
736,2026-05-24 22:08:04.602,35.1,11.71,3.174,20315,136.22,63.49,608,1043,1478,3339,ON
737,2026-05-24 22:08:05.102,35.1,11.71,3.164,20344,136.13,63.58,609,1044,1479,3340,ON
738,2026-05-24 22:08:05.602,35.1,11.71,3.168,20368,136.05,63.66,610,1045,1481,3314,ON
739,2026-05-24 22:08:06.102,35.1,11.70,3.168,20393,135.95,63.76,609,1045,1480,3321,ON
740,2026-05-24 22:08:06.602,35.1,11.70,3.166,20423,135.87,63.84,610,1046,1482,3346,ON
741,2026-05-24 22:08:07.102,35.1,11.71,3.164,20451,135.79,63.92,610,1045,1481,3306,ON
742,2026-05-24 22:08:07.602,35.1,11.70,3.168,20475,135.69,64.02,610,1044,1478,3321,ON
743,2026-05-24 22:08:08.102,35.1,11.70,3.153,20503,135.61,64.10,610,1045,1481,3348,ON
744,2026-05-24 22:08:08.602,35.1,11.71,3.164,20535,135.53,64.18,610,1047,1484,3348,ON
745,2026-05-24 22:08:09.102,35.1,11.71,3.159,20565,135.44,64.27,611,1048,1482,3345,ON
746,2026-05-24 22:08:09.602,35.1,11.72,3.172,20590,135.35,64.36,611,1049,1483,3327,ON
747,2026-05-24 22:08:10.102,35.1,11.72,3.165,20616,135.26,64.45,611,1048,1485,3328,ON
748,2026-05-24 22:08:10.602,35.1,11.73,3.156,20645,135.17,64.54,611,1048,1483,3322,ON
749,2026-05-24 22:08:11.102,35.1,11.74,3.151,20681,135.09,64.62,610,1048,1481,3346,ON
750,2026-05-24 22:08:11.602,35.1,11.74,3.165,20715,135.01,64.70,611,1047,1479,3328,ON
751,2026-05-24 22:08:12.102,35.1,11.75,3.155,20756,134.92,64.79,611,1047,1478,3337,ON
752,2026-05-24 22:08:12.602,35.1,11.75,3.148,20791,134.83,64.88,611,1048,1478,3317,ON
753,2026-05-24 22:08:13.102,35.1,11.77,3.146,20826,134.74,64.97,612,1050,1480,3346,ON
754,2026-05-24 22:08:13.602,35.1,11.77,3.164,20860,134.66,65.05,613,1051,1482,3355,ON
755,2026-05-24 22:08:14.102,35.1,11.76,3.145,20886,134.58,65.13,612,1049,1479,3339,ON
756,2026-05-24 22:08:14.602,35.1,11.78,3.136,20917,134.49,65.22,612,1049,1479,3339,ON
757,2026-05-24 22:08:15.102,35.1,11.79,3.148,20944,134.40,65.31,613,1050,1479,3331,ON
758,2026-05-24 22:08:15.602,35.1,11.79,3.152,20968,134.31,65.40,612,1049,1477,3358,ON
759,2026-05-24 22:08:16.102,35.1,11.79,3.152,20992,134.23,65.48,612,1050,1477,3344,ON
760,2026-05-24 22:08:16.602,35.1,11.79,3.139,21019,134.14,65.57,613,1051,1478,3324,ON
761,2026-05-24 22:08:17.102,35.1,11.81,3.150,21052,134.05,65.66,614,1054,1482,3357,ON
762,2026-05-24 22:08:17.602,35.1,11.81,3.148,21093,133.97,65.74,614,1056,1484,3335,ON
763,2026-05-24 22:08:18.102,35.1,11.82,3.144,21137,133.88,65.83,614,1053,1480,3368,ON
764,2026-05-24 22:08:18.602,35.1,11.83,3.150,21172,133.80,65.91,614,1054,1480,3330,ON
765,2026-05-24 22:08:19.102,35.1,11.83,3.158,21197,133.71,66.00,613,1053,1479,3337,ON
766,2026-05-24 22:08:19.602,35.2,11.82,3.147,21222,133.62,66.09,614,1054,1479,3342,ON
767,2026-05-24 22:08:20.102,35.2,11.82,3.136,21251,133.54,66.17,614,1054,1478,3368,ON
768,2026-05-24 22:08:20.602,35.1,11.82,3.144,21284,133.45,66.26,614,1053,1477,3348,ON
769,2026-05-24 22:08:21.102,35.1,11.80,3.158,21322,133.36,66.35,613,1053,1477,3334,ON
770,2026-05-24 22:08:21.602,35.1,11.79,3.150,21357,133.26,66.45,614,1054,1478,3353,ON
771,2026-05-24 22:08:22.102,35.1,11.80,3.146,21396,133.17,66.54,614,1055,1480,3360,ON
772,2026-05-24 22:08:22.602,35.2,11.80,3.134,21438,133.08,66.63,615,1057,1481,3371,ON
773,2026-05-24 22:08:23.102,35.2,11.81,3.154,21479,133.00,66.71,616,1058,1481,3343,ON
774,2026-05-24 22:08:23.602,35.2,11.81,3.154,21514,132.91,66.80,615,1057,1480,3333,ON
775,2026-05-24 22:08:24.102,35.2,11.81,3.148,21544,132.82,66.89,618,1061,1484,3374,ON
776,2026-05-24 22:08:24.602,35.2,11.81,3.144,21579,132.73,66.97,619,1063,1486,3379,ON
777,2026-05-24 22:08:25.102,35.1,11.82,3.148,21609,132.65,67.06,618,1062,1485,3347,ON
778,2026-05-24 22:08:25.602,35.1,11.81,3.156,21643,132.57,67.14,617,1060,1482,3354,ON
779,2026-05-24 22:08:26.102,35.1,11.81,3.147,21678,132.48,67.23,618,1062,1483,3367,ON
780,2026-05-24 22:08:26.602,35.1,11.82,3.133,21707,132.39,67.32,619,1063,1484,3386,ON
781,2026-05-24 22:08:27.102,35.2,11.84,3.137,21739,132.30,67.41,619,1064,1484,3374,ON
782,2026-05-24 22:08:27.602,35.2,11.84,3.140,21767,132.21,67.50,619,1063,1482,3351,ON
783,2026-05-24 22:08:28.102,35.1,11.85,3.153,21807,132.13,67.58,618,1062,1480,3360,ON
784,2026-05-24 22:08:28.602,35.1,11.85,3.148,21863,132.04,67.67,619,1063,1481,3365,ON
785,2026-05-24 22:08:29.102,35.1,11.84,3.143,21918,131.96,67.75,619,1064,1482,3382,ON
786,2026-05-24 22:08:29.602,35.1,11.83,3.131,21959,131.88,67.83,620,1066,1484,3378,ON
787,2026-05-24 22:08:30.102,35.1,11.87,3.147,21999,131.78,67.93,621,1067,1485,3357,ON
788,2026-05-24 22:08:30.602,35.1,11.85,3.144,22041,131.70,68.01,622,1070,1487,3385,ON
789,2026-05-24 22:08:31.102,35.1,11.85,3.139,22084,131.61,68.10,622,1070,1489,3390,ON
790,2026-05-24 22:08:31.602,35.2,11.86,3.135,22118,131.52,68.19,622,1071,1491,3396,ON
791,2026-05-24 22:08:32.102,35.2,11.87,3.125,22142,131.44,68.27,623,1072,1490,3390,ON
792,2026-05-24 22:08:32.602,35.1,11.90,3.133,22165,131.36,68.35,622,1071,1487,3376,ON
793,2026-05-24 22:08:33.102,35.1,11.91,3.129,22183,131.26,68.45,621,1070,1486,3380,ON
794,2026-05-24 22:08:33.602,35.1,11.92,3.137,22213,131.18,68.53,622,1071,1488,3388,ON
795,2026-05-24 22:08:34.102,35.1,11.91,3.131,22247,131.09,68.62,623,1073,1490,3396,ON
796,2026-05-24 22:08:34.602,35.2,11.92,3.121,22278,131.01,68.70,623,1074,1491,3413,ON
797,2026-05-24 22:08:35.102,35.2,11.92,3.136,22322,130.92,68.79,624,1075,1490,3388,ON
798,2026-05-24 22:08:35.602,35.1,11.91,3.132,22359,130.83,68.88,624,1074,1489,3367,ON
799,2026-05-24 22:08:36.102,35.1,11.90,3.135,22392,130.75,68.96,624,1074,1487,3384,ON
800,2026-05-24 22:08:36.602,35.1,11.90,3.125,22413,130.66,69.05,624,1074,1486,3400,ON
801,2026-05-24 22:08:37.102,35.1,11.92,3.119,22431,130.58,69.13,625,1076,1487,3417,ON
802,2026-05-24 22:08:37.602,35.1,11.93,3.128,22457,130.49,69.22,626,1078,1491,3394,ON
803,2026-05-24 22:08:38.102,35.1,11.93,3.120,22493,130.40,69.31,626,1079,1492,3401,ON
804,2026-05-24 22:08:38.602,35.1,11.92,3.141,22534,130.32,69.39,627,1081,1493,3430,ON
805,2026-05-24 22:08:39.102,35.1,11.91,3.136,22568,130.23,69.48,628,1083,1495,3418,ON
806,2026-05-24 22:08:39.602,35.1,11.92,3.131,22604,130.15,69.56,627,1081,1493,3393,ON
807,2026-05-24 22:08:40.102,35.1,11.92,3.138,22641,130.06,69.65,625,1079,1491,3379,ON
808,2026-05-24 22:08:40.602,35.1,11.92,3.129,22676,129.98,69.73,626,1079,1489,3388,ON
809,2026-05-24 22:08:41.102,35.1,11.93,3.129,22713,129.89,69.82,625,1078,1486,3416,ON
810,2026-05-24 22:08:41.602,35.1,11.93,3.133,22748,129.80,69.91,626,1080,1488,3421,ON
811,2026-05-24 22:08:42.102,35.1,11.92,3.129,22777,129.72,69.99,627,1082,1490,3409,ON
812,2026-05-24 22:08:42.602,35.1,11.93,3.127,22815,129.63,70.08,627,1082,1489,3395,ON
813,2026-05-24 22:08:43.102,35.1,11.94,3.132,22855,129.53,70.18,626,1082,1488,3415,ON
814,2026-05-24 22:08:43.602,35.1,11.93,3.135,22886,129.44,70.27,627,1084,1491,3415,ON
815,2026-05-24 22:08:44.102,35.1,11.92,3.128,22921,129.36,70.35,627,1084,1491,3411,ON
816,2026-05-24 22:08:44.602,35.2,11.93,3.123,22955,129.27,70.44,628,1085,1492,3399,ON
817,2026-05-24 22:08:45.102,35.1,11.94,3.135,22992,129.18,70.53,629,1087,1493,3409,ON
818,2026-05-24 22:08:45.602,35.1,11.95,3.115,23040,129.09,70.62,628,1086,1491,3425,ON
819,2026-05-24 22:08:46.102,35.1,11.96,3.121,23092,129.01,70.70,629,1087,1492,3446,ON
820,2026-05-24 22:08:46.602,35.2,11.96,3.123,23136,128.92,70.79,629,1087,1492,3419,ON
821,2026-05-24 22:08:47.102,35.2,11.97,3.123,23171,128.83,70.88,629,1089,1493,3411,ON
822,2026-05-24 22:08:47.602,35.1,11.97,3.123,23213,128.75,70.96,630,1089,1492,3400,ON
823,2026-05-24 22:08:48.102,35.1,11.96,3.126,23252,128.66,71.05,629,1089,1491,3442,ON
824,2026-05-24 22:08:48.602,35.1,11.97,3.117,23291,128.57,71.14,630,1091,1494,3436,ON
825,2026-05-24 22:08:49.102,35.1,11.98,3.123,23328,128.49,71.22,631,1092,1496,3448,ON
826,2026-05-24 22:08:49.602,35.1,11.98,3.124,23364,128.40,71.31,633,1095,1498,3398,ON
827,2026-05-24 22:08:50.102,35.1,11.97,3.116,23403,128.31,71.40,632,1094,1496,3417,ON
828,2026-05-24 22:08:50.602,35.1,11.97,3.111,23440,128.22,71.49,632,1095,1496,3427,ON
829,2026-05-24 22:08:51.102,35.1,11.98,3.127,23482,128.14,71.57,631,1094,1496,3432,ON
830,2026-05-24 22:08:51.602,35.1,11.99,3.122,23525,128.05,71.66,632,1094,1495,3433,ON
831,2026-05-24 22:08:52.102,35.1,11.99,3.120,23568,127.97,71.74,633,1096,1495,3406,ON
832,2026-05-24 22:08:52.602,35.1,11.99,3.123,23608,127.88,71.83,633,1096,1494,3415,ON
833,2026-05-24 22:08:53.102,35.1,11.97,3.131,23650,127.80,71.91,632,1096,1494,3432,ON
834,2026-05-24 22:08:53.602,35.1,11.96,3.125,23686,127.71,72.00,633,1097,1494,3447,ON
835,2026-05-24 22:08:54.102,35.1,11.96,3.132,23723,127.62,72.09,634,1098,1496,3443,ON
836,2026-05-24 22:08:54.602,35.1,11.96,3.129,23763,127.54,72.17,634,1100,1496,3446,ON
837,2026-05-24 22:08:55.102,35.1,11.95,3.115,23804,127.45,72.26,634,1100,1496,3420,ON
838,2026-05-24 22:08:55.602,35.1,11.97,3.116,23834,127.36,72.35,635,1101,1496,3459,ON
839,2026-05-24 22:08:56.102,35.1,11.98,3.128,23868,127.28,72.43,636,1102,1497,3456,ON
840,2026-05-24 22:08:56.602,35.1,11.98,3.120,23906,127.19,72.52,636,1105,1498,3432,ON
841,2026-05-24 22:08:57.102,35.2,11.99,3.118,23955,127.10,72.61,635,1105,1498,3435,ON
842,2026-05-24 22:08:57.602,35.2,11.99,3.137,24007,127.02,72.69,635,1104,1498,3449,ON
843,2026-05-24 22:08:58.102,35.1,11.98,3.125,24050,126.93,72.78,636,1105,1498,3449,ON
844,2026-05-24 22:08:58.602,35.1,11.98,3.112,24097,126.85,72.86,636,1105,1497,3466,ON
845,2026-05-24 22:08:59.102,35.1,11.97,3.129,24140,126.76,72.95,635,1104,1497,3436,ON
846,2026-05-24 22:08:59.602,35.1,11.96,3.120,24174,126.67,73.04,635,1103,1501,3438,ON
847,2026-05-24 22:09:00.102,35.1,11.96,3.125,24209,126.58,73.13,636,1106,1500,3440,ON
848,2026-05-24 22:09:00.602,35.1,11.96,3.108,24245,126.50,73.21,636,1105,1504,3472,ON
849,2026-05-24 22:09:01.102,35.1,11.99,3.105,24282,126.42,73.29,637,1108,1504,3468,ON
850,2026-05-24 22:09:01.602,35.1,12.01,3.104,24322,126.33,73.38,637,1108,1504,3460,ON
851,2026-05-24 22:09:02.102,35.1,12.03,3.116,24368,126.24,73.47,638,1109,1502,3466,ON
852,2026-05-24 22:09:02.602,35.1,12.02,3.120,24418,126.15,73.56,639,1111,1502,3460,ON
853,2026-05-24 22:09:03.102,35.1,12.01,3.121,24467,126.07,73.64,639,1112,1501,3461,ON
854,2026-05-24 22:09:03.602,35.1,12.00,3.119,24508,125.98,73.73,639,1113,1500,3459,ON
855,2026-05-24 22:09:04.102,35.1,11.99,3.123,24550,125.90,73.81,639,1113,1501,3472,ON
856,2026-05-24 22:09:04.602,35.1,11.99,3.116,24594,125.81,73.90,638,1112,1499,3443,ON
857,2026-05-24 22:09:05.102,35.1,12.00,3.121,24644,125.72,73.99,638,1112,1498,3455,ON
858,2026-05-24 22:09:05.602,35.1,12.00,3.110,24684,125.62,74.09,639,1114,1499,3462,ON
859,2026-05-24 22:09:06.102,35.1,12.01,3.108,24727,125.53,74.18,640,1116,1501,3485,ON
860,2026-05-24 22:09:06.602,35.1,12.03,3.114,24776,125.44,74.27,641,1118,1503,3497,ON
861,2026-05-24 22:09:07.102,35.1,12.03,3.115,24821,125.37,74.34,642,1120,1504,3453,ON
862,2026-05-24 22:09:07.602,35.1,12.03,3.127,24854,125.27,74.44,641,1118,1501,3453,ON
863,2026-05-24 22:09:08.102,35.1,12.00,3.118,24894,125.19,74.52,642,1120,1503,3480,ON
864,2026-05-24 22:09:08.602,35.1,11.99,3.116,24940,125.10,74.61,643,1122,1505,3490,ON
865,2026-05-24 22:09:09.102,35.1,12.00,3.120,24986,125.02,74.69,644,1124,1507,3494,ON
866,2026-05-24 22:09:09.602,35.1,12.01,3.114,25020,124.93,74.78,644,1125,1508,3453,ON
867,2026-05-24 22:09:10.102,35.1,12.01,3.118,25051,124.83,74.88,645,1126,1508,3486,ON
868,2026-05-24 22:09:10.602,35.1,12.02,3.100,25088,124.75,74.96,644,1126,1507,3507,ON
869,2026-05-24 22:09:11.102,35.1,12.04,3.116,25137,124.66,75.05,645,1128,1508,3500,ON
870,2026-05-24 22:09:11.602,35.1,12.04,3.116,25178,124.58,75.13,645,1127,1507,3477,ON
871,2026-05-24 22:09:12.102,35.1,12.05,3.093,25217,124.50,75.21,644,1126,1505,3479,ON
872,2026-05-24 22:09:12.602,35.1,12.05,3.113,25256,124.41,75.30,646,1129,1508,3520,ON
873,2026-05-24 22:09:13.102,35.1,12.04,3.112,25294,124.32,75.39,647,1132,1511,3521,ON
874,2026-05-24 22:09:13.602,35.1,12.04,3.110,25325,124.23,75.48,647,1132,1510,3517,ON
875,2026-05-24 22:09:14.102,35.1,12.02,3.121,25367,124.14,75.57,648,1133,1510,3482,ON
876,2026-05-24 22:09:14.602,35.1,12.01,3.098,25412,124.06,75.65,647,1133,1509,3504,ON
877,2026-05-24 22:09:15.102,35.1,12.03,3.109,25460,123.97,75.74,648,1133,1509,3514,ON
878,2026-05-24 22:09:15.602,35.1,12.04,3.111,25505,123.89,75.82,648,1135,1509,3531,ON
879,2026-05-24 22:09:16.102,35.1,12.06,3.103,25552,123.80,75.91,647,1133,1507,3494,ON
880,2026-05-24 22:09:16.602,35.1,12.07,3.108,25589,123.71,76.00,646,1132,1506,3489,ON
881,2026-05-24 22:09:17.102,35.1,12.07,3.111,25635,123.63,76.08,648,1135,1508,3511,ON
882,2026-05-24 22:09:17.602,35.1,12.07,3.108,25678,123.54,76.17,648,1137,1509,3533,ON
883,2026-05-24 22:09:18.102,35.1,12.07,3.114,25713,123.45,76.26,650,1139,1511,3540,ON
884,2026-05-24 22:09:18.602,35.1,12.06,3.094,25754,123.37,76.34,648,1138,1508,3507,ON
885,2026-05-24 22:09:19.102,35.1,12.09,3.109,25792,123.28,76.43,648,1138,1508,3499,ON
886,2026-05-24 22:09:19.602,35.1,12.08,3.095,25834,123.19,76.52,649,1140,1509,3517,ON
887,2026-05-24 22:09:20.102,35.1,12.10,3.095,25879,123.11,76.60,650,1141,1510,3547,ON
888,2026-05-24 22:09:20.602,35.1,12.11,3.090,25925,123.01,76.70,649,1141,1511,3528,ON
889,2026-05-24 22:09:21.102,35.1,12.12,3.107,25972,122.93,76.78,649,1141,1510,3512,ON
890,2026-05-24 22:09:21.602,35.1,12.10,3.095,26015,122.85,76.86,650,1143,1511,3528,ON
891,2026-05-24 22:09:22.102,35.1,12.09,3.106,26046,122.76,76.95,651,1145,1512,3527,ON
892,2026-05-24 22:09:22.602,35.1,12.09,3.105,26084,122.67,77.04,651,1146,1511,3521,ON
893,2026-05-24 22:09:23.102,35.1,12.08,3.109,26127,122.59,77.12,651,1146,1511,3523,ON
894,2026-05-24 22:09:23.602,35.1,12.07,3.112,26182,122.49,77.22,652,1147,1513,3507,ON
895,2026-05-24 22:09:24.102,35.1,12.06,3.087,26231,122.41,77.30,653,1150,1515,3540,ON
896,2026-05-24 22:09:24.602,35.1,12.09,3.105,26280,122.32,77.39,654,1151,1515,3557,ON
897,2026-05-24 22:09:25.102,35.1,12.10,3.101,26320,122.24,77.47,655,1154,1519,3527,ON
898,2026-05-24 22:09:25.602,35.1,12.10,3.102,26353,122.15,77.56,654,1153,1517,3513,ON
899,2026-05-24 22:09:26.102,35.1,12.10,3.105,26386,122.07,77.64,654,1154,1517,3540,ON
900,2026-05-24 22:09:26.602,35.1,12.09,3.114,26433,121.98,77.73,654,1154,1515,3544,ON
901,2026-05-24 22:09:27.102,35.1,12.07,3.112,26481,121.89,77.82,654,1154,1514,3549,ON
902,2026-05-24 22:09:27.602,35.1,12.06,3.101,26525,121.80,77.91,653,1154,1514,3538,ON
903,2026-05-24 22:09:28.102,35.1,12.08,3.113,26567,121.72,77.99,653,1154,1514,3530,ON
904,2026-05-24 22:09:28.602,35.1,12.09,3.104,26626,121.63,78.08,654,1155,1513,3552,ON
905,2026-05-24 22:09:29.102,35.1,12.09,3.112,26683,121.54,78.17,654,1157,1514,3552,ON
906,2026-05-24 22:09:29.602,35.1,12.09,3.086,26731,121.46,78.25,655,1158,1516,3531,ON
907,2026-05-24 22:09:30.102,35.1,12.10,3.101,26766,121.35,78.36,656,1157,1513,3527,ON
908,2026-05-24 22:09:30.602,35.1,12.09,3.108,26797,121.27,78.44,657,1160,1514,3554,ON
909,2026-05-24 22:09:31.102,35.1,12.09,3.093,26829,121.18,78.53,659,1163,1518,3574,ON
910,2026-05-24 22:09:31.602,35.1,12.10,3.102,26866,121.09,78.62,660,1163,1517,3586,ON
911,2026-05-24 22:09:32.102,35.1,12.11,3.097,26904,121.00,78.71,659,1164,1519,3569,ON
912,2026-05-24 22:09:32.602,35.1,12.12,3.095,26957,120.93,78.78,658,1167,1520,3566,ON
913,2026-05-24 22:09:33.102,35.1,12.13,3.088,27015,120.83,78.88,659,1168,1521,3572,ON
914,2026-05-24 22:09:33.602,35.1,12.15,3.101,27065,120.75,78.96,660,1170,1522,3563,ON
915,2026-05-24 22:09:34.102,35.1,12.14,3.106,27106,120.66,79.05,659,1169,1520,3579,ON
916,2026-05-24 22:09:34.602,35.1,12.11,3.111,27151,120.57,79.14,659,1169,1519,3579,ON
917,2026-05-24 22:09:35.102,35.1,12.10,3.093,27184,120.48,79.22,660,1171,1520,3559,ON
918,2026-05-24 22:09:35.602,35.1,12.12,3.096,27213,120.40,79.31,659,1170,1518,3590,ON
919,2026-05-24 22:09:36.102,35.1,12.12,3.102,27241,120.32,79.39,661,1173,1520,3588,ON
920,2026-05-24 22:09:36.602,35.1,12.12,3.116,27279,120.23,79.48,662,1175,1520,3576,ON
921,2026-05-24 22:09:37.102,35.1,12.11,3.101,27322,120.15,79.56,661,1174,1519,3591,ON
922,2026-05-24 22:09:37.602,35.1,12.11,3.110,27369,120.05,79.66,661,1175,1521,3589,ON
923,2026-05-24 22:09:38.102,35.1,12.10,3.101,27424,119.97,79.74,662,1176,1520,3573,ON
924,2026-05-24 22:09:38.602,35.1,12.11,3.093,27486,119.87,79.84,662,1178,1522,3599,ON
925,2026-05-24 22:09:39.102,35.1,12.11,3.112,27542,119.79,79.92,663,1180,1525,3608,ON
926,2026-05-24 22:09:39.602,35.1,12.11,3.095,27575,119.71,80.00,663,1180,1523,3592,ON
927,2026-05-24 22:09:40.102,35.1,12.13,3.098,27612,119.62,80.09,663,1181,1524,3562,ON
928,2026-05-24 22:09:40.602,35.1,12.13,3.089,27645,119.53,80.18,663,1181,1522,3567,ON
929,2026-05-24 22:09:41.102,35.1,12.15,3.085,27676,119.44,80.27,664,1183,1524,3592,ON
930,2026-05-24 22:09:41.602,35.1,12.18,3.083,27709,119.36,80.35,664,1183,1523,3606,ON
931,2026-05-24 22:09:42.102,35.1,12.17,3.098,27751,119.27,80.44,665,1185,1525,3603,ON
932,2026-05-24 22:09:42.602,35.1,12.17,3.086,27789,119.18,80.53,665,1187,1526,3603,ON
933,2026-05-24 22:09:43.102,35.1,12.16,3.096,27826,119.10,80.61,665,1187,1525,3591,ON
934,2026-05-24 22:09:43.602,35.1,12.16,3.097,27865,119.01,80.70,665,1188,1525,3620,ON
935,2026-05-24 22:09:44.102,35.1,12.15,3.100,27901,118.92,80.78,666,1190,1528,3633,ON
936,2026-05-24 22:09:44.602,35.1,12.13,3.094,27941,118.84,80.87,666,1192,1528,3621,ON
937,2026-05-24 22:09:45.102,35.1,12.14,3.090,27971,118.75,80.96,667,1194,1528,3601,ON
938,2026-05-24 22:09:45.602,35.1,12.15,3.099,28011,118.66,81.05,666,1194,1527,3590,ON
939,2026-05-24 22:09:46.102,35.1,12.15,3.086,28057,118.58,81.13,667,1194,1527,3636,ON
940,2026-05-24 22:09:46.602,35.1,12.16,3.099,28106,118.49,81.22,668,1197,1530,3639,ON
941,2026-05-24 22:09:47.102,35.1,12.16,3.096,28168,118.41,81.30,667,1197,1528,3612,ON
942,2026-05-24 22:09:47.602,35.1,12.15,3.107,28222,118.32,81.39,667,1197,1527,3597,ON
943,2026-05-24 22:09:48.102,35.1,12.16,3.089,28265,118.22,81.49,668,1200,1528,3634,ON
944,2026-05-24 22:09:48.602,35.1,12.15,3.098,28302,118.15,81.56,668,1201,1530,3638,ON
945,2026-05-24 22:09:49.102,35.1,12.15,3.092,28335,118.05,81.66,669,1203,1531,3652,ON
946,2026-05-24 22:09:49.602,35.1,12.16,3.106,28361,117.97,81.74,669,1205,1533,3636,ON
947,2026-05-24 22:09:50.102,35.1,12.19,3.078,28399,117.89,81.82,669,1207,1533,3634,ON
948,2026-05-24 22:09:50.602,35.1,12.20,3.100,28438,117.80,81.91,672,1212,1536,3659,ON
949,2026-05-24 22:09:51.102,35.1,12.17,3.080,28480,117.71,82.00,673,1215,1537,3675,ON
950,2026-05-24 22:09:51.602,35.1,12.18,3.087,28519,117.62,82.09,673,1215,1535,3655,ON
951,2026-05-24 22:09:52.102,35.1,12.16,3.106,28561,117.54,82.17,673,1217,1536,3641,ON
952,2026-05-24 22:09:52.602,35.0,12.13,3.096,28608,117.45,82.26,673,1216,1535,3642,ON
953,2026-05-24 22:09:53.102,35.0,12.14,3.086,28641,117.37,82.34,674,1219,1537,3668,ON
954,2026-05-24 22:09:53.602,35.0,12.14,3.103,28673,117.28,82.43,675,1221,1538,3666,ON
955,2026-05-24 22:09:54.102,35.1,12.13,3.103,28720,117.19,82.52,673,1218,1534,3647,ON
956,2026-05-24 22:09:54.602,35.1,12.13,3.090,28764,117.11,82.60,673,1218,1534,3656,ON
957,2026-05-24 22:09:55.102,35.1,12.14,3.088,28817,117.01,82.70,674,1220,1536,3650,ON
958,2026-05-24 22:09:55.602,35.1,12.16,3.097,28863,116.93,82.78,676,1222,1538,3673,ON
959,2026-05-24 22:09:56.102,35.1,12.16,3.108,28913,116.83,82.88,676,1224,1539,3677,ON
960,2026-05-24 22:09:56.602,35.1,12.13,3.086,28960,116.74,82.97,676,1223,1538,3668,ON
961,2026-05-24 22:09:57.102,35.0,12.14,3.088,29000,116.66,83.05,677,1223,1537,3642,ON
962,2026-05-24 22:09:57.602,35.0,12.15,3.098,29038,116.56,83.15,676,1223,1537,3667,ON
963,2026-05-24 22:09:58.102,35.0,12.15,3.094,29069,116.49,83.22,678,1225,1541,3684,ON
964,2026-05-24 22:09:58.602,35.0,12.14,3.099,29112,116.39,83.32,678,1226,1541,3674,ON
965,2026-05-24 22:09:59.102,35.0,12.14,3.103,29155,116.30,83.40,677,1224,1538,3661,ON
966,2026-05-24 22:09:59.602,35.0,12.12,3.100,29203,116.22,83.49,676,1223,1537,3665,ON
967,2026-05-24 22:10:00.102,35.0,12.12,3.096,29255,116.13,83.58,677,1224,1539,3673,ON
968,2026-05-24 22:10:00.602,35.0,12.13,3.100,29307,116.05,83.66,678,1225,1540,3697,ON
969,2026-05-24 22:10:01.102,35.0,12.13,3.096,29354,115.96,83.75,679,1227,1543,3694,ON
970,2026-05-24 22:10:01.602,35.0,12.13,3.100,29393,115.87,83.84,679,1227,1542,3681,ON
971,2026-05-24 22:10:02.102,35.0,12.14,3.087,29427,115.79,83.92,680,1227,1542,3661,ON
972,2026-05-24 22:10:02.602,35.0,12.15,3.082,29460,115.70,84.01,679,1226,1541,3672,ON
973,2026-05-24 22:10:03.102,35.0,12.17,3.086,29484,115.62,84.09,680,1228,1541,3685,ON
974,2026-05-24 22:10:03.602,35.0,12.16,3.096,29511,115.52,84.19,680,1230,1542,3704,ON
975,2026-05-24 22:10:04.102,35.0,12.16,3.094,29545,115.44,84.27,681,1231,1543,3681,ON
976,2026-05-24 22:10:04.602,35.0,12.16,3.082,29578,115.36,84.35,680,1231,1542,3668,ON
977,2026-05-24 22:10:05.102,35.0,12.17,3.086,29609,115.26,84.45,681,1233,1543,3687,ON
978,2026-05-24 22:10:05.602,35.0,12.18,3.083,29651,115.18,84.53,682,1234,1544,3724,ON
979,2026-05-24 22:10:06.102,35.0,12.20,3.086,29690,115.09,84.62,683,1238,1547,3719,ON
980,2026-05-24 22:10:06.602,35.0,12.20,3.081,29728,115.00,84.71,683,1239,1547,3696,ON
981,2026-05-24 22:10:07.102,35.0,12.20,3.092,29763,114.91,84.80,682,1239,1547,3690,ON
982,2026-05-24 22:10:07.602,35.0,12.19,3.092,29799,114.83,84.88,683,1240,1547,3700,ON
983,2026-05-24 22:10:08.102,35.0,12.18,3.097,29829,114.74,84.97,683,1240,1545,3724,ON
984,2026-05-24 22:10:08.602,35.0,12.17,3.084,29871,114.65,85.06,683,1242,1547,3719,ON
985,2026-05-24 22:10:09.102,35.0,12.17,3.089,29913,114.56,85.15,685,1245,1549,3712,ON
986,2026-05-24 22:10:09.602,35.0,12.18,3.096,29962,114.47,85.24,685,1246,1549,3705,ON
987,2026-05-24 22:10:10.102,35.0,12.17,3.093,30017,114.39,85.32,686,1249,1551,3734,ON
988,2026-05-24 22:10:10.602,35.0,12.17,3.072,30067,114.30,85.41,687,1251,1552,3730,ON
989,2026-05-24 22:10:11.102,35.0,12.18,3.093,30112,114.22,85.49,686,1249,1549,3714,ON
